49 9 6

0.11777673442106095791359621216543 0.18156260143478286650520203693304 0.42566991168029633119118670947501 0.77357589885338662316627278414671 1.2209859280359498523438332995283 0.14386380085703498465932170802262 1.8994490189407622349193616173579 0.11777673442106095791359621216543 0.18156260143478286650520203693304 0.42566991168029633119118670947501 0.77357589885338662316627278414671 1.2209859280359498523438332995283 0.14386380085703498465932170802262 1.8994490189407622349193616173579 0.11777673442106095791359621216543 0.18156260143478286650520203693304 0.42566991168029633119118670947501 0.77357589885338662316627278414671 1.2209859280359498523438332995283 0.14386380085703498465932170802262 1.8994490189407622349193616173579 0.11777673442106095791359621216543 0.18156260143478286650520203693304 0.42566991168029633119118670947501 0.77357589885338662316627278414671 1.2209859280359498523438332995283 0.14386380085703498465932170802262 1.8994490189407622349193616173579 0.11777673442106095791359621216543 0.18156260143478286650520203693304 0.42566991168029633119118670947501 0.77357589885338662316627278414671 1.2209859280359498523438332995283 0.14386380085703498465932170802262 1.8994490189407622349193616173579 0.11777673442106095791359621216543 0.18156260143478286650520203693304 0.42566991168029633119118670947501 0.77357589885338662316627278414671 1.2209859280359498523438332995283 0.14386380085703498465932170802262 1.8994490189407622349193616173579 0.11777673442106095791359621216543 0.18156260143478286650520203693304 0.42566991168029633119118670947501 0.77357589885338662316627278414671 1.2209859280359498523438332995283 0.14386380085703498465932170802262 1.8994490189407622349193616173579 

1.7220471193076827276513540709857 3.5988198177705834623907321656588 2.8480694217133168955058408755576 -7.9976890211765514493436057819054 6.4590708868157022948253143113106 10.155067180214441435737171559595 14.166648549216370511771856399719 1.7220471193076827276513540709857 3.5988198177705834623907321656588 2.8480694217133168955058408755576 -7.9976890211765514493436057819054 6.4590708868157022948253143113106 10.155067180214441435737171559595 14.166648549216370511771856399719 1.7220471193076827276513540709857 3.5988198177705834623907321656588 2.8480694217133168955058408755576 -7.9976890211765514493436057819054 6.4590708868157022948253143113106 10.155067180214441435737171559595 14.166648549216370511771856399719 1.7220471193076827276513540709857 3.5988198177705834623907321656588 2.8480694217133168955058408755576 -7.9976890211765514493436057819054 6.4590708868157022948253143113106 10.155067180214441435737171559595 14.166648549216370511771856399719 1.7220471193076827276513540709857 3.5988198177705834623907321656588 2.8480694217133168955058408755576 -7.9976890211765514493436057819054 6.4590708868157022948253143113106 10.155067180214441435737171559595 14.166648549216370511771856399719 1.7220471193076827276513540709857 3.5988198177705834623907321656588 2.8480694217133168955058408755576 -7.9976890211765514493436057819054 6.4590708868157022948253143113106 10.155067180214441435737171559595 14.166648549216370511771856399719 1.7220471193076827276513540709857 3.5988198177705834623907321656588 2.8480694217133168955058408755576 -7.9976890211765514493436057819054 6.4590708868157022948253143113106 10.155067180214441435737171559595 14.166648549216370511771856399719 

1 1 1 1 1 1 1 1 1 1 1 1 1 1 1 1 1 1 1 1 1 1 1 1 1 1 1 1 1 1 1 1 1 1 1 1 1 1 1 1 1 1 1 1 1 1 1 1 1 

-1.7220471193076827276513540709857 -3.5988198177705834623907321656588 -2.8480694217133168955058408755576 7.9976890211765514493436057819054 -6.4590708868157022948253143113106 -10.155067180214441435737171559595 -14.166648549216370511771856399719 -1.7220471193076827276513540709857 -3.5988198177705834623907321656588 -2.8480694217133168955058408755576 7.9976890211765514493436057819054 -6.4590708868157022948253143113106 -10.155067180214441435737171559595 -14.166648549216370511771856399719 -1.7220471193076827276513540709857 -3.5988198177705834623907321656588 -2.8480694217133168955058408755576 7.9976890211765514493436057819054 -6.4590708868157022948253143113106 -10.155067180214441435737171559595 -14.166648549216370511771856399719 -1.7220471193076827276513540709857 -3.5988198177705834623907321656588 -2.8480694217133168955058408755576 7.9976890211765514493436057819054 -6.4590708868157022948253143113106 -10.155067180214441435737171559595 -14.166648549216370511771856399719 -1.7220471193076827276513540709857 -3.5988198177705834623907321656588 -2.8480694217133168955058408755576 7.9976890211765514493436057819054 -6.4590708868157022948253143113106 -10.155067180214441435737171559595 -14.166648549216370511771856399719 -1.7220471193076827276513540709857 -3.5988198177705834623907321656588 -2.8480694217133168955058408755576 7.9976890211765514493436057819054 -6.4590708868157022948253143113106 -10.155067180214441435737171559595 -14.166648549216370511771856399719 -1.7220471193076827276513540709857 -3.5988198177705834623907321656588 -2.8480694217133168955058408755576 7.9976890211765514493436057819054 -6.4590708868157022948253143113106 -10.155067180214441435737171559595 -14.166648549216370511771856399719 

2  1 9.6270167461388158613999621593393  3 -10.827024240914303376825955638196  
2  2 7.7148728160559993938250045175664  1 -11.712058043564438136741046037059  
2  3 11.338663270204520472361764404923  2 -14.756664911198665635083671077155  
5  4 4.1023884270458559342387161450461  2 4.4791019668230251937757202540524  6 -2.0358637904997505252424616628559  7 -7.3096831518767171331774079590105  14 -7.4542223575337702712317877740134  
2  5 -0.39759123178044797342067795398179  1 1.8093700835925039527296576125082  
2  6 -4.2703541933700766008996652089991  5 -5.1318050878549854587618028745055  
2  7 -4.026855226337382021029043244198  5 0.8801744595726488373799156761379  
2  8 9.6270167461388158613999621593393  10 -10.827024240914303376825955638196  
2  9 7.7148728160559993938250045175664  8 -11.712058043564438136741046037059  
2  10 11.338663270204520472361764404923  9 -14.756664911198665635083671077155  
6  3 -0.034924547100549763190002749979612  11 4.1023884270458559342387161450461  9 4.4791019668230251937757202540524  13 -2.0358637904997505252424616628559  14 -7.3096831518767171331774079590105  21 -7.4542223575337702712317877740134  
2  12 -0.39759123178044797342067795398179  8 1.8093700835925039527296576125082  
2  13 -4.2703541933700766008996652089991  12 -5.1318050878549854587618028745055  
2  14 -4.026855226337382021029043244198  12 0.8801744595726488373799156761379  
2  15 9.6270167461388158613999621593393  17 -10.827024240914303376825955638196  
2  16 7.7148728160559993938250045175664  15 -11.712058043564438136741046037059  
2  17 11.338663270204520472361764404923  16 -14.756664911198665635083671077155  
6  10 -0.034924547100549763190002749979612  18 4.1023884270458559342387161450461  16 4.4791019668230251937757202540524  20 -2.0358637904997505252424616628559  21 -7.3096831518767171331774079590105  28 -7.4542223575337702712317877740134  
2  19 -0.39759123178044797342067795398179  15 1.8093700835925039527296576125082  
2  20 -4.2703541933700766008996652089991  19 -5.1318050878549854587618028745055  
2  21 -4.026855226337382021029043244198  19 0.8801744595726488373799156761379  
2  22 9.6270167461388158613999621593393  24 -10.827024240914303376825955638196  
2  23 7.7148728160559993938250045175664  22 -11.712058043564438136741046037059  
2  24 11.338663270204520472361764404923  23 -14.756664911198665635083671077155  
6  17 -0.034924547100549763190002749979612  25 4.1023884270458559342387161450461  23 4.4791019668230251937757202540524  27 -2.0358637904997505252424616628559  28 -7.3096831518767171331774079590105  35 -7.4542223575337702712317877740134  
2  26 -0.39759123178044797342067795398179  22 1.8093700835925039527296576125082  
2  27 -4.2703541933700766008996652089991  26 -5.1318050878549854587618028745055  
2  28 -4.026855226337382021029043244198  26 0.8801744595726488373799156761379  
2  29 9.6270167461388158613999621593393  31 -10.827024240914303376825955638196  
2  30 7.7148728160559993938250045175664  29 -11.712058043564438136741046037059  
2  31 11.338663270204520472361764404923  30 -14.756664911198665635083671077155  
6  24 -0.034924547100549763190002749979612  32 4.1023884270458559342387161450461  30 4.4791019668230251937757202540524  34 -2.0358637904997505252424616628559  35 -7.3096831518767171331774079590105  42 -7.4542223575337702712317877740134  
2  33 -0.39759123178044797342067795398179  29 1.8093700835925039527296576125082  
2  34 -4.2703541933700766008996652089991  33 -5.1318050878549854587618028745055  
2  35 -4.026855226337382021029043244198  33 0.8801744595726488373799156761379  
2  36 9.6270167461388158613999621593393  38 -10.827024240914303376825955638196  
2  37 7.7148728160559993938250045175664  36 -11.712058043564438136741046037059  
2  38 11.338663270204520472361764404923  37 -14.756664911198665635083671077155  
6  31 -0.034924547100549763190002749979612  39 4.1023884270458559342387161450461  37 4.4791019668230251937757202540524  41 -2.0358637904997505252424616628559  42 -7.3096831518767171331774079590105  49 -7.4542223575337702712317877740134  
2  40 -0.39759123178044797342067795398179  36 1.8093700835925039527296576125082  
2  41 -4.2703541933700766008996652089991  40 -5.1318050878549854587618028745055  
2  42 -4.026855226337382021029043244198  40 0.8801744595726488373799156761379  
2  43 9.6270167461388158613999621593393  45 -10.827024240914303376825955638196  
2  44 7.7148728160559993938250045175664  43 -11.712058043564438136741046037059  
2  45 11.338663270204520472361764404923  44 -14.756664911198665635083671077155  
5  38 -0.034924547100549763190002749979612  46 4.1023884270458559342387161450461  44 4.4791019668230251937757202540524  48 -2.0358637904997505252424616628559  49 -7.3096831518767171331774079590105  
2  47 -0.39759123178044797342067795398179  43 1.8093700835925039527296576125082  
2  48 -4.2703541933700766008996652089991  47 -5.1318050878549854587618028745055  
2  49 -4.026855226337382021029043244198  47 0.8801744595726488373799156761379  

1  14 0.076944257465846765953187968989369  
1  8 1.6978810282827301314512169483351  
0  
1  5 0.62045071680825247817381296044914  
1  4 0.62045071680825247817381296044914  
1  10 0.84313639614759749996153459505877  
0  
2  2 1.6978810282827301314512169483351  21 0.076944257465846765953187968989369  
1  15 1.6978810282827301314512169483351  
1  6 0.84313639614759749996153459505877  
1  12 0.62045071680825247817381296044914  
1  11 0.62045071680825247817381296044914  
1  17 0.84313639614759749996153459505877  
1  1 0.076944257465846765953187968989369  
2  9 1.6978810282827301314512169483351  28 0.076944257465846765953187968989369  
1  22 1.6978810282827301314512169483351  
1  13 0.84313639614759749996153459505877  
1  19 0.62045071680825247817381296044914  
1  18 0.62045071680825247817381296044914  
1  24 0.84313639614759749996153459505877  
1  8 0.076944257465846765953187968989369  
2  16 1.6978810282827301314512169483351  35 0.076944257465846765953187968989369  
1  29 1.6978810282827301314512169483351  
1  20 0.84313639614759749996153459505877  
1  26 0.62045071680825247817381296044914  
1  25 0.62045071680825247817381296044914  
1  31 0.84313639614759749996153459505877  
1  15 0.076944257465846765953187968989369  
2  23 1.6978810282827301314512169483351  42 0.076944257465846765953187968989369  
1  36 1.6978810282827301314512169483351  
1  27 0.84313639614759749996153459505877  
1  33 0.62045071680825247817381296044914  
1  32 0.62045071680825247817381296044914  
1  38 0.84313639614759749996153459505877  
1  22 0.076944257465846765953187968989369  
2  30 1.6978810282827301314512169483351  49 0.076944257465846765953187968989369  
1  43 1.6978810282827301314512169483351  
1  34 0.84313639614759749996153459505877  
1  40 0.62045071680825247817381296044914  
1  39 0.62045071680825247817381296044914  
1  45 0.84313639614759749996153459505877  
1  29 0.076944257465846765953187968989369  
1  37 1.6978810282827301314512169483351  
0  
1  41 0.84313639614759749996153459505877  
1  47 0.62045071680825247817381296044914  
1  46 0.62045071680825247817381296044914  
0  
1  36 0.076944257465846765953187968989369  
