49 9 6

1.6363749165096357351956157799577 0.10000000000000008881784197001252 0.58386798600162548300573917003931 0.22807409378327969662336727196816 0.21937451732130108794649459014181 0.71481545722596018244132665131474 1.1387638682455689664863029975095 1.6363749165096357351956157799577 0.10000000000000008881784197001252 0.58386798600162548300573917003931 0.22807409378327969662336727196816 0.21937451732130108794649459014181 0.71481545722596018244132665131474 1.1387638682455689664863029975095 1.6363749165096357351956157799577 0.10000000000000008881784197001252 0.58386798600162548300573917003931 0.22807409378327969662336727196816 0.21937451732130108794649459014181 0.71481545722596018244132665131474 1.1387638682455689664863029975095 1.6363749165096357351956157799577 0.10000000000000008881784197001252 0.58386798600162548300573917003931 0.22807409378327969662336727196816 0.21937451732130108794649459014181 0.71481545722596018244132665131474 1.1387638682455689664863029975095 1.6363749165096357351956157799577 0.10000000000000008881784197001252 0.58386798600162548300573917003931 0.22807409378327969662336727196816 0.21937451732130108794649459014181 0.71481545722596018244132665131474 1.1387638682455689664863029975095 1.6363749165096357351956157799577 0.10000000000000008881784197001252 0.58386798600162548300573917003931 0.22807409378327969662336727196816 0.21937451732130108794649459014181 0.71481545722596018244132665131474 1.1387638682455689664863029975095 1.6363749165096357351956157799577 0.10000000000000008881784197001252 0.58386798600162548300573917003931 0.22807409378327969662336727196816 0.21937451732130108794649459014181 0.71481545722596018244132665131474 1.1387638682455689664863029975095 

-5.9972436042858667804011929547414 -7.8543625606006877148956846212968 3.6050781827911948518305962352315 -9.9491211455128567564543118351139 1.187124486599545836185143343755 7.9252389238350380296083130815532 -7.986994738249499015125820733374 -5.9972436042858667804011929547414 -7.8543625606006877148956846212968 3.6050781827911948518305962352315 -9.9491211455128567564543118351139 1.187124486599545836185143343755 7.9252389238350380296083130815532 -7.986994738249499015125820733374 -5.9972436042858667804011929547414 -7.8543625606006877148956846212968 3.6050781827911948518305962352315 -9.9491211455128567564543118351139 1.187124486599545836185143343755 7.9252389238350380296083130815532 -7.986994738249499015125820733374 -5.9972436042858667804011929547414 -7.8543625606006877148956846212968 3.6050781827911948518305962352315 -9.9491211455128567564543118351139 1.187124486599545836185143343755 7.9252389238350380296083130815532 -7.986994738249499015125820733374 -5.9972436042858667804011929547414 -7.8543625606006877148956846212968 3.6050781827911948518305962352315 -9.9491211455128567564543118351139 1.187124486599545836185143343755 7.9252389238350380296083130815532 -7.986994738249499015125820733374 -5.9972436042858667804011929547414 -7.8543625606006877148956846212968 3.6050781827911948518305962352315 -9.9491211455128567564543118351139 1.187124486599545836185143343755 7.9252389238350380296083130815532 -7.986994738249499015125820733374 -5.9972436042858667804011929547414 -7.8543625606006877148956846212968 3.6050781827911948518305962352315 -9.9491211455128567564543118351139 1.187124486599545836185143343755 7.9252389238350380296083130815532 -7.986994738249499015125820733374 

1 1 1 1 1 1 1 1 1 1 1 1 1 1 1 1 1 1 1 1 1 1 1 1 1 1 1 1 1 1 1 1 1 1 1 1 1 1 1 1 1 1 1 1 1 1 1 1 1 

5.9972436042858667804011929547414 7.8543625606006877148956846212968 -3.6050781827911948518305962352315 9.9491211455128567564543118351139 -1.187124486599545836185143343755 -7.9252389238350380296083130815532 7.986994738249499015125820733374 5.9972436042858667804011929547414 7.8543625606006877148956846212968 -3.6050781827911948518305962352315 9.9491211455128567564543118351139 -1.187124486599545836185143343755 -7.9252389238350380296083130815532 7.986994738249499015125820733374 5.9972436042858667804011929547414 7.8543625606006877148956846212968 -3.6050781827911948518305962352315 9.9491211455128567564543118351139 -1.187124486599545836185143343755 -7.9252389238350380296083130815532 7.986994738249499015125820733374 5.9972436042858667804011929547414 7.8543625606006877148956846212968 -3.6050781827911948518305962352315 9.9491211455128567564543118351139 -1.187124486599545836185143343755 -7.9252389238350380296083130815532 7.986994738249499015125820733374 5.9972436042858667804011929547414 7.8543625606006877148956846212968 -3.6050781827911948518305962352315 9.9491211455128567564543118351139 -1.187124486599545836185143343755 -7.9252389238350380296083130815532 7.986994738249499015125820733374 5.9972436042858667804011929547414 7.8543625606006877148956846212968 -3.6050781827911948518305962352315 9.9491211455128567564543118351139 -1.187124486599545836185143343755 -7.9252389238350380296083130815532 7.986994738249499015125820733374 5.9972436042858667804011929547414 7.8543625606006877148956846212968 -3.6050781827911948518305962352315 9.9491211455128567564543118351139 -1.187124486599545836185143343755 -7.9252389238350380296083130815532 7.986994738249499015125820733374 

2  1 3.5979102911446516621651880996069  3 14.282365389702254887538401817437  
2  2 6.3382744843370311116359516745433  1 14.416232320866736671405305969529  
2  3 4.9456892047062046557925896195229  2 -15  
5  4 6.994172183926790964392239402514  2 -11.33924209329796894962782971561  6 0.3629845585529714591110916899197  7 3.8469245059796626229342564329272  14 -12.648784707110571901012008311227  
2  5 5.8539229112427753065617253014352  1 -6.6366719646211285166259585821535  
2  6 -8.622240453423701822543989692349  5 13.799994735496483144743251614273  
2  7 -10.104869510320273917614031233825  5 1.3587192016618285794748999251169  
2  8 3.5979102911446516621651880996069  10 14.282365389702254887538401817437  
2  9 6.3382744843370311116359516745433  8 14.416232320866736671405305969529  
2  10 4.9456892047062046557925896195229  9 -15  
6  3 9.4349716925222644192672305507585  11 6.994172183926790964392239402514  9 -11.33924209329796894962782971561  13 0.3629845585529714591110916899197  14 3.8469245059796626229342564329272  21 -12.648784707110571901012008311227  
2  12 5.8539229112427753065617253014352  8 -6.6366719646211285166259585821535  
2  13 -8.622240453423701822543989692349  12 13.799994735496483144743251614273  
2  14 -10.104869510320273917614031233825  12 1.3587192016618285794748999251169  
2  15 3.5979102911446516621651880996069  17 14.282365389702254887538401817437  
2  16 6.3382744843370311116359516745433  15 14.416232320866736671405305969529  
2  17 4.9456892047062046557925896195229  16 -15  
6  10 9.4349716925222644192672305507585  18 6.994172183926790964392239402514  16 -11.33924209329796894962782971561  20 0.3629845585529714591110916899197  21 3.8469245059796626229342564329272  28 -12.648784707110571901012008311227  
2  19 5.8539229112427753065617253014352  15 -6.6366719646211285166259585821535  
2  20 -8.622240453423701822543989692349  19 13.799994735496483144743251614273  
2  21 -10.104869510320273917614031233825  19 1.3587192016618285794748999251169  
2  22 3.5979102911446516621651880996069  24 14.282365389702254887538401817437  
2  23 6.3382744843370311116359516745433  22 14.416232320866736671405305969529  
2  24 4.9456892047062046557925896195229  23 -15  
6  17 9.4349716925222644192672305507585  25 6.994172183926790964392239402514  23 -11.33924209329796894962782971561  27 0.3629845585529714591110916899197  28 3.8469245059796626229342564329272  35 -12.648784707110571901012008311227  
2  26 5.8539229112427753065617253014352  22 -6.6366719646211285166259585821535  
2  27 -8.622240453423701822543989692349  26 13.799994735496483144743251614273  
2  28 -10.104869510320273917614031233825  26 1.3587192016618285794748999251169  
2  29 3.5979102911446516621651880996069  31 14.282365389702254887538401817437  
2  30 6.3382744843370311116359516745433  29 14.416232320866736671405305969529  
2  31 4.9456892047062046557925896195229  30 -15  
6  24 9.4349716925222644192672305507585  32 6.994172183926790964392239402514  30 -11.33924209329796894962782971561  34 0.3629845585529714591110916899197  35 3.8469245059796626229342564329272  42 -12.648784707110571901012008311227  
2  33 5.8539229112427753065617253014352  29 -6.6366719646211285166259585821535  
2  34 -8.622240453423701822543989692349  33 13.799994735496483144743251614273  
2  35 -10.104869510320273917614031233825  33 1.3587192016618285794748999251169  
2  36 3.5979102911446516621651880996069  38 14.282365389702254887538401817437  
2  37 6.3382744843370311116359516745433  36 14.416232320866736671405305969529  
2  38 4.9456892047062046557925896195229  37 -15  
6  31 9.4349716925222644192672305507585  39 6.994172183926790964392239402514  37 -11.33924209329796894962782971561  41 0.3629845585529714591110916899197  42 3.8469245059796626229342564329272  49 -12.648784707110571901012008311227  
2  40 5.8539229112427753065617253014352  36 -6.6366719646211285166259585821535  
2  41 -8.622240453423701822543989692349  40 13.799994735496483144743251614273  
2  42 -10.104869510320273917614031233825  40 1.3587192016618285794748999251169  
2  43 3.5979102911446516621651880996069  45 14.282365389702254887538401817437  
2  44 6.3382744843370311116359516745433  43 14.416232320866736671405305969529  
2  45 4.9456892047062046557925896195229  44 -15  
5  38 9.4349716925222644192672305507585  46 6.994172183926790964392239402514  44 -11.33924209329796894962782971561  48 0.3629845585529714591110916899197  49 3.8469245059796626229342564329272  
2  47 5.8539229112427753065617253014352  43 -6.6366719646211285166259585821535  
2  48 -8.622240453423701822543989692349  47 13.799994735496483144743251614273  
2  49 -10.104869510320273917614031233825  47 1.3587192016618285794748999251169  

1  14 1.6934744560511463262741926882882  
1  8 0.44131245097357030271467692728038  
0  
1  5 1.1950402787060605547253544500563  
1  4 1.1950402787060605547253544500563  
1  10 1.6644585500770827657390782405855  
0  
2  2 0.44131245097357030271467692728038  21 1.6934744560511463262741926882882  
1  15 0.44131245097357030271467692728038  
1  6 1.6644585500770827657390782405855  
1  12 1.1950402787060605547253544500563  
1  11 1.1950402787060605547253544500563  
1  17 1.6644585500770827657390782405855  
1  1 1.6934744560511463262741926882882  
2  9 0.44131245097357030271467692728038  28 1.6934744560511463262741926882882  
1  22 0.44131245097357030271467692728038  
1  13 1.6644585500770827657390782405855  
1  19 1.1950402787060605547253544500563  
1  18 1.1950402787060605547253544500563  
1  24 1.6644585500770827657390782405855  
1  8 1.6934744560511463262741926882882  
2  16 0.44131245097357030271467692728038  35 1.6934744560511463262741926882882  
1  29 0.44131245097357030271467692728038  
1  20 1.6644585500770827657390782405855  
1  26 1.1950402787060605547253544500563  
1  25 1.1950402787060605547253544500563  
1  31 1.6644585500770827657390782405855  
1  15 1.6934744560511463262741926882882  
2  23 0.44131245097357030271467692728038  42 1.6934744560511463262741926882882  
1  36 0.44131245097357030271467692728038  
1  27 1.6644585500770827657390782405855  
1  33 1.1950402787060605547253544500563  
1  32 1.1950402787060605547253544500563  
1  38 1.6644585500770827657390782405855  
1  22 1.6934744560511463262741926882882  
2  30 0.44131245097357030271467692728038  49 1.6934744560511463262741926882882  
1  43 0.44131245097357030271467692728038  
1  34 1.6644585500770827657390782405855  
1  40 1.1950402787060605547253544500563  
1  39 1.1950402787060605547253544500563  
1  45 1.6644585500770827657390782405855  
1  29 1.6934744560511463262741926882882  
1  37 0.44131245097357030271467692728038  
0  
1  41 1.6644585500770827657390782405855  
1  47 1.1950402787060605547253544500563  
1  46 1.1950402787060605547253544500563  
0  
1  36 1.6934744560511463262741926882882  
