49 9 6

0.80628203641197837558962646653526 1.1449767578987481986274588052765 0.11021273314249691033239741955185 1.0094551932719073583655244874535 1.1722488250898761563689731701743 0.78052317859934483568196128544514 0.85168696388779541184277377396938 0.80628203641197837558962646653526 1.1449767578987481986274588052765 0.11021273314249691033239741955185 1.0094551932719073583655244874535 1.1722488250898761563689731701743 0.78052317859934483568196128544514 0.85168696388779541184277377396938 0.80628203641197837558962646653526 1.1449767578987481986274588052765 0.11021273314249691033239741955185 1.0094551932719073583655244874535 1.1722488250898761563689731701743 0.78052317859934483568196128544514 0.85168696388779541184277377396938 0.80628203641197837558962646653526 1.1449767578987481986274588052765 0.11021273314249691033239741955185 1.0094551932719073583655244874535 1.1722488250898761563689731701743 0.78052317859934483568196128544514 0.85168696388779541184277377396938 0.80628203641197837558962646653526 1.1449767578987481986274588052765 0.11021273314249691033239741955185 1.0094551932719073583655244874535 1.1722488250898761563689731701743 0.78052317859934483568196128544514 0.85168696388779541184277377396938 0.80628203641197837558962646653526 1.1449767578987481986274588052765 0.11021273314249691033239741955185 1.0094551932719073583655244874535 1.1722488250898761563689731701743 0.78052317859934483568196128544514 0.85168696388779541184277377396938 0.80628203641197837558962646653526 1.1449767578987481986274588052765 0.11021273314249691033239741955185 1.0094551932719073583655244874535 1.1722488250898761563689731701743 0.78052317859934483568196128544514 0.85168696388779541184277377396938 

-6.486122085194130804097767395433 -7.1628980657593110947800596477464 1.2116175135454727573858235700754 7.2070841307062352143475436605513 8.4282118770025213905228156363592 8.2008082269902740080169678549282 -11.393087778776463281360520340968 -6.486122085194130804097767395433 -7.1628980657593110947800596477464 1.2116175135454727573858235700754 7.2070841307062352143475436605513 8.4282118770025213905228156363592 8.2008082269902740080169678549282 -11.393087778776463281360520340968 -6.486122085194130804097767395433 -7.1628980657593110947800596477464 1.2116175135454727573858235700754 7.2070841307062352143475436605513 8.4282118770025213905228156363592 8.2008082269902740080169678549282 -11.393087778776463281360520340968 -6.486122085194130804097767395433 -7.1628980657593110947800596477464 1.2116175135454727573858235700754 7.2070841307062352143475436605513 8.4282118770025213905228156363592 8.2008082269902740080169678549282 -11.393087778776463281360520340968 -6.486122085194130804097767395433 -7.1628980657593110947800596477464 1.2116175135454727573858235700754 7.2070841307062352143475436605513 8.4282118770025213905228156363592 8.2008082269902740080169678549282 -11.393087778776463281360520340968 -6.486122085194130804097767395433 -7.1628980657593110947800596477464 1.2116175135454727573858235700754 7.2070841307062352143475436605513 8.4282118770025213905228156363592 8.2008082269902740080169678549282 -11.393087778776463281360520340968 -6.486122085194130804097767395433 -7.1628980657593110947800596477464 1.2116175135454727573858235700754 7.2070841307062352143475436605513 8.4282118770025213905228156363592 8.2008082269902740080169678549282 -11.393087778776463281360520340968 

1 1 1 1 1 1 1 1 1 1 1 1 1 1 1 1 1 1 1 1 1 1 1 1 1 1 1 1 1 1 1 1 1 1 1 1 1 1 1 1 1 1 1 1 1 1 1 1 1 

6.486122085194130804097767395433 7.1628980657593110947800596477464 -1.2116175135454727573858235700754 -7.2070841307062352143475436605513 -8.4282118770025213905228156363592 -8.2008082269902740080169678549282 11.393087778776463281360520340968 6.486122085194130804097767395433 7.1628980657593110947800596477464 -1.2116175135454727573858235700754 -7.2070841307062352143475436605513 -8.4282118770025213905228156363592 -8.2008082269902740080169678549282 11.393087778776463281360520340968 6.486122085194130804097767395433 7.1628980657593110947800596477464 -1.2116175135454727573858235700754 -7.2070841307062352143475436605513 -8.4282118770025213905228156363592 -8.2008082269902740080169678549282 11.393087778776463281360520340968 6.486122085194130804097767395433 7.1628980657593110947800596477464 -1.2116175135454727573858235700754 -7.2070841307062352143475436605513 -8.4282118770025213905228156363592 -8.2008082269902740080169678549282 11.393087778776463281360520340968 6.486122085194130804097767395433 7.1628980657593110947800596477464 -1.2116175135454727573858235700754 -7.2070841307062352143475436605513 -8.4282118770025213905228156363592 -8.2008082269902740080169678549282 11.393087778776463281360520340968 6.486122085194130804097767395433 7.1628980657593110947800596477464 -1.2116175135454727573858235700754 -7.2070841307062352143475436605513 -8.4282118770025213905228156363592 -8.2008082269902740080169678549282 11.393087778776463281360520340968 6.486122085194130804097767395433 7.1628980657593110947800596477464 -1.2116175135454727573858235700754 -7.2070841307062352143475436605513 -8.4282118770025213905228156363592 -8.2008082269902740080169678549282 11.393087778776463281360520340968 

2  1 6.2871505863365539923393043864053  3 14.55142125187442481148991646478  
2  2 -4.2767823035910579321239310957026  1 13.715752892832144382850856345613  
2  3 5.744173512908362866369316179771  2 -10.891766824132853130890907777939  
5  4 -7.5373060985527793320670753018931  2 9.2449510605604992008466069819406  6 -6.9071028173545814254907782014925  7 -8.2526805299918208902454352937639  14 -5.3949494008713223536233272170648  
2  5 -11.440462565974131692314585961867  1 -13.307343164416808534156189125497  
2  6 -6.3692412247190892671255824097898  5 -12.503087747985091482405550777912  
2  7 11.79619201414822171614105172921  5 12.894997496220554467072361148894  
2  8 6.2871505863365539923393043864053  10 14.55142125187442481148991646478  
2  9 -4.2767823035910579321239310957026  8 13.715752892832144382850856345613  
2  10 5.744173512908362866369316179771  9 -10.891766824132853130890907777939  
6  3 -12.19836946361370877411900437437  11 -7.5373060985527793320670753018931  9 9.2449510605604992008466069819406  13 -6.9071028173545814254907782014925  14 -8.2526805299918208902454352937639  21 -5.3949494008713223536233272170648  
2  12 -11.440462565974131692314585961867  8 -13.307343164416808534156189125497  
2  13 -6.3692412247190892671255824097898  12 -12.503087747985091482405550777912  
2  14 11.79619201414822171614105172921  12 12.894997496220554467072361148894  
2  15 6.2871505863365539923393043864053  17 14.55142125187442481148991646478  
2  16 -4.2767823035910579321239310957026  15 13.715752892832144382850856345613  
2  17 5.744173512908362866369316179771  16 -10.891766824132853130890907777939  
6  10 -12.19836946361370877411900437437  18 -7.5373060985527793320670753018931  16 9.2449510605604992008466069819406  20 -6.9071028173545814254907782014925  21 -8.2526805299918208902454352937639  28 -5.3949494008713223536233272170648  
2  19 -11.440462565974131692314585961867  15 -13.307343164416808534156189125497  
2  20 -6.3692412247190892671255824097898  19 -12.503087747985091482405550777912  
2  21 11.79619201414822171614105172921  19 12.894997496220554467072361148894  
2  22 6.2871505863365539923393043864053  24 14.55142125187442481148991646478  
2  23 -4.2767823035910579321239310957026  22 13.715752892832144382850856345613  
2  24 5.744173512908362866369316179771  23 -10.891766824132853130890907777939  
6  17 -12.19836946361370877411900437437  25 -7.5373060985527793320670753018931  23 9.2449510605604992008466069819406  27 -6.9071028173545814254907782014925  28 -8.2526805299918208902454352937639  35 -5.3949494008713223536233272170648  
2  26 -11.440462565974131692314585961867  22 -13.307343164416808534156189125497  
2  27 -6.3692412247190892671255824097898  26 -12.503087747985091482405550777912  
2  28 11.79619201414822171614105172921  26 12.894997496220554467072361148894  
2  29 6.2871505863365539923393043864053  31 14.55142125187442481148991646478  
2  30 -4.2767823035910579321239310957026  29 13.715752892832144382850856345613  
2  31 5.744173512908362866369316179771  30 -10.891766824132853130890907777939  
6  24 -12.19836946361370877411900437437  32 -7.5373060985527793320670753018931  30 9.2449510605604992008466069819406  34 -6.9071028173545814254907782014925  35 -8.2526805299918208902454352937639  42 -5.3949494008713223536233272170648  
2  33 -11.440462565974131692314585961867  29 -13.307343164416808534156189125497  
2  34 -6.3692412247190892671255824097898  33 -12.503087747985091482405550777912  
2  35 11.79619201414822171614105172921  33 12.894997496220554467072361148894  
2  36 6.2871505863365539923393043864053  38 14.55142125187442481148991646478  
2  37 -4.2767823035910579321239310957026  36 13.715752892832144382850856345613  
2  38 5.744173512908362866369316179771  37 -10.891766824132853130890907777939  
6  31 -12.19836946361370877411900437437  39 -7.5373060985527793320670753018931  37 9.2449510605604992008466069819406  41 -6.9071028173545814254907782014925  42 -8.2526805299918208902454352937639  49 -5.3949494008713223536233272170648  
2  40 -11.440462565974131692314585961867  36 -13.307343164416808534156189125497  
2  41 -6.3692412247190892671255824097898  40 -12.503087747985091482405550777912  
2  42 11.79619201414822171614105172921  40 12.894997496220554467072361148894  
2  43 6.2871505863365539923393043864053  45 14.55142125187442481148991646478  
2  44 -4.2767823035910579321239310957026  43 13.715752892832144382850856345613  
2  45 5.744173512908362866369316179771  44 -10.891766824132853130890907777939  
5  38 -12.19836946361370877411900437437  46 -7.5373060985527793320670753018931  44 9.2449510605604992008466069819406  48 -6.9071028173545814254907782014925  49 -8.2526805299918208902454352937639  
2  47 -11.440462565974131692314585961867  43 -13.307343164416808534156189125497  
2  48 -6.3692412247190892671255824097898  47 -12.503087747985091482405550777912  
2  49 11.79619201414822171614105172921  47 12.894997496220554467072361148894  

1  14 0.51935610326210845943961658122134  
1  8 1.7227368125036093271518211622606  
0  
1  5 0.47432237707179059071904703159817  
1  4 0.47432237707179059071904703159817  
1  10 0.10018869816716746701246165685006  
0  
2  2 1.7227368125036093271518211622606  21 0.51935610326210845943961658122134  
1  15 1.7227368125036093271518211622606  
1  6 0.10018869816716746701246165685006  
1  12 0.47432237707179059071904703159817  
1  11 0.47432237707179059071904703159817  
1  17 0.10018869816716746701246165685006  
1  1 0.51935610326210845943961658122134  
2  9 1.7227368125036093271518211622606  28 0.51935610326210845943961658122134  
1  22 1.7227368125036093271518211622606  
1  13 0.10018869816716746701246165685006  
1  19 0.47432237707179059071904703159817  
1  18 0.47432237707179059071904703159817  
1  24 0.10018869816716746701246165685006  
1  8 0.51935610326210845943961658122134  
2  16 1.7227368125036093271518211622606  35 0.51935610326210845943961658122134  
1  29 1.7227368125036093271518211622606  
1  20 0.10018869816716746701246165685006  
1  26 0.47432237707179059071904703159817  
1  25 0.47432237707179059071904703159817  
1  31 0.10018869816716746701246165685006  
1  15 0.51935610326210845943961658122134  
2  23 1.7227368125036093271518211622606  42 0.51935610326210845943961658122134  
1  36 1.7227368125036093271518211622606  
1  27 0.10018869816716746701246165685006  
1  33 0.47432237707179059071904703159817  
1  32 0.47432237707179059071904703159817  
1  38 0.10018869816716746701246165685006  
1  22 0.51935610326210845943961658122134  
2  30 1.7227368125036093271518211622606  49 0.51935610326210845943961658122134  
1  43 1.7227368125036093271518211622606  
1  34 0.10018869816716746701246165685006  
1  40 0.47432237707179059071904703159817  
1  39 0.47432237707179059071904703159817  
1  45 0.10018869816716746701246165685006  
1  29 0.51935610326210845943961658122134  
1  37 1.7227368125036093271518211622606  
0  
1  41 0.10018869816716746701246165685006  
1  47 0.47432237707179059071904703159817  
1  46 0.47432237707179059071904703159817  
0  
1  36 0.51935610326210845943961658122134  
