49 9 6

0.27155472377520939453177106770454 1.2181737897666418124487108798348 0.21397038879878471639983672503149 0.4732234253828150327692014798231 1.6693716494874510924972810244071 0.34126457925680009353186505904887 1.5145650235922263338039783775457 0.27155472377520939453177106770454 1.2181737897666418124487108798348 0.21397038879878471639983672503149 0.4732234253828150327692014798231 1.6693716494874510924972810244071 0.34126457925680009353186505904887 1.5145650235922263338039783775457 0.27155472377520939453177106770454 1.2181737897666418124487108798348 0.21397038879878471639983672503149 0.4732234253828150327692014798231 1.6693716494874510924972810244071 0.34126457925680009353186505904887 1.5145650235922263338039783775457 0.27155472377520939453177106770454 1.2181737897666418124487108798348 0.21397038879878471639983672503149 0.4732234253828150327692014798231 1.6693716494874510924972810244071 0.34126457925680009353186505904887 1.5145650235922263338039783775457 0.27155472377520939453177106770454 1.2181737897666418124487108798348 0.21397038879878471639983672503149 0.4732234253828150327692014798231 1.6693716494874510924972810244071 0.34126457925680009353186505904887 1.5145650235922263338039783775457 0.27155472377520939453177106770454 1.2181737897666418124487108798348 0.21397038879878471639983672503149 0.4732234253828150327692014798231 1.6693716494874510924972810244071 0.34126457925680009353186505904887 1.5145650235922263338039783775457 0.27155472377520939453177106770454 1.2181737897666418124487108798348 0.21397038879878471639983672503149 0.4732234253828150327692014798231 1.6693716494874510924972810244071 0.34126457925680009353186505904887 1.5145650235922263338039783775457 

1.6810032916210679854174259162392 -6.60656726706488228728630929254 -5.1583224439549306694630104175303 6.614588229196963098388550861273 9.1327980015925529500009361072443 -3.2267985826151237560566187312361 6.9721862076734595348170842044055 1.6810032916210679854174259162392 -6.60656726706488228728630929254 -5.1583224439549306694630104175303 6.614588229196963098388550861273 9.1327980015925529500009361072443 -3.2267985826151237560566187312361 6.9721862076734595348170842044055 1.6810032916210679854174259162392 -6.60656726706488228728630929254 -5.1583224439549306694630104175303 6.614588229196963098388550861273 9.1327980015925529500009361072443 -3.2267985826151237560566187312361 6.9721862076734595348170842044055 1.6810032916210679854174259162392 -6.60656726706488228728630929254 -5.1583224439549306694630104175303 6.614588229196963098388550861273 9.1327980015925529500009361072443 -3.2267985826151237560566187312361 6.9721862076734595348170842044055 1.6810032916210679854174259162392 -6.60656726706488228728630929254 -5.1583224439549306694630104175303 6.614588229196963098388550861273 9.1327980015925529500009361072443 -3.2267985826151237560566187312361 6.9721862076734595348170842044055 1.6810032916210679854174259162392 -6.60656726706488228728630929254 -5.1583224439549306694630104175303 6.614588229196963098388550861273 9.1327980015925529500009361072443 -3.2267985826151237560566187312361 6.9721862076734595348170842044055 1.6810032916210679854174259162392 -6.60656726706488228728630929254 -5.1583224439549306694630104175303 6.614588229196963098388550861273 9.1327980015925529500009361072443 -3.2267985826151237560566187312361 6.9721862076734595348170842044055 

1 1 1 1 1 1 1 1 1 1 1 1 1 1 1 1 1 1 1 1 1 1 1 1 1 1 1 1 1 1 1 1 1 1 1 1 1 1 1 1 1 1 1 1 1 1 1 1 1 

-1.6810032916210679854174259162392 6.60656726706488228728630929254 5.1583224439549306694630104175303 -6.614588229196963098388550861273 -9.1327980015925529500009361072443 3.2267985826151237560566187312361 -6.9721862076734595348170842044055 -1.6810032916210679854174259162392 6.60656726706488228728630929254 5.1583224439549306694630104175303 -6.614588229196963098388550861273 -9.1327980015925529500009361072443 3.2267985826151237560566187312361 -6.9721862076734595348170842044055 -1.6810032916210679854174259162392 6.60656726706488228728630929254 5.1583224439549306694630104175303 -6.614588229196963098388550861273 -9.1327980015925529500009361072443 3.2267985826151237560566187312361 -6.9721862076734595348170842044055 -1.6810032916210679854174259162392 6.60656726706488228728630929254 5.1583224439549306694630104175303 -6.614588229196963098388550861273 -9.1327980015925529500009361072443 3.2267985826151237560566187312361 -6.9721862076734595348170842044055 -1.6810032916210679854174259162392 6.60656726706488228728630929254 5.1583224439549306694630104175303 -6.614588229196963098388550861273 -9.1327980015925529500009361072443 3.2267985826151237560566187312361 -6.9721862076734595348170842044055 -1.6810032916210679854174259162392 6.60656726706488228728630929254 5.1583224439549306694630104175303 -6.614588229196963098388550861273 -9.1327980015925529500009361072443 3.2267985826151237560566187312361 -6.9721862076734595348170842044055 -1.6810032916210679854174259162392 6.60656726706488228728630929254 5.1583224439549306694630104175303 -6.614588229196963098388550861273 -9.1327980015925529500009361072443 3.2267985826151237560566187312361 -6.9721862076734595348170842044055 

2  1 8.5204920931742300638234155485407  3 -12.116837911950431916352499683853  
2  2 -1.9249946039950358578352052063565  1 15  
2  3 3.1887943894277963607919446076266  2 11.656973420039832944894442334771  
5  4 -4.9396452452714054714988378691487  2 -7.9036365021991858981209588819183  6 -5.9606096531076167011065081169363  7 6.568912049125545493666322727222  14 -4.3504421726247475277205012389459  
2  5 -11.442160304867366349412804993335  1 -14.321380519146812204667185142171  
2  6 -4.1094783848277689486394592677243  5 12.62473413839160407690087595256  
2  7 -2.6469967555391358260408196656499  5 -12.414793193326548959021238260902  
2  8 8.5204920931742300638234155485407  10 -12.116837911950431916352499683853  
2  9 -1.9249946039950358578352052063565  8 15  
2  10 3.1887943894277963607919446076266  9 11.656973420039832944894442334771  
6  3 -3.5097264702579806794346950482577  11 -4.9396452452714054714988378691487  9 -7.9036365021991858981209588819183  13 -5.9606096531076167011065081169363  14 6.568912049125545493666322727222  21 -4.3504421726247475277205012389459  
2  12 -11.442160304867366349412804993335  8 -14.321380519146812204667185142171  
2  13 -4.1094783848277689486394592677243  12 12.62473413839160407690087595256  
2  14 -2.6469967555391358260408196656499  12 -12.414793193326548959021238260902  
2  15 8.5204920931742300638234155485407  17 -12.116837911950431916352499683853  
2  16 -1.9249946039950358578352052063565  15 15  
2  17 3.1887943894277963607919446076266  16 11.656973420039832944894442334771  
6  10 -3.5097264702579806794346950482577  18 -4.9396452452714054714988378691487  16 -7.9036365021991858981209588819183  20 -5.9606096531076167011065081169363  21 6.568912049125545493666322727222  28 -4.3504421726247475277205012389459  
2  19 -11.442160304867366349412804993335  15 -14.321380519146812204667185142171  
2  20 -4.1094783848277689486394592677243  19 12.62473413839160407690087595256  
2  21 -2.6469967555391358260408196656499  19 -12.414793193326548959021238260902  
2  22 8.5204920931742300638234155485407  24 -12.116837911950431916352499683853  
2  23 -1.9249946039950358578352052063565  22 15  
2  24 3.1887943894277963607919446076266  23 11.656973420039832944894442334771  
6  17 -3.5097264702579806794346950482577  25 -4.9396452452714054714988378691487  23 -7.9036365021991858981209588819183  27 -5.9606096531076167011065081169363  28 6.568912049125545493666322727222  35 -4.3504421726247475277205012389459  
2  26 -11.442160304867366349412804993335  22 -14.321380519146812204667185142171  
2  27 -4.1094783848277689486394592677243  26 12.62473413839160407690087595256  
2  28 -2.6469967555391358260408196656499  26 -12.414793193326548959021238260902  
2  29 8.5204920931742300638234155485407  31 -12.116837911950431916352499683853  
2  30 -1.9249946039950358578352052063565  29 15  
2  31 3.1887943894277963607919446076266  30 11.656973420039832944894442334771  
6  24 -3.5097264702579806794346950482577  32 -4.9396452452714054714988378691487  30 -7.9036365021991858981209588819183  34 -5.9606096531076167011065081169363  35 6.568912049125545493666322727222  42 -4.3504421726247475277205012389459  
2  33 -11.442160304867366349412804993335  29 -14.321380519146812204667185142171  
2  34 -4.1094783848277689486394592677243  33 12.62473413839160407690087595256  
2  35 -2.6469967555391358260408196656499  33 -12.414793193326548959021238260902  
2  36 8.5204920931742300638234155485407  38 -12.116837911950431916352499683853  
2  37 -1.9249946039950358578352052063565  36 15  
2  38 3.1887943894277963607919446076266  37 11.656973420039832944894442334771  
6  31 -3.5097264702579806794346950482577  39 -4.9396452452714054714988378691487  37 -7.9036365021991858981209588819183  41 -5.9606096531076167011065081169363  42 6.568912049125545493666322727222  49 -4.3504421726247475277205012389459  
2  40 -11.442160304867366349412804993335  36 -14.321380519146812204667185142171  
2  41 -4.1094783848277689486394592677243  40 12.62473413839160407690087595256  
2  42 -2.6469967555391358260408196656499  40 -12.414793193326548959021238260902  
2  43 8.5204920931742300638234155485407  45 -12.116837911950431916352499683853  
2  44 -1.9249946039950358578352052063565  43 15  
2  45 3.1887943894277963607919446076266  44 11.656973420039832944894442334771  
5  38 -3.5097264702579806794346950482577  46 -4.9396452452714054714988378691487  44 -7.9036365021991858981209588819183  48 -5.9606096531076167011065081169363  49 6.568912049125545493666322727222  
2  47 -11.442160304867366349412804993335  43 -14.321380519146812204667185142171  
2  48 -4.1094783848277689486394592677243  47 12.62473413839160407690087595256  
2  49 -2.6469967555391358260408196656499  47 -12.414793193326548959021238260902  

1  14 0.023592564302257867936418733734172  
1  8 0.33368861042056907617592287351727  
0  
1  5 1.1904888678004446056490905903047  
1  4 1.1904888678004446056490905903047  
1  10 0.74096948490021619093681692902464  
0  
2  2 0.33368861042056907617592287351727  21 0.023592564302257867936418733734172  
1  15 0.33368861042056907617592287351727  
1  6 0.74096948490021619093681692902464  
1  12 1.1904888678004446056490905903047  
1  11 1.1904888678004446056490905903047  
1  17 0.74096948490021619093681692902464  
1  1 0.023592564302257867936418733734172  
2  9 0.33368861042056907617592287351727  28 0.023592564302257867936418733734172  
1  22 0.33368861042056907617592287351727  
1  13 0.74096948490021619093681692902464  
1  19 1.1904888678004446056490905903047  
1  18 1.1904888678004446056490905903047  
1  24 0.74096948490021619093681692902464  
1  8 0.023592564302257867936418733734172  
2  16 0.33368861042056907617592287351727  35 0.023592564302257867936418733734172  
1  29 0.33368861042056907617592287351727  
1  20 0.74096948490021619093681692902464  
1  26 1.1904888678004446056490905903047  
1  25 1.1904888678004446056490905903047  
1  31 0.74096948490021619093681692902464  
1  15 0.023592564302257867936418733734172  
2  23 0.33368861042056907617592287351727  42 0.023592564302257867936418733734172  
1  36 0.33368861042056907617592287351727  
1  27 0.74096948490021619093681692902464  
1  33 1.1904888678004446056490905903047  
1  32 1.1904888678004446056490905903047  
1  38 0.74096948490021619093681692902464  
1  22 0.023592564302257867936418733734172  
2  30 0.33368861042056907617592287351727  49 0.023592564302257867936418733734172  
1  43 0.33368861042056907617592287351727  
1  34 0.74096948490021619093681692902464  
1  40 1.1904888678004446056490905903047  
1  39 1.1904888678004446056490905903047  
1  45 0.74096948490021619093681692902464  
1  29 0.023592564302257867936418733734172  
1  37 0.33368861042056907617592287351727  
0  
1  41 0.74096948490021619093681692902464  
1  47 1.1904888678004446056490905903047  
1  46 1.1904888678004446056490905903047  
0  
1  36 0.023592564302257867936418733734172  
