49 9 6

0.10602898788644710137418769591022 0.93070496654773515743386269605253 0.71645353709051984303357585304184 0.2802431693320011074632702730014 0.15270702193865814955131554597756 2.1129392966628079975066611950751 0.15479160573486505647622379910899 0.10602898788644710137418769591022 0.93070496654773515743386269605253 0.71645353709051984303357585304184 0.2802431693320011074632702730014 0.15270702193865814955131554597756 2.1129392966628079975066611950751 0.15479160573486505647622379910899 0.10602898788644710137418769591022 0.93070496654773515743386269605253 0.71645353709051984303357585304184 0.2802431693320011074632702730014 0.15270702193865814955131554597756 2.1129392966628079975066611950751 0.15479160573486505647622379910899 0.10602898788644710137418769591022 0.93070496654773515743386269605253 0.71645353709051984303357585304184 0.2802431693320011074632702730014 0.15270702193865814955131554597756 2.1129392966628079975066611950751 0.15479160573486505647622379910899 0.10602898788644710137418769591022 0.93070496654773515743386269605253 0.71645353709051984303357585304184 0.2802431693320011074632702730014 0.15270702193865814955131554597756 2.1129392966628079975066611950751 0.15479160573486505647622379910899 0.10602898788644710137418769591022 0.93070496654773515743386269605253 0.71645353709051984303357585304184 0.2802431693320011074632702730014 0.15270702193865814955131554597756 2.1129392966628079975066611950751 0.15479160573486505647622379910899 0.10602898788644710137418769591022 0.93070496654773515743386269605253 0.71645353709051984303357585304184 0.2802431693320011074632702730014 0.15270702193865814955131554597756 2.1129392966628079975066611950751 0.15479160573486505647622379910899 

5.7011943379166725165418938559014 1.2983048976331117430049744143616 -0.49771235386209694562253957883513 -12.282974517850696827281353762373 -8.8909435692546345819664566079155 -3.2985086990001368789648950041737 -3.2515837390203521373166495322948 5.7011943379166725165418938559014 1.2983048976331117430049744143616 -0.49771235386209694562253957883513 -12.282974517850696827281353762373 -8.8909435692546345819664566079155 -3.2985086990001368789648950041737 -3.2515837390203521373166495322948 5.7011943379166725165418938559014 1.2983048976331117430049744143616 -0.49771235386209694562253957883513 -12.282974517850696827281353762373 -8.8909435692546345819664566079155 -3.2985086990001368789648950041737 -3.2515837390203521373166495322948 5.7011943379166725165418938559014 1.2983048976331117430049744143616 -0.49771235386209694562253957883513 -12.282974517850696827281353762373 -8.8909435692546345819664566079155 -3.2985086990001368789648950041737 -3.2515837390203521373166495322948 5.7011943379166725165418938559014 1.2983048976331117430049744143616 -0.49771235386209694562253957883513 -12.282974517850696827281353762373 -8.8909435692546345819664566079155 -3.2985086990001368789648950041737 -3.2515837390203521373166495322948 5.7011943379166725165418938559014 1.2983048976331117430049744143616 -0.49771235386209694562253957883513 -12.282974517850696827281353762373 -8.8909435692546345819664566079155 -3.2985086990001368789648950041737 -3.2515837390203521373166495322948 5.7011943379166725165418938559014 1.2983048976331117430049744143616 -0.49771235386209694562253957883513 -12.282974517850696827281353762373 -8.8909435692546345819664566079155 -3.2985086990001368789648950041737 -3.2515837390203521373166495322948 

1 1 1 1 1 1 1 1 1 1 1 1 1 1 1 1 1 1 1 1 1 1 1 1 1 1 1 1 1 1 1 1 1 1 1 1 1 1 1 1 1 1 1 1 1 1 1 1 1 

-5.7011943379166725165418938559014 -1.2983048976331117430049744143616 0.49771235386209694562253957883513 12.282974517850696827281353762373 8.8909435692546345819664566079155 3.2985086990001368789648950041737 3.2515837390203521373166495322948 -5.7011943379166725165418938559014 -1.2983048976331117430049744143616 0.49771235386209694562253957883513 12.282974517850696827281353762373 8.8909435692546345819664566079155 3.2985086990001368789648950041737 3.2515837390203521373166495322948 -5.7011943379166725165418938559014 -1.2983048976331117430049744143616 0.49771235386209694562253957883513 12.282974517850696827281353762373 8.8909435692546345819664566079155 3.2985086990001368789648950041737 3.2515837390203521373166495322948 -5.7011943379166725165418938559014 -1.2983048976331117430049744143616 0.49771235386209694562253957883513 12.282974517850696827281353762373 8.8909435692546345819664566079155 3.2985086990001368789648950041737 3.2515837390203521373166495322948 -5.7011943379166725165418938559014 -1.2983048976331117430049744143616 0.49771235386209694562253957883513 12.282974517850696827281353762373 8.8909435692546345819664566079155 3.2985086990001368789648950041737 3.2515837390203521373166495322948 -5.7011943379166725165418938559014 -1.2983048976331117430049744143616 0.49771235386209694562253957883513 12.282974517850696827281353762373 8.8909435692546345819664566079155 3.2985086990001368789648950041737 3.2515837390203521373166495322948 -5.7011943379166725165418938559014 -1.2983048976331117430049744143616 0.49771235386209694562253957883513 12.282974517850696827281353762373 8.8909435692546345819664566079155 3.2985086990001368789648950041737 3.2515837390203521373166495322948 

2  1 14.722507627143020414450802491046  3 -14.506273861558202753485602443106  
2  2 2.2574395544646463918070367071778  1 -12.359956875060605696603488468099  
2  3 -0.36776473336848236606044793006731  2 -11.069814136168705687168767326511  
5  4 -8.2530307718859798882249378948472  2 12.055599855946152132446513860486  6 5.6642033171001511249187387875281  7 -7.7817092504749929560148302698508  14 1.3600669491225543250578766674153  
2  5 10.138188175786567057912179734558  1 14.965428483779176005441513552796  
2  6 -5.2953221900307214653480514243711  5 9.694445884132045776482300425414  
2  7 -3.3158740315787262886715325294062  5 -13.051695061354511295803604298271  
2  8 14.722507627143020414450802491046  10 -14.506273861558202753485602443106  
2  9 2.2574395544646463918070367071778  8 -12.359956875060605696603488468099  
2  10 -0.36776473336848236606044793006731  9 -11.069814136168705687168767326511  
6  3 6.3914776259768171229325162130408  11 -8.2530307718859798882249378948472  9 12.055599855946152132446513860486  13 5.6642033171001511249187387875281  14 -7.7817092504749929560148302698508  21 1.3600669491225543250578766674153  
2  12 10.138188175786567057912179734558  8 14.965428483779176005441513552796  
2  13 -5.2953221900307214653480514243711  12 9.694445884132045776482300425414  
2  14 -3.3158740315787262886715325294062  12 -13.051695061354511295803604298271  
2  15 14.722507627143020414450802491046  17 -14.506273861558202753485602443106  
2  16 2.2574395544646463918070367071778  15 -12.359956875060605696603488468099  
2  17 -0.36776473336848236606044793006731  16 -11.069814136168705687168767326511  
6  10 6.3914776259768171229325162130408  18 -8.2530307718859798882249378948472  16 12.055599855946152132446513860486  20 5.6642033171001511249187387875281  21 -7.7817092504749929560148302698508  28 1.3600669491225543250578766674153  
2  19 10.138188175786567057912179734558  15 14.965428483779176005441513552796  
2  20 -5.2953221900307214653480514243711  19 9.694445884132045776482300425414  
2  21 -3.3158740315787262886715325294062  19 -13.051695061354511295803604298271  
2  22 14.722507627143020414450802491046  24 -14.506273861558202753485602443106  
2  23 2.2574395544646463918070367071778  22 -12.359956875060605696603488468099  
2  24 -0.36776473336848236606044793006731  23 -11.069814136168705687168767326511  
6  17 6.3914776259768171229325162130408  25 -8.2530307718859798882249378948472  23 12.055599855946152132446513860486  27 5.6642033171001511249187387875281  28 -7.7817092504749929560148302698508  35 1.3600669491225543250578766674153  
2  26 10.138188175786567057912179734558  22 14.965428483779176005441513552796  
2  27 -5.2953221900307214653480514243711  26 9.694445884132045776482300425414  
2  28 -3.3158740315787262886715325294062  26 -13.051695061354511295803604298271  
2  29 14.722507627143020414450802491046  31 -14.506273861558202753485602443106  
2  30 2.2574395544646463918070367071778  29 -12.359956875060605696603488468099  
2  31 -0.36776473336848236606044793006731  30 -11.069814136168705687168767326511  
6  24 6.3914776259768171229325162130408  32 -8.2530307718859798882249378948472  30 12.055599855946152132446513860486  34 5.6642033171001511249187387875281  35 -7.7817092504749929560148302698508  42 1.3600669491225543250578766674153  
2  33 10.138188175786567057912179734558  29 14.965428483779176005441513552796  
2  34 -5.2953221900307214653480514243711  33 9.694445884132045776482300425414  
2  35 -3.3158740315787262886715325294062  33 -13.051695061354511295803604298271  
2  36 14.722507627143020414450802491046  38 -14.506273861558202753485602443106  
2  37 2.2574395544646463918070367071778  36 -12.359956875060605696603488468099  
2  38 -0.36776473336848236606044793006731  37 -11.069814136168705687168767326511  
6  31 6.3914776259768171229325162130408  39 -8.2530307718859798882249378948472  37 12.055599855946152132446513860486  41 5.6642033171001511249187387875281  42 -7.7817092504749929560148302698508  49 1.3600669491225543250578766674153  
2  40 10.138188175786567057912179734558  36 14.965428483779176005441513552796  
2  41 -5.2953221900307214653480514243711  40 9.694445884132045776482300425414  
2  42 -3.3158740315787262886715325294062  40 -13.051695061354511295803604298271  
2  43 14.722507627143020414450802491046  45 -14.506273861558202753485602443106  
2  44 2.2574395544646463918070367071778  43 -12.359956875060605696603488468099  
2  45 -0.36776473336848236606044793006731  44 -11.069814136168705687168767326511  
5  38 6.3914776259768171229325162130408  46 -8.2530307718859798882249378948472  44 12.055599855946152132446513860486  48 5.6642033171001511249187387875281  49 -7.7817092504749929560148302698508  
2  47 10.138188175786567057912179734558  43 14.965428483779176005441513552796  
2  48 -5.2953221900307214653480514243711  47 9.694445884132045776482300425414  
2  49 -3.3158740315787262886715325294062  47 -13.051695061354511295803604298271  

1  14 0.80892988406995369743412993557286  
1  8 0.97152120567033106723897617484909  
0  
1  5 1.2924019066722307602645969382138  
1  4 1.2924019066722307602645969382138  
1  10 1.6307242511917530158882527757669  
0  
2  2 0.97152120567033106723897617484909  21 0.80892988406995369743412993557286  
1  15 0.97152120567033106723897617484909  
1  6 1.6307242511917530158882527757669  
1  12 1.2924019066722307602645969382138  
1  11 1.2924019066722307602645969382138  
1  17 1.6307242511917530158882527757669  
1  1 0.80892988406995369743412993557286  
2  9 0.97152120567033106723897617484909  28 0.80892988406995369743412993557286  
1  22 0.97152120567033106723897617484909  
1  13 1.6307242511917530158882527757669  
1  19 1.2924019066722307602645969382138  
1  18 1.2924019066722307602645969382138  
1  24 1.6307242511917530158882527757669  
1  8 0.80892988406995369743412993557286  
2  16 0.97152120567033106723897617484909  35 0.80892988406995369743412993557286  
1  29 0.97152120567033106723897617484909  
1  20 1.6307242511917530158882527757669  
1  26 1.2924019066722307602645969382138  
1  25 1.2924019066722307602645969382138  
1  31 1.6307242511917530158882527757669  
1  15 0.80892988406995369743412993557286  
2  23 0.97152120567033106723897617484909  42 0.80892988406995369743412993557286  
1  36 0.97152120567033106723897617484909  
1  27 1.6307242511917530158882527757669  
1  33 1.2924019066722307602645969382138  
1  32 1.2924019066722307602645969382138  
1  38 1.6307242511917530158882527757669  
1  22 0.80892988406995369743412993557286  
2  30 0.97152120567033106723897617484909  49 0.80892988406995369743412993557286  
1  43 0.97152120567033106723897617484909  
1  34 1.6307242511917530158882527757669  
1  40 1.2924019066722307602645969382138  
1  39 1.2924019066722307602645969382138  
1  45 1.6307242511917530158882527757669  
1  29 0.80892988406995369743412993557286  
1  37 0.97152120567033106723897617484909  
0  
1  41 1.6307242511917530158882527757669  
1  47 1.2924019066722307602645969382138  
1  46 1.2924019066722307602645969382138  
0  
1  36 0.80892988406995369743412993557286  
