49 9 6

0.13017575530091729518744614324532 2.1324115747897298689395029214211 0.4633644753021948226034965045983 1.733895974457902333654146787012 0.132309798069951023435919523763 0.96884363354965319370393217468518 1.9321390827831177450235600190354 0.13017575530091729518744614324532 2.1324115747897298689395029214211 0.4633644753021948226034965045983 1.733895974457902333654146787012 0.132309798069951023435919523763 0.96884363354965319370393217468518 1.9321390827831177450235600190354 0.13017575530091729518744614324532 2.1324115747897298689395029214211 0.4633644753021948226034965045983 1.733895974457902333654146787012 0.132309798069951023435919523763 0.96884363354965319370393217468518 1.9321390827831177450235600190354 0.13017575530091729518744614324532 2.1324115747897298689395029214211 0.4633644753021948226034965045983 1.733895974457902333654146787012 0.132309798069951023435919523763 0.96884363354965319370393217468518 1.9321390827831177450235600190354 0.13017575530091729518744614324532 2.1324115747897298689395029214211 0.4633644753021948226034965045983 1.733895974457902333654146787012 0.132309798069951023435919523763 0.96884363354965319370393217468518 1.9321390827831177450235600190354 0.13017575530091729518744614324532 2.1324115747897298689395029214211 0.4633644753021948226034965045983 1.733895974457902333654146787012 0.132309798069951023435919523763 0.96884363354965319370393217468518 1.9321390827831177450235600190354 0.13017575530091729518744614324532 2.1324115747897298689395029214211 0.4633644753021948226034965045983 1.733895974457902333654146787012 0.132309798069951023435919523763 0.96884363354965319370393217468518 1.9321390827831177450235600190354 

-5.5362200523506190918965330638457 5.6130390120956112909311741532292 -6.2152471681842396122874561115168 4.0548792324278570831097567861434 -3.4270942172844769402217934839427 -3.4745877844575674409099974582205 -12.984642749951625262383458903059 -5.5362200523506190918965330638457 5.6130390120956112909311741532292 -6.2152471681842396122874561115168 4.0548792324278570831097567861434 -3.4270942172844769402217934839427 -3.4745877844575674409099974582205 -12.984642749951625262383458903059 -5.5362200523506190918965330638457 5.6130390120956112909311741532292 -6.2152471681842396122874561115168 4.0548792324278570831097567861434 -3.4270942172844769402217934839427 -3.4745877844575674409099974582205 -12.984642749951625262383458903059 -5.5362200523506190918965330638457 5.6130390120956112909311741532292 -6.2152471681842396122874561115168 4.0548792324278570831097567861434 -3.4270942172844769402217934839427 -3.4745877844575674409099974582205 -12.984642749951625262383458903059 -5.5362200523506190918965330638457 5.6130390120956112909311741532292 -6.2152471681842396122874561115168 4.0548792324278570831097567861434 -3.4270942172844769402217934839427 -3.4745877844575674409099974582205 -12.984642749951625262383458903059 -5.5362200523506190918965330638457 5.6130390120956112909311741532292 -6.2152471681842396122874561115168 4.0548792324278570831097567861434 -3.4270942172844769402217934839427 -3.4745877844575674409099974582205 -12.984642749951625262383458903059 -5.5362200523506190918965330638457 5.6130390120956112909311741532292 -6.2152471681842396122874561115168 4.0548792324278570831097567861434 -3.4270942172844769402217934839427 -3.4745877844575674409099974582205 -12.984642749951625262383458903059 

1 1 1 1 1 1 1 1 1 1 1 1 1 1 1 1 1 1 1 1 1 1 1 1 1 1 1 1 1 1 1 1 1 1 1 1 1 1 1 1 1 1 1 1 1 1 1 1 1 

5.5362200523506190918965330638457 -5.6130390120956112909311741532292 6.2152471681842396122874561115168 -4.0548792324278570831097567861434 3.4270942172844769402217934839427 3.4745877844575674409099974582205 12.984642749951625262383458903059 5.5362200523506190918965330638457 -5.6130390120956112909311741532292 6.2152471681842396122874561115168 -4.0548792324278570831097567861434 3.4270942172844769402217934839427 3.4745877844575674409099974582205 12.984642749951625262383458903059 5.5362200523506190918965330638457 -5.6130390120956112909311741532292 6.2152471681842396122874561115168 -4.0548792324278570831097567861434 3.4270942172844769402217934839427 3.4745877844575674409099974582205 12.984642749951625262383458903059 5.5362200523506190918965330638457 -5.6130390120956112909311741532292 6.2152471681842396122874561115168 -4.0548792324278570831097567861434 3.4270942172844769402217934839427 3.4745877844575674409099974582205 12.984642749951625262383458903059 5.5362200523506190918965330638457 -5.6130390120956112909311741532292 6.2152471681842396122874561115168 -4.0548792324278570831097567861434 3.4270942172844769402217934839427 3.4745877844575674409099974582205 12.984642749951625262383458903059 5.5362200523506190918965330638457 -5.6130390120956112909311741532292 6.2152471681842396122874561115168 -4.0548792324278570831097567861434 3.4270942172844769402217934839427 3.4745877844575674409099974582205 12.984642749951625262383458903059 5.5362200523506190918965330638457 -5.6130390120956112909311741532292 6.2152471681842396122874561115168 -4.0548792324278570831097567861434 3.4270942172844769402217934839427 3.4745877844575674409099974582205 12.984642749951625262383458903059 

2  1 9.5396201561398505930355895543471  3 14.085530768596290940308790595736  
2  2 -6.9921711193194893141367174393963  1 -11.175543599152971907528808515053  
2  3 3.7969679880517417380758615763625  2 14.970249455405001626218108867761  
5  4 -7.2358267954781032571531795838382  2 10.774429860482673149135735002346  6 7.879259625795737242981431336375  7 -8.0652552916587723075281246565282  14 -8.0690777754831497503573700669222  
2  5 -3.8882675402592221658437665610109  1 9.0988898041406400807318277657032  
2  6 -5.2705760488675386099544084572699  5 15  
2  7 -3.3611215047671314515298490732675  5 -12.398331383440673647555740899406  
2  8 9.5396201561398505930355895543471  10 14.085530768596290940308790595736  
2  9 -6.9921711193194893141367174393963  8 -11.175543599152971907528808515053  
2  10 3.7969679880517417380758615763625  9 14.970249455405001626218108867761  
6  3 2.1373285936725885392206691903993  11 -7.2358267954781032571531795838382  9 10.774429860482673149135735002346  13 7.879259625795737242981431336375  14 -8.0652552916587723075281246565282  21 -8.0690777754831497503573700669222  
2  12 -3.8882675402592221658437665610109  8 9.0988898041406400807318277657032  
2  13 -5.2705760488675386099544084572699  12 15  
2  14 -3.3611215047671314515298490732675  12 -12.398331383440673647555740899406  
2  15 9.5396201561398505930355895543471  17 14.085530768596290940308790595736  
2  16 -6.9921711193194893141367174393963  15 -11.175543599152971907528808515053  
2  17 3.7969679880517417380758615763625  16 14.970249455405001626218108867761  
6  10 2.1373285936725885392206691903993  18 -7.2358267954781032571531795838382  16 10.774429860482673149135735002346  20 7.879259625795737242981431336375  21 -8.0652552916587723075281246565282  28 -8.0690777754831497503573700669222  
2  19 -3.8882675402592221658437665610109  15 9.0988898041406400807318277657032  
2  20 -5.2705760488675386099544084572699  19 15  
2  21 -3.3611215047671314515298490732675  19 -12.398331383440673647555740899406  
2  22 9.5396201561398505930355895543471  24 14.085530768596290940308790595736  
2  23 -6.9921711193194893141367174393963  22 -11.175543599152971907528808515053  
2  24 3.7969679880517417380758615763625  23 14.970249455405001626218108867761  
6  17 2.1373285936725885392206691903993  25 -7.2358267954781032571531795838382  23 10.774429860482673149135735002346  27 7.879259625795737242981431336375  28 -8.0652552916587723075281246565282  35 -8.0690777754831497503573700669222  
2  26 -3.8882675402592221658437665610109  22 9.0988898041406400807318277657032  
2  27 -5.2705760488675386099544084572699  26 15  
2  28 -3.3611215047671314515298490732675  26 -12.398331383440673647555740899406  
2  29 9.5396201561398505930355895543471  31 14.085530768596290940308790595736  
2  30 -6.9921711193194893141367174393963  29 -11.175543599152971907528808515053  
2  31 3.7969679880517417380758615763625  30 14.970249455405001626218108867761  
6  24 2.1373285936725885392206691903993  32 -7.2358267954781032571531795838382  30 10.774429860482673149135735002346  34 7.879259625795737242981431336375  35 -8.0652552916587723075281246565282  42 -8.0690777754831497503573700669222  
2  33 -3.8882675402592221658437665610109  29 9.0988898041406400807318277657032  
2  34 -5.2705760488675386099544084572699  33 15  
2  35 -3.3611215047671314515298490732675  33 -12.398331383440673647555740899406  
2  36 9.5396201561398505930355895543471  38 14.085530768596290940308790595736  
2  37 -6.9921711193194893141367174393963  36 -11.175543599152971907528808515053  
2  38 3.7969679880517417380758615763625  37 14.970249455405001626218108867761  
6  31 2.1373285936725885392206691903993  39 -7.2358267954781032571531795838382  37 10.774429860482673149135735002346  41 7.879259625795737242981431336375  42 -8.0652552916587723075281246565282  49 -8.0690777754831497503573700669222  
2  40 -3.8882675402592221658437665610109  36 9.0988898041406400807318277657032  
2  41 -5.2705760488675386099544084572699  40 15  
2  42 -3.3611215047671314515298490732675  40 -12.398331383440673647555740899406  
2  43 9.5396201561398505930355895543471  45 14.085530768596290940308790595736  
2  44 -6.9921711193194893141367174393963  43 -11.175543599152971907528808515053  
2  45 3.7969679880517417380758615763625  44 14.970249455405001626218108867761  
5  38 2.1373285936725885392206691903993  46 -7.2358267954781032571531795838382  44 10.774429860482673149135735002346  48 7.879259625795737242981431336375  49 -8.0652552916587723075281246565282  
2  47 -3.8882675402592221658437665610109  43 9.0988898041406400807318277657032  
2  48 -5.2705760488675386099544084572699  47 15  
2  49 -3.3611215047671314515298490732675  47 -12.398331383440673647555740899406  

1  14 0.81983716329660016874925076990621  
1  8 0.25750352680403998384406349941855  
0  
1  5 1.866683824130404012464623519918  
1  4 1.866683824130404012464623519918  
1  10 1.7535159245082985179919887741562  
0  
2  2 0.25750352680403998384406349941855  21 0.81983716329660016874925076990621  
1  15 0.25750352680403998384406349941855  
1  6 1.7535159245082985179919887741562  
1  12 1.866683824130404012464623519918  
1  11 1.866683824130404012464623519918  
1  17 1.7535159245082985179919887741562  
1  1 0.81983716329660016874925076990621  
2  9 0.25750352680403998384406349941855  28 0.81983716329660016874925076990621  
1  22 0.25750352680403998384406349941855  
1  13 1.7535159245082985179919887741562  
1  19 1.866683824130404012464623519918  
1  18 1.866683824130404012464623519918  
1  24 1.7535159245082985179919887741562  
1  8 0.81983716329660016874925076990621  
2  16 0.25750352680403998384406349941855  35 0.81983716329660016874925076990621  
1  29 0.25750352680403998384406349941855  
1  20 1.7535159245082985179919887741562  
1  26 1.866683824130404012464623519918  
1  25 1.866683824130404012464623519918  
1  31 1.7535159245082985179919887741562  
1  15 0.81983716329660016874925076990621  
2  23 0.25750352680403998384406349941855  42 0.81983716329660016874925076990621  
1  36 0.25750352680403998384406349941855  
1  27 1.7535159245082985179919887741562  
1  33 1.866683824130404012464623519918  
1  32 1.866683824130404012464623519918  
1  38 1.7535159245082985179919887741562  
1  22 0.81983716329660016874925076990621  
2  30 0.25750352680403998384406349941855  49 0.81983716329660016874925076990621  
1  43 0.25750352680403998384406349941855  
1  34 1.7535159245082985179919887741562  
1  40 1.866683824130404012464623519918  
1  39 1.866683824130404012464623519918  
1  45 1.7535159245082985179919887741562  
1  29 0.81983716329660016874925076990621  
1  37 0.25750352680403998384406349941855  
0  
1  41 1.7535159245082985179919887741562  
1  47 1.866683824130404012464623519918  
1  46 1.866683824130404012464623519918  
0  
1  36 0.81983716329660016874925076990621  
