49 9 6

0.29141100292043531361230179754784 0.53176756611163666921271442333818 0.99886029292495415177199902245775 1.9904792642142303815688819668139 0.99327479191198186914135703773354 2.3105286346477509340502365375869 1.9800986343151065760537221649429 0.29141100292043531361230179754784 0.53176756611163666921271442333818 0.99886029292495415177199902245775 1.9904792642142303815688819668139 0.99327479191198186914135703773354 2.3105286346477509340502365375869 1.9800986343151065760537221649429 0.29141100292043531361230179754784 0.53176756611163666921271442333818 0.99886029292495415177199902245775 1.9904792642142303815688819668139 0.99327479191198186914135703773354 2.3105286346477509340502365375869 1.9800986343151065760537221649429 0.29141100292043531361230179754784 0.53176756611163666921271442333818 0.99886029292495415177199902245775 1.9904792642142303815688819668139 0.99327479191198186914135703773354 2.3105286346477509340502365375869 1.9800986343151065760537221649429 0.29141100292043531361230179754784 0.53176756611163666921271442333818 0.99886029292495415177199902245775 1.9904792642142303815688819668139 0.99327479191198186914135703773354 2.3105286346477509340502365375869 1.9800986343151065760537221649429 0.29141100292043531361230179754784 0.53176756611163666921271442333818 0.99886029292495415177199902245775 1.9904792642142303815688819668139 0.99327479191198186914135703773354 2.3105286346477509340502365375869 1.9800986343151065760537221649429 0.29141100292043531361230179754784 0.53176756611163666921271442333818 0.99886029292495415177199902245775 1.9904792642142303815688819668139 0.99327479191198186914135703773354 2.3105286346477509340502365375869 1.9800986343151065760537221649429 

0.054271076788911402910553505307689 -0.79606731813892417370936982479179 -3.6113578558241212768109562603058 12.930995634140906247466773493215 -0.756354859573334148414858191245 -3.5299530231464819607367644493934 3.4049789189686423540592841163743 0.054271076788911402910553505307689 -0.79606731813892417370936982479179 -3.6113578558241212768109562603058 12.930995634140906247466773493215 -0.756354859573334148414858191245 -3.5299530231464819607367644493934 3.4049789189686423540592841163743 0.054271076788911402910553505307689 -0.79606731813892417370936982479179 -3.6113578558241212768109562603058 12.930995634140906247466773493215 -0.756354859573334148414858191245 -3.5299530231464819607367644493934 3.4049789189686423540592841163743 0.054271076788911402910553505307689 -0.79606731813892417370936982479179 -3.6113578558241212768109562603058 12.930995634140906247466773493215 -0.756354859573334148414858191245 -3.5299530231464819607367644493934 3.4049789189686423540592841163743 0.054271076788911402910553505307689 -0.79606731813892417370936982479179 -3.6113578558241212768109562603058 12.930995634140906247466773493215 -0.756354859573334148414858191245 -3.5299530231464819607367644493934 3.4049789189686423540592841163743 0.054271076788911402910553505307689 -0.79606731813892417370936982479179 -3.6113578558241212768109562603058 12.930995634140906247466773493215 -0.756354859573334148414858191245 -3.5299530231464819607367644493934 3.4049789189686423540592841163743 0.054271076788911402910553505307689 -0.79606731813892417370936982479179 -3.6113578558241212768109562603058 12.930995634140906247466773493215 -0.756354859573334148414858191245 -3.5299530231464819607367644493934 3.4049789189686423540592841163743 

1 1 1 1 1 1 1 1 1 1 1 1 1 1 1 1 1 1 1 1 1 1 1 1 1 1 1 1 1 1 1 1 1 1 1 1 1 1 1 1 1 1 1 1 1 1 1 1 1 

-0.054271076788911402910553505307689 0.79606731813892417370936982479179 3.6113578558241212768109562603058 -12.930995634140906247466773493215 0.756354859573334148414858191245 3.5299530231464819607367644493934 -3.4049789189686423540592841163743 -0.054271076788911402910553505307689 0.79606731813892417370936982479179 3.6113578558241212768109562603058 -12.930995634140906247466773493215 0.756354859573334148414858191245 3.5299530231464819607367644493934 -3.4049789189686423540592841163743 -0.054271076788911402910553505307689 0.79606731813892417370936982479179 3.6113578558241212768109562603058 -12.930995634140906247466773493215 0.756354859573334148414858191245 3.5299530231464819607367644493934 -3.4049789189686423540592841163743 -0.054271076788911402910553505307689 0.79606731813892417370936982479179 3.6113578558241212768109562603058 -12.930995634140906247466773493215 0.756354859573334148414858191245 3.5299530231464819607367644493934 -3.4049789189686423540592841163743 -0.054271076788911402910553505307689 0.79606731813892417370936982479179 3.6113578558241212768109562603058 -12.930995634140906247466773493215 0.756354859573334148414858191245 3.5299530231464819607367644493934 -3.4049789189686423540592841163743 -0.054271076788911402910553505307689 0.79606731813892417370936982479179 3.6113578558241212768109562603058 -12.930995634140906247466773493215 0.756354859573334148414858191245 3.5299530231464819607367644493934 -3.4049789189686423540592841163743 -0.054271076788911402910553505307689 0.79606731813892417370936982479179 3.6113578558241212768109562603058 -12.930995634140906247466773493215 0.756354859573334148414858191245 3.5299530231464819607367644493934 -3.4049789189686423540592841163743 

2  1 8.5046091632287925676791928708553  3 11.724820883123143744342087302357  
2  2 7.0443241161387186721754005702678  1 -14.959989114714526081684198288713  
2  3 -0.070910786400804171059064628934721  2 14.301027303404929114094557007775  
5  4 0.82855752064562360192923051727121  2 -2.8137807850796794362224773067283  6 -10.905838918980482077358828973956  7 14.327103633967807283511319837999  14 8.3700891667926722305992370820604  
2  5 2.1723180225994611625139896204928  1 -14.784037556526580914351143292151  
2  6 -5.948425655219124585926238069078  5 12.905909971902220334527555678505  
2  7 -11.97012746495286172887517750496  5 11.909245118822724407436908222735  
2  8 8.5046091632287925676791928708553  10 11.724820883123143744342087302357  
2  9 7.0443241161387186721754005702678  8 -14.959989114714526081684198288713  
2  10 -0.070910786400804171059064628934721  9 14.301027303404929114094557007775  
6  3 -10.893535533450348751216552045662  11 0.82855752064562360192923051727121  9 -2.8137807850796794362224773067283  13 -10.905838918980482077358828973956  14 14.327103633967807283511319837999  21 8.3700891667926722305992370820604  
2  12 2.1723180225994611625139896204928  8 -14.784037556526580914351143292151  
2  13 -5.948425655219124585926238069078  12 12.905909971902220334527555678505  
2  14 -11.97012746495286172887517750496  12 11.909245118822724407436908222735  
2  15 8.5046091632287925676791928708553  17 11.724820883123143744342087302357  
2  16 7.0443241161387186721754005702678  15 -14.959989114714526081684198288713  
2  17 -0.070910786400804171059064628934721  16 14.301027303404929114094557007775  
6  10 -10.893535533450348751216552045662  18 0.82855752064562360192923051727121  16 -2.8137807850796794362224773067283  20 -10.905838918980482077358828973956  21 14.327103633967807283511319837999  28 8.3700891667926722305992370820604  
2  19 2.1723180225994611625139896204928  15 -14.784037556526580914351143292151  
2  20 -5.948425655219124585926238069078  19 12.905909971902220334527555678505  
2  21 -11.97012746495286172887517750496  19 11.909245118822724407436908222735  
2  22 8.5046091632287925676791928708553  24 11.724820883123143744342087302357  
2  23 7.0443241161387186721754005702678  22 -14.959989114714526081684198288713  
2  24 -0.070910786400804171059064628934721  23 14.301027303404929114094557007775  
6  17 -10.893535533450348751216552045662  25 0.82855752064562360192923051727121  23 -2.8137807850796794362224773067283  27 -10.905838918980482077358828973956  28 14.327103633967807283511319837999  35 8.3700891667926722305992370820604  
2  26 2.1723180225994611625139896204928  22 -14.784037556526580914351143292151  
2  27 -5.948425655219124585926238069078  26 12.905909971902220334527555678505  
2  28 -11.97012746495286172887517750496  26 11.909245118822724407436908222735  
2  29 8.5046091632287925676791928708553  31 11.724820883123143744342087302357  
2  30 7.0443241161387186721754005702678  29 -14.959989114714526081684198288713  
2  31 -0.070910786400804171059064628934721  30 14.301027303404929114094557007775  
6  24 -10.893535533450348751216552045662  32 0.82855752064562360192923051727121  30 -2.8137807850796794362224773067283  34 -10.905838918980482077358828973956  35 14.327103633967807283511319837999  42 8.3700891667926722305992370820604  
2  33 2.1723180225994611625139896204928  29 -14.784037556526580914351143292151  
2  34 -5.948425655219124585926238069078  33 12.905909971902220334527555678505  
2  35 -11.97012746495286172887517750496  33 11.909245118822724407436908222735  
2  36 8.5046091632287925676791928708553  38 11.724820883123143744342087302357  
2  37 7.0443241161387186721754005702678  36 -14.959989114714526081684198288713  
2  38 -0.070910786400804171059064628934721  37 14.301027303404929114094557007775  
6  31 -10.893535533450348751216552045662  39 0.82855752064562360192923051727121  37 -2.8137807850796794362224773067283  41 -10.905838918980482077358828973956  42 14.327103633967807283511319837999  49 8.3700891667926722305992370820604  
2  40 2.1723180225994611625139896204928  36 -14.784037556526580914351143292151  
2  41 -5.948425655219124585926238069078  40 12.905909971902220334527555678505  
2  42 -11.97012746495286172887517750496  40 11.909245118822724407436908222735  
2  43 8.5046091632287925676791928708553  45 11.724820883123143744342087302357  
2  44 7.0443241161387186721754005702678  43 -14.959989114714526081684198288713  
2  45 -0.070910786400804171059064628934721  44 14.301027303404929114094557007775  
5  38 -10.893535533450348751216552045662  46 0.82855752064562360192923051727121  44 -2.8137807850796794362224773067283  48 -10.905838918980482077358828973956  49 14.327103633967807283511319837999  
2  47 2.1723180225994611625139896204928  43 -14.784037556526580914351143292151  
2  48 -5.948425655219124585926238069078  47 12.905909971902220334527555678505  
2  49 -11.97012746495286172887517750496  47 11.909245118822724407436908222735  

1  14 0.75944418477385466914597600407433  
1  8 1.2104667605726797674492445366923  
0  
1  5 1.5030740505247046634451635327423  
1  4 1.5030740505247046634451635327423  
1  10 0.52412079239968945021388435634435  
0  
2  2 1.2104667605726797674492445366923  21 0.75944418477385466914597600407433  
1  15 1.2104667605726797674492445366923  
1  6 0.52412079239968945021388435634435  
1  12 1.5030740505247046634451635327423  
1  11 1.5030740505247046634451635327423  
1  17 0.52412079239968945021388435634435  
1  1 0.75944418477385466914597600407433  
2  9 1.2104667605726797674492445366923  28 0.75944418477385466914597600407433  
1  22 1.2104667605726797674492445366923  
1  13 0.52412079239968945021388435634435  
1  19 1.5030740505247046634451635327423  
1  18 1.5030740505247046634451635327423  
1  24 0.52412079239968945021388435634435  
1  8 0.75944418477385466914597600407433  
2  16 1.2104667605726797674492445366923  35 0.75944418477385466914597600407433  
1  29 1.2104667605726797674492445366923  
1  20 0.52412079239968945021388435634435  
1  26 1.5030740505247046634451635327423  
1  25 1.5030740505247046634451635327423  
1  31 0.52412079239968945021388435634435  
1  15 0.75944418477385466914597600407433  
2  23 1.2104667605726797674492445366923  42 0.75944418477385466914597600407433  
1  36 1.2104667605726797674492445366923  
1  27 0.52412079239968945021388435634435  
1  33 1.5030740505247046634451635327423  
1  32 1.5030740505247046634451635327423  
1  38 0.52412079239968945021388435634435  
1  22 0.75944418477385466914597600407433  
2  30 1.2104667605726797674492445366923  49 0.75944418477385466914597600407433  
1  43 1.2104667605726797674492445366923  
1  34 0.52412079239968945021388435634435  
1  40 1.5030740505247046634451635327423  
1  39 1.5030740505247046634451635327423  
1  45 0.52412079239968945021388435634435  
1  29 0.75944418477385466914597600407433  
1  37 1.2104667605726797674492445366923  
0  
1  41 0.52412079239968945021388435634435  
1  47 1.5030740505247046634451635327423  
1  46 1.5030740505247046634451635327423  
0  
1  36 0.75944418477385466914597600407433  
