50.005 0
50.055 9.28512e-05
50.105 0.000100949
50.155 0.000120902
50.205 0.000150993
50.255 0.000188024
50.305 0.000219735
50.355 0.000235928
50.405 0.000239055
50.455 0.000233533
50.505 0.000223019
50.555 0.000207715
50.605 0.000193995
50.655 0.000183309
50.705 0.000170571
50.755 0.000157338
50.805 0.000150307
50.855 0.000148786
50.905 0.000152424
50.955 0.000161683
51.005 0.000171795
51.055 0.000178357
51.105 0.000179923
51.155 0.000178752
51.205 0.000175242
51.255 0.000178406
51.305 0.000190171
51.355 0.000198697
51.405 0.00019773
51.455 0.000191202
51.505 0.000184923
51.555 0.000181607
51.605 0.000180494
51.655 0.000182252
51.705 0.000184656
51.755 0.000181193
51.805 0.000171732
51.855 0.000162109
51.905 0.000157647
51.955 0.000159678
52.005 0.000162858
52.055 0.000158676
52.105 0.000145591
52.155 0.000128374
52.205 0.00011202
52.255 9.9536e-05
52.305 9.17744e-05
52.355 8.95427e-05
52.405 9.4983e-05
52.455 0.00011048
52.505 0.000136926
52.555 0.000172704
52.605 0.000210594
52.655 0.000233969
52.705 0.000241678
52.755 0.000238049
52.805 0.00022793
52.855 0.000212291
52.905 0.000197549
52.955 0.000185961
53.005 0.000172773
53.055 0.000158946
53.105 0.000151375
53.155 0.000149788
53.205 0.000151743
53.255 0.000159162
53.305 0.000168555
53.355 0.000176359
53.405 0.000179528
53.455 0.000179399
53.505 0.000176383
53.555 0.000179459
53.605 0.000190808
53.655 0.000199197
53.705 0.000198562
53.755 0.000192803
53.805 0.000187299
53.855 0.000184299
53.905 0.000182793
53.955 0.000183727
54.005 0.000185502
54.055 0.000181899
54.105 0.00017239
54.155 0.000162702
54.205 0.000158369
54.255 0.000160486
54.305 0.000162935
54.355 0.00015751
54.405 0.00014353
54.455 0.000125885
54.505 0.000109577
54.555 9.7248e-05
54.605 8.93346e-05
54.655 8.60852e-05
54.705 8.80565e-05
54.755 9.65193e-05
54.805 0.000115543
54.855 0.000146957
54.905 0.00018872
54.955 0.000223575
55.005 0.000240874
55.055 0.000242499
55.105 0.000234782
55.155 0.000220332
55.205 0.000204192
55.255 0.000191007
55.305 0.000177234
55.355 0.00016245
55.405 0.000153416
55.455 0.000151165
55.505 0.000152572
55.555 0.000156173
55.605 0.000163248
55.655 0.000171689
55.705 0.00017704
55.755 0.000178914
55.805 0.000177366
55.855 0.000179642
55.905 0.000190403
55.955 0.000199368
56.005 0.000199947
56.055 0.000195354
56.105 0.00019067
56.155 0.000187955
56.205 0.000186008
56.255 0.000185857
56.305 0.000186924
56.355 0.000183515
56.405 0.000174021
56.455 0.000163766
56.505 0.000158745
56.555 0.000160298
56.605 0.000162117
56.655 0.000156147
56.705 0.000141846
56.755 0.000123977
56.805 0.000107604
56.855 9.52044e-05
56.905 8.69841e-05
56.955 8.27232e-05
57.005 8.15867e-05
57.055 8.21668e-05
57.105 8.86816e-05
57.155 0.000108719
57.205 0.000144374
57.255 0.000191392
57.305 0.000225378
57.355 0.000240473
57.405 0.000240743
57.455 0.000231853
57.505 0.000216048
57.555 0.000200621
57.605 0.000185804
57.655 0.000169477
57.705 0.0001575
57.755 0.000153291
57.805 0.000154061
57.855 0.000155996
57.905 0.000158437
57.955 0.000163471
58.005 0.000169701
58.055 0.000174172
58.105 0.000175715
58.155 0.000177797
58.205 0.000187932
58.255 0.000198113
58.305 0.000200955
58.355 0.000198081
58.405 0.000194555
58.455 0.00019217
58.505 0.000190224
58.555 0.000189223
58.605 0.000189606
58.655 0.000186705
58.705 0.00017725
58.755 0.000165648
58.805 0.000158595
58.855 0.000158498
58.905 0.000159662
58.955 0.000153915
59.005 0.000140044
59.055 0.000122283
59.105 0.00010578
59.155 9.30886e-05
59.205 8.43831e-05
59.255 7.9188e-05
59.305 7.6055e-05
59.355 7.16517e-05
59.405 6.59427e-05
59.455 6.55737e-05
59.505 8.06561e-05
59.555 0.000114721
59.605 0.0001619
59.655 0.000203748
59.705 0.000227318
59.755 0.000234801
59.805 0.000230484
59.855 0.000217409
59.905 0.00020196
59.955 0.000183608
60.005 0.000166624
60.055 0.0001577
60.105 0.000155737
60.155 0.000156956
60.205 0.000158561
60.255 0.000158788
60.305 0.000158981
60.355 0.000160697
60.405 0.000164166
60.455 0.000168493
60.505 0.000178816
60.555 0.000191041
60.605 0.000197776
60.655 0.000197999
60.705 0.000196388
60.755 0.00019499
60.805 0.000193815
60.855 0.000192939
60.905 0.000193374
60.955 0.00019215
61.005 0.000183701
61.055 0.000170085
61.105 0.000158811
61.155 0.000154599
61.205 0.000153824
61.255 0.000148474
61.305 0.000135916
61.355 0.000119047
61.405 0.000102774
61.455 8.98658e-05
61.505 8.0665e-05
61.555 7.46337e-05
61.605 7.03593e-05
61.655 6.41877e-05
61.705 5.41096e-05
61.755 4.18221e-05
61.805 3.09845e-05
61.855 2.75842e-05
61.905 4.01694e-05
61.955 7.2128e-05
62.005 0.000118609
62.055 0.000164711
62.105 0.000197437
62.155 0.000214888
62.205 0.000216626
62.255 0.000205907
62.305 0.000187498
62.355 0.000170286
62.405 0.000160191
62.455 0.000156246
62.505 0.000156017
62.555 0.000156909
62.605 0.000156409
62.655 0.00015286
62.705 0.000146703
62.755 0.000143338
62.805 0.000148858
62.855 0.000160698
62.905 0.000172505
62.955 0.000179537
63.005 0.000183645
63.055 0.000186718
63.105 0.00018855
63.155 0.000189716
63.205 0.000191645
63.255 0.000194321
63.305 0.000191609
63.355 0.000180084
63.405 0.000165175
63.455 0.000153684
63.505 0.000145936
63.555 0.000136696
63.605 0.000123448
63.655 0.000107512
63.705 9.2458e-05
63.755 8.05665e-05
63.805 7.20514e-05
63.855 6.62212e-05
63.905 6.18896e-05
63.955 5.57916e-05
64.005 4.52955e-05
64.055 3.14407e-05
64.105 1.68062e-05
64.155 3.21846e-06
64.205 1.09724e-05
64.255 2.49591e-05
64.305 3.71021e-05
64.355 3.69989e-05
64.405 1.51014e-05
64.455 3.06062e-05
64.505 8.51271e-05
64.555 0.000134563
64.605 0.00016696
64.655 0.000179848
64.705 0.000177388
64.755 0.00016628
64.805 0.000154602
64.855 0.000147101
64.905 0.000143425
64.955 0.000140534
65.005 0.000136144
65.055 0.000131476
65.105 0.000127492
65.155 0.00012322
65.205 0.000117451
65.255 0.000111111
65.305 0.000109686
65.355 0.000115815
65.405 0.000126603
65.455 0.000138447
65.505 0.000150373
65.555 0.0001634
65.605 0.000172607
65.655 0.000171536
65.705 0.000163017
65.755 0.00015364
65.805 0.000144729
65.855 0.000131766
65.905 0.000112962
65.955 9.09265e-05
66.005 7.01893e-05
66.055 5.3689e-05
66.105 4.21001e-05
66.155 3.47719e-05
66.205 3.04539e-05
66.255 2.62411e-05
66.305 1.8865e-05
66.355 8.72907e-06
66.405 3.92032e-06
66.455 1.14748e-05
66.505 1.74792e-05
66.555 2.19864e-05
66.605 2.5545e-05
66.655 2.85159e-05
66.705 3.1802e-05
66.755 3.52133e-05
66.805 4.08947e-05
66.855 4.45668e-05
66.905 3.27196e-05
66.955 9.05226e-06
67.005 5.51066e-05
67.055 9.65206e-05
67.105 0.000117636
67.155 0.000120908
67.205 0.000106546
67.255 8.22083e-05
67.305 5.93278e-05
67.355 4.43913e-05
67.405 3.75902e-05
67.455 3.65865e-05
67.505 3.8449e-05
67.555 4.3415e-05
67.605 5.32417e-05
67.655 6.81078e-05
67.705 8.16464e-05
67.755 8.3516e-05
67.805 7.62785e-05
67.855 7.58264e-05
67.905 7.88458e-05
67.955 7.97078e-05
68.005 7.87333e-05
68.055 7.91446e-05
68.105 8.05138e-05
68.155 8.25701e-05
68.205 8.3997e-05
68.255 8.34774e-05
68.305 8.0225e-05
68.355 7.45461e-05
68.405 6.72361e-05
68.455 5.98416e-05
68.505 5.50576e-05
68.555 6.27674e-05
68.605 7.28434e-05
68.655 7.67061e-05
68.705 7.49601e-05
68.755 7.0063e-05
68.805 6.26117e-05
68.855 5.31006e-05
68.905 4.26542e-05
68.955 3.26292e-05
69.005 2.39954e-05
69.055 1.7482e-05
69.105 1.37333e-05
69.155 1.37222e-05
69.205 1.89302e-05
69.255 3.17029e-05
69.305 5.46123e-05
69.355 8.62357e-05
69.405 0.000119162
69.455 0.000147137
69.505 0.000157068
69.555 0.000148315
69.605 0.000130077
69.655 0.000109206
69.705 9.15044e-05
69.755 8.24974e-05
69.805 8.37928e-05
69.855 9.19901e-05
69.905 0.000102992
69.955 0.000112775
70.005 0.000118496
70.055 0.000115264
70.105 0.000110605
70.155 0.000105872
70.205 0.000104975
70.255 0.000107018
70.305 0.000108468
70.355 0.000107359
70.405 0.000103691
70.455 9.83392e-05
70.505 9.29712e-05
70.555 8.96871e-05
70.605 9.12129e-05
70.655 0.000106478
70.705 0.000122351
70.755 0.000127162
70.805 0.000121983
70.855 0.000112068
70.905 0.000101765
70.955 9.24455e-05
71.005 8.46513e-05
71.055 8.02046e-05
71.105 8.39023e-05
71.155 9.12954e-05
71.205 9.17702e-05
71.255 8.64761e-05
71.305 8.0575e-05
71.355 7.49583e-05
71.405 6.9476e-05
71.455 6.44815e-05
71.505 6.20814e-05
71.555 6.73451e-05
71.605 8.52759e-05
71.655 0.000116673
71.705 0.000156122
71.755 0.000177487
71.805 0.000175257
71.855 0.000161772
71.905 0.000147564
71.955 0.000137983
72.005 0.00013369
72.055 0.000131166
72.105 0.000125955
72.155 0.000118993
72.205 0.000112697
72.255 0.000107531
72.305 0.000106319
72.355 0.000117507
72.405 0.000132009
72.455 0.00014436
72.505 0.000150474
72.555 0.000148737
72.605 0.000140482
72.655 0.000128588
72.705 0.000116779
72.755 0.000108847
72.805 0.000114009
72.855 0.000137022
72.905 0.000161898
72.955 0.000176851
73.005 0.000176508
73.055 0.00016398
73.105 0.000145359
73.155 0.000127495
73.205 0.000115088
73.255 0.000112933
73.305 0.000118152
73.355 0.000119627
73.405 0.000115152
73.455 0.000108153
73.505 0.000101138
73.555 9.38644e-05
73.605 8.697e-05
73.655 8.2161e-05
73.705 8.29256e-05
73.755 9.14422e-05
73.805 0.000104914
73.855 0.000123972
73.905 0.000150416
73.955 0.000182034
74.005 0.000200789
74.055 0.000201457
74.105 0.000189872
74.155 0.00017426
74.205 0.00016275
74.255 0.000158277
74.305 0.000154577
74.355 0.000148592
74.405 0.000143346
74.455 0.000138061
74.505 0.000130707
74.555 0.000125697
74.605 0.000132904
74.655 0.000144229
74.705 0.000153435
74.755 0.000158874
74.805 0.000160323
74.855 0.000156576
74.905 0.000150005
74.955 0.000145176
75.005 0.000146133
75.055 0.000162466
75.105 0.000180484
75.155 0.00018572
75.205 0.000175469
75.255 0.000157776
75.305 0.000140323
75.355 0.00012983
75.405 0.000129436
75.455 0.000140029
75.505 0.000153602
75.555 0.000158368
75.605 0.000152754
75.655 0.000141411
75.705 0.000128433
75.755 0.000116423
75.805 0.000107818
75.855 0.000105821
75.905 0.000111188
75.955 0.000117412
76.005 0.000121082
76.055 0.000127284
76.105 0.000141836
76.155 0.000164424
76.205 0.000189928
76.255 0.000205227
76.305 0.000205349
76.355 0.000199208
76.405 0.000190752
76.455 0.000181586
76.505 0.000174761
76.555 0.000169698
76.605 0.000165194
76.655 0.000160648
76.705 0.000153359
76.755 0.000143317
76.805 0.000137609
76.855 0.000147361
76.905 0.000163116
76.955 0.000174146
77.005 0.000176855
77.055 0.000172128
77.105 0.00016331
77.155 0.000155196
77.205 0.000151331
77.255 0.000151511
77.305 0.000165146
77.355 0.000180875
77.405 0.000186764
77.455 0.000180748
77.505 0.000168236
77.555 0.000156993
77.605 0.000153035
77.655 0.000158336
77.705 0.000168965
77.755 0.00017354
77.805 0.000166345
77.855 0.000152104
77.905 0.000137234
77.955 0.000125632
78.005 0.000119732
78.055 0.000121457
78.105 0.00012957
78.155 0.000136361
78.205 0.000136784
78.255 0.00013285
78.305 0.000130345
78.355 0.000136029
78.405 0.000152508
78.455 0.000177512
78.505 0.000204155
78.555 0.000216468
78.605 0.000214155
78.655 0.000204185
78.705 0.000193361
78.755 0.000185193
78.805 0.000179603
78.855 0.000174056
78.905 0.000170299
78.955 0.000167254
79.005 0.000160389
79.055 0.000152653
79.105 0.000152789
79.155 0.000162319
79.205 0.000171549
79.255 0.000175031
79.305 0.000172468
79.355 0.000165987
79.405 0.000159599
79.455 0.000156083
79.505 0.000154723
79.555 0.000165675
79.605 0.000182993
79.655 0.000192412
79.705 0.000188694
79.755 0.00017715
79.805 0.000166449
79.855 0.000162469
79.905 0.000166332
79.955 0.000174433
80.005 0.000177036
80.055 0.000168991
80.105 0.000154886
80.155 0.000141207
80.205 0.000132256
80.255 0.000130291
80.305 0.000135912
80.355 0.000144579
80.405 0.00014756
80.455 0.000142524
80.505 0.000133693
80.555 0.000126672
80.605 0.000127742
80.655 0.000141685
80.705 0.000168455
80.755 0.000202449
80.805 0.000220714
80.855 0.000221335
80.905 0.000211901
80.955 0.000200576
81.005 0.000191505
81.055 0.000186236
81.105 0.000181776
81.155 0.000179967
81.205 0.00017643
81.255 0.00016671
81.305 0.000154913
81.355 0.000149287
81.405 0.000156065
81.455 0.000167106
81.505 0.000174742
81.555 0.00017571
81.605 0.000171076
81.655 0.000165071
81.705 0.000161971
81.755 0.000160832
81.805 0.000165486
81.855 0.000181244
81.905 0.000193359
81.955 0.000193322
82.005 0.000183608
82.055 0.000172315
82.105 0.000166444
82.155 0.000167747
82.205 0.000174569
82.255 0.000179093
82.305 0.000173777
82.355 0.000161093
82.405 0.000147716
82.455 0.000138848
82.505 0.000137188
82.555 0.000142332
82.605 0.000149721
82.655 0.000151384
82.705 0.000144888
82.755 0.000134276
82.805 0.000124753
82.855 0.000122074
82.905 0.000132548
82.955 0.000158104
83.005 0.000192608
83.055 0.000218944
83.105 0.00022512
83.155 0.000217979
83.205 0.000206839
83.255 0.000197174
83.305 0.00019168
83.355 0.000188646
83.405 0.000185518
83.455 0.000180052
83.505 0.000170197
83.555 0.000157381
83.605 0.000148115
83.655 0.000151743
83.705 0.000162887
83.755 0.000172511
83.805 0.000176103
83.855 0.000173746
83.905 0.000168532
83.955 0.000165125
84.005 0.000163453
84.055 0.000163066
84.105 0.000176067
84.155 0.000190679
84.205 0.000195329
84.255 0.000188405
84.305 0.000176813
84.355 0.000168946
84.405 0.000167771
84.455 0.000173122
84.505 0.000179821
84.555 0.000178646
84.605 0.000168321
84.655 0.000154981
84.705 0.000145029
84.755 0.000141519
84.805 0.000144421
84.855 0.000150689
84.905 0.000153241
84.955 0.000147623
85.005 0.000136602
85.055 0.000125303
85.105 0.000119028
85.155 0.000124583
85.205 0.000146117
85.255 0.000179568
85.305 0.000212568
85.355 0.000225937
85.405 0.000222708
85.455 0.000212373
85.505 0.000202164
85.555 0.000195874
85.605 0.000193425
85.655 0.000188885
85.705 0.000182895
85.755 0.000174456
85.805 0.000161494
85.855 0.000149918
85.905 0.000148719
85.955 0.000158631
86.005 0.000169559
86.055 0.000175699
86.105 0.000175769
86.155 0.000171647
86.205 0.000167299
86.255 0.000164723
86.305 0.000162322
86.355 0.000170265
86.405 0.000185666
86.455 0.000194732
86.505 0.000191462
86.555 0.000180674
86.605 0.000170856
86.655 0.000167284
86.705 0.000170668
86.755 0.000178292
86.805 0.000181442
86.855 0.000174547
86.905 0.000162013
86.955 0.000150723
87.005 0.000144836
87.055 0.000145308
87.105 0.00015044
87.155 0.000154407
87.205 0.0001508
87.255 0.000140356
87.305 0.000127932
87.355 0.000118646
87.405 0.000118847
87.455 0.000134459
87.505 0.000164663
87.555 0.000201075
87.605 0.000222948
87.655 0.000225484
87.705 0.000217003
87.755 0.000206482
87.805 0.000199048
87.855 0.000196098
87.905 0.000191835
87.955 0.000185914
88.005 0.000177775
88.055 0.000165778
88.105 0.00015319
88.155 0.000147359
88.205 0.000154372
88.255 0.000165694
88.305 0.000174136
88.355 0.000176783
88.405 0.000174393
88.455 0.000169453
88.505 0.000165912
88.555 0.000163549
88.605 0.000165216
88.655 0.000179732
88.705 0.000192148
88.755 0.000193054
88.805 0.000183977
88.855 0.000172793
88.905 0.000166827
88.955 0.000167807
89.005 0.000174718
89.055 0.000181221
89.105 0.000178724
89.155 0.000168115
89.205 0.000156119
89.255 0.000148086
89.305 0.000146252
89.355 0.000150111
89.405 0.000155218
89.455 0.00015405
89.505 0.000144918
89.555 0.000132035
89.605 0.000120544
89.655 0.000115959
89.705 0.000124988
89.755 0.000149824
89.805 0.000185206
89.855 0.000215966
89.905 0.00022588
89.955 0.000220806
90.005 0.000210593
90.055 0.000201961
90.105 0.000197727
90.155 0.000194471
90.205 0.000188716
90.255 0.000181157
90.305 0.000170629
90.355 0.000157127
90.405 0.000148238
90.455 0.000150344
90.505 0.000161155
90.555 0.000171495
90.605 0.000176809
90.655 0.000176453
90.705 0.000172073
90.755 0.000167641
90.805 0.000164743
90.855 0.000163116
90.905 0.000174205
90.955 0.000188523
91.005 0.00019368
91.055 0.000187168
91.105 0.000175619
91.155 0.000167224
91.205 0.000165496
91.255 0.000170312
91.305 0.000178177
91.355 0.000180185
91.405 0.000172663
91.455 0.000160925
91.505 0.000151257
91.555 0.000147229
91.605 0.000149548
91.655 0.000155251
91.705 0.000156663
91.755 0.00014952
91.805 0.000136917
91.855 0.000123984
91.905 0.000115632
91.955 0.000118362
92.005 0.000136808
92.055 0.000168909
92.105 0.000205367
92.155 0.000223563
92.205 0.000223845
92.255 0.000215078
92.305 0.000205605
92.355 0.000199739
92.405 0.000197132
92.455 0.000191296
92.505 0.000184284
92.555 0.000175168
92.605 0.000161897
92.655 0.000150187
92.705 0.000146897
92.755 0.000155831
92.805 0.000167393
92.855 0.000175342
92.905 0.000177543
92.955 0.000174804
93.005 0.000169869
93.055 0.000166276
93.105 0.000163299
93.155 0.000169736
93.205 0.000184559
93.255 0.00019366
93.305 0.000190523
93.355 0.000179677
93.405 0.000169173
93.455 0.000164711
93.505 0.000166767
93.555 0.00017385
93.605 0.000179265
93.655 0.000175588
93.705 0.000165113
93.755 0.000154389
93.805 0.000148252
93.855 0.000148605
93.905 0.000154053
93.955 0.000157878
94.005 0.000153428
94.055 0.000141888
94.105 0.000128229
94.155 0.000117159
94.205 0.000114319
94.255 0.000125899
94.305 0.000152982
94.355 0.000189431
94.405 0.000217724
94.455 0.000225684
94.505 0.000220091
94.555 0.00021061
94.605 0.00020314
94.655 0.000199411
94.705 0.000194271
94.755 0.000187478
94.805 0.000178775
94.855 0.000166321
94.905 0.000153224
94.955 0.000146047
95.005 0.000150567
95.055 0.000161832
95.105 0.000172021
95.155 0.000177106
95.205 0.000176635
95.255 0.000172324
95.305 0.000168158
95.355 0.000165107
95.405 0.000166297
95.455 0.000180313
95.505 0.000192704
95.555 0.000193743
95.605 0.000184647
95.655 0.000172927
95.705 0.000165883
95.755 0.000165144
95.805 0.000170152
95.855 0.000177086
95.905 0.00017732
95.955 0.000168996
96.005 0.000157842
96.055 0.000149734
96.105 0.000147745
96.155 0.00015192
96.205 0.000157425
96.255 0.000156173
96.305 0.000146544
96.355 0.000132851
96.405 0.000119992
96.455 0.000112592
96.505 0.000117053
96.555 0.000137547
96.605 0.000171137
96.655 0.000207201
96.705 0.000224686
96.755 0.000224853
96.805 0.00021683
96.855 0.000208338
96.905 0.000202924
96.955 0.000198412
97.005 0.000191306
97.055 0.000183022
97.105 0.000172292
97.155 0.000158063
97.205 0.000148076
97.255 0.000146208
97.305 0.000155469
97.355 0.000166888
97.405 0.00017482
97.455 0.000177228
97.505 0.000174724
97.555 0.000170399
97.605 0.00016714
97.655 0.000165393
97.705 0.00017552
97.755 0.000189974
97.805 0.000195894
97.855 0.000189977
97.905 0.000178453
97.955 0.00016898
98.005 0.000165599
98.055 0.000168119
98.105 0.000174777
98.155 0.000178349
98.205 0.00017294
98.255 0.000162102
98.305 0.000152286
98.355 0.000147755
98.405 0.000149798
98.455 0.000155729
98.505 0.000157674
98.555 0.000150769
98.605 0.000137854
98.655 0.000123913
98.705 0.000113139
98.755 0.000110894
98.805 0.000123323
98.855 0.000151483
98.905 0.00018846
98.955 0.000217902
99.005 0.00022735
99.055 0.000223262
99.105 0.000214974
99.155 0.000208076
99.205 0.000203627
99.255 0.000196228
99.305 0.000188052
99.355 0.000178505
99.405 0.000165131
99.455 0.000152396
99.505 0.000146205
99.555 0.000149868
99.605 0.000160411
99.655 0.000170569
99.705 0.000176232
99.755 0.000176538
99.805 0.000172976
99.855 0.00016952
99.905 0.000166613
99.955 0.000170442
100.005 0.000184812
100.055 0.000195615
100.105 0.000194649
100.155 0.000184854
100.205 0.000173826
100.255 0.000167916
100.305 0.000167822
100.355 0.000172907
100.405 0.000178675
100.455 0.000176899
100.505 0.000167431
100.555 0.000156404
100.605 0.000149299
100.655 0.000148627
100.705 0.000153595
100.755 0.000158062
100.805 0.000154565
100.855 0.000143278
100.905 0.00012894
100.955 0.000115906
101.005 0.000108318
101.055 0.000112076
101.105 0.000132012
101.155 0.000165368
101.205 0.000203119
101.255 0.000224215
101.305 0.00022791
101.355 0.000222038
101.405 0.000214565
101.455 0.000208861
101.505 0.000202607
101.555 0.000193826
101.605 0.000184641
101.655 0.000173446
101.705 0.000159542
101.755 0.000149649
101.805 0.000146699
101.855 0.000153837
101.905 0.000164445
101.955 0.000173152
102.005 0.000176988
102.055 0.000175655
102.105 0.00017231
102.155 0.000169456
102.205 0.000167611
102.255 0.000177732
102.305 0.000191644
102.355 0.000197106
102.405 0.000191273
102.455 0.000180421
102.505 0.000171942
102.555 0.000169096
102.605 0.000171653
102.655 0.000177804
102.705 0.000180057
102.755 0.00017352
102.805 0.000162297
102.855 0.000152804
102.905 0.000149016
102.955 0.000151753
103.005 0.000157399
103.055 0.000157714
103.105 0.000149106
103.155 0.00013517
103.205 0.000120748
103.255 0.000109477
103.305 0.000105772
103.355 0.000115662
103.405 0.000141674
103.455 0.000177506
103.505 0.000211775
103.555 0.000227503
103.605 0.000227808
103.655 0.000221618
103.705 0.000215158
103.755 0.000209523
103.805 0.00020064
103.855 0.000191141
103.905 0.000181317
103.955 0.000168342
104.005 0.000155756
104.055 0.000148712
104.105 0.000148555
104.155 0.000157128
104.205 0.0001676
104.255 0.000175167
104.305 0.00017757
104.355 0.000175334
104.405 0.000172468
104.455 0.000169568
104.505 0.000170846
104.555 0.000184065
104.605 0.000195488
104.655 0.000196146
104.705 0.000187771
104.755 0.000177644
104.805 0.000171986
104.855 0.000171477
104.905 0.000175798
104.955 0.000181012
105.005 0.000179145
105.055 0.000169641
105.105 0.000158524
105.155 0.000151427
105.205 0.000150863
105.255 0.000155752
105.305 0.000159491
105.355 0.000154878
105.405 0.000142581
105.455 0.000127523
105.505 0.000113795
105.555 0.00010487
105.605 0.000105314
105.655 0.000120761
105.705 0.000150704
105.755 0.000187252
105.805 0.000217588
105.855 0.000229231
105.905 0.000227839
105.955 0.000222048
106.005 0.000215995
106.055 0.000209068
106.105 0.000198301
106.155 0.000188322
106.205 0.000178233
106.255 0.000165015
106.305 0.000153451
106.355 0.000148429
106.405 0.000150625
106.455 0.000159919
106.505 0.000170179
106.555 0.00017685
106.605 0.000177934
106.655 0.000175564
106.705 0.000172887
106.755 0.000169457
106.805 0.000175391
106.855 0.000188933
106.905 0.000197175
106.955 0.000194345
107.005 0.0001851
107.055 0.000176668
107.105 0.000173011
107.155 0.000174075
107.205 0.000179174
107.255 0.000182224
107.305 0.000177097
107.355 0.000166295
107.405 0.000156326
107.455 0.000151759
107.505 0.000153785
107.555 0.00015907
107.605 0.000159353
107.655 0.000150524
107.705 0.000135984
107.755 0.000120731
107.805 0.000108289
107.855 0.000101919
107.905 0.000106315
107.955 0.000126082
108.005 0.000158021
108.055 0.000194662
108.105 0.000221305
108.155 0.000230383
108.205 0.000228415
108.255 0.000223068
108.305 0.000216512
108.355 0.000207259
108.405 0.000195881
108.455 0.000185615
108.505 0.000174515
108.555 0.000161649
108.605 0.00015195
108.655 0.000148241
108.705 0.000152361
108.755 0.000162164
108.805 0.0001723
108.855 0.000178127
108.905 0.000178258
108.955 0.000175987
109.005 0.000173202
109.055 0.000170451
109.105 0.000179566
109.155 0.000192499
109.205 0.000197664
109.255 0.00019257
109.305 0.000183371
109.355 0.000176609
109.405 0.000174294
109.455 0.000176356
109.505 0.000181307
109.555 0.00018215
109.605 0.000174871
109.655 0.000163849
109.705 0.000155383
109.755 0.000153043
109.805 0.000156745
109.855 0.000160919
109.905 0.000157502
109.955 0.000145573
