49 9 6

0.26205309165969525864170464046765 0.55076177180410945677380141205504 0.58018718777111799589363272389164 0.19930053189233576382832779927412 0.91101802189435776568871006020345 1.41231922803234977159547725023 0.31226578716360231524618029652629 0.26205309165969525864170464046765 0.55076177180410945677380141205504 0.58018718777111799589363272389164 0.19930053189233576382832779927412 0.91101802189435776568871006020345 1.41231922803234977159547725023 0.31226578716360231524618029652629 0.26205309165969525864170464046765 0.55076177180410945677380141205504 0.58018718777111799589363272389164 0.19930053189233576382832779927412 0.91101802189435776568871006020345 1.41231922803234977159547725023 0.31226578716360231524618029652629 0.26205309165969525864170464046765 0.55076177180410945677380141205504 0.58018718777111799589363272389164 0.19930053189233576382832779927412 0.91101802189435776568871006020345 1.41231922803234977159547725023 0.31226578716360231524618029652629 0.26205309165969525864170464046765 0.55076177180410945677380141205504 0.58018718777111799589363272389164 0.19930053189233576382832779927412 0.91101802189435776568871006020345 1.41231922803234977159547725023 0.31226578716360231524618029652629 0.26205309165969525864170464046765 0.55076177180410945677380141205504 0.58018718777111799589363272389164 0.19930053189233576382832779927412 0.91101802189435776568871006020345 1.41231922803234977159547725023 0.31226578716360231524618029652629 0.26205309165969525864170464046765 0.55076177180410945677380141205504 0.58018718777111799589363272389164 0.19930053189233576382832779927412 0.91101802189435776568871006020345 1.41231922803234977159547725023 0.31226578716360231524618029652629 

-7.0195955068113482511193979007658 4.8027146182270703533845335186925 -4.2944620367007493300093301513698 -9.4451204497571783491594032966532 8.6548640275512997988016650197096 0.85072475967377869654484356942703 -11.82426118451526519947947235778 -7.0195955068113482511193979007658 4.8027146182270703533845335186925 -4.2944620367007493300093301513698 -9.4451204497571783491594032966532 8.6548640275512997988016650197096 0.85072475967377869654484356942703 -11.82426118451526519947947235778 -7.0195955068113482511193979007658 4.8027146182270703533845335186925 -4.2944620367007493300093301513698 -9.4451204497571783491594032966532 8.6548640275512997988016650197096 0.85072475967377869654484356942703 -11.82426118451526519947947235778 -7.0195955068113482511193979007658 4.8027146182270703533845335186925 -4.2944620367007493300093301513698 -9.4451204497571783491594032966532 8.6548640275512997988016650197096 0.85072475967377869654484356942703 -11.82426118451526519947947235778 -7.0195955068113482511193979007658 4.8027146182270703533845335186925 -4.2944620367007493300093301513698 -9.4451204497571783491594032966532 8.6548640275512997988016650197096 0.85072475967377869654484356942703 -11.82426118451526519947947235778 -7.0195955068113482511193979007658 4.8027146182270703533845335186925 -4.2944620367007493300093301513698 -9.4451204497571783491594032966532 8.6548640275512997988016650197096 0.85072475967377869654484356942703 -11.82426118451526519947947235778 -7.0195955068113482511193979007658 4.8027146182270703533845335186925 -4.2944620367007493300093301513698 -9.4451204497571783491594032966532 8.6548640275512997988016650197096 0.85072475967377869654484356942703 -11.82426118451526519947947235778 

1 1 1 1 1 1 1 1 1 1 1 1 1 1 1 1 1 1 1 1 1 1 1 1 1 1 1 1 1 1 1 1 1 1 1 1 1 1 1 1 1 1 1 1 1 1 1 1 1 

7.0195955068113482511193979007658 -4.8027146182270703533845335186925 4.2944620367007493300093301513698 9.4451204497571783491594032966532 -8.6548640275512997988016650197096 -0.85072475967377869654484356942703 11.82426118451526519947947235778 7.0195955068113482511193979007658 -4.8027146182270703533845335186925 4.2944620367007493300093301513698 9.4451204497571783491594032966532 -8.6548640275512997988016650197096 -0.85072475967377869654484356942703 11.82426118451526519947947235778 7.0195955068113482511193979007658 -4.8027146182270703533845335186925 4.2944620367007493300093301513698 9.4451204497571783491594032966532 -8.6548640275512997988016650197096 -0.85072475967377869654484356942703 11.82426118451526519947947235778 7.0195955068113482511193979007658 -4.8027146182270703533845335186925 4.2944620367007493300093301513698 9.4451204497571783491594032966532 -8.6548640275512997988016650197096 -0.85072475967377869654484356942703 11.82426118451526519947947235778 7.0195955068113482511193979007658 -4.8027146182270703533845335186925 4.2944620367007493300093301513698 9.4451204497571783491594032966532 -8.6548640275512997988016650197096 -0.85072475967377869654484356942703 11.82426118451526519947947235778 7.0195955068113482511193979007658 -4.8027146182270703533845335186925 4.2944620367007493300093301513698 9.4451204497571783491594032966532 -8.6548640275512997988016650197096 -0.85072475967377869654484356942703 11.82426118451526519947947235778 7.0195955068113482511193979007658 -4.8027146182270703533845335186925 4.2944620367007493300093301513698 9.4451204497571783491594032966532 -8.6548640275512997988016650197096 -0.85072475967377869654484356942703 11.82426118451526519947947235778 

2  1 6.7281753206027641311948173097335  3 14.994792457378130379197500587907  
2  2 3.7359727621151321841352910269052  1 -14.750227244992798247835708025377  
2  3 0.89174304650063174193519444088452  2 14.99920759176908902077229868155  
5  4 -0.92229051453286370332307342323475  2 6.6970521968231899734291800996289  6 -5.4753340460753037177710211835802  7 -10.733241756565801594547338027041  14 -7.8962112399686166241963292122819  
2  5 -4.3734955995779802861989082884975  1 -14.063184983070255995585284836125  
2  6 0.98458611477409330170473822363419  5 -10.208692529018827954701009730343  
2  7 10.808198322053220508109916409012  5 13.924721203035991479168842488434  
2  8 6.7281753206027641311948173097335  10 14.994792457378130379197500587907  
2  9 3.7359727621151321841352910269052  8 -14.750227244992798247835708025377  
2  10 0.89174304650063174193519444088452  9 14.99920759176908902077229868155  
6  3 -14.184384158025508781975076999515  11 -0.92229051453286370332307342323475  9 6.6970521968231899734291800996289  13 -5.4753340460753037177710211835802  14 -10.733241756565801594547338027041  21 -7.8962112399686166241963292122819  
2  12 -4.3734955995779802861989082884975  8 -14.063184983070255995585284836125  
2  13 0.98458611477409330170473822363419  12 -10.208692529018827954701009730343  
2  14 10.808198322053220508109916409012  12 13.924721203035991479168842488434  
2  15 6.7281753206027641311948173097335  17 14.994792457378130379197500587907  
2  16 3.7359727621151321841352910269052  15 -14.750227244992798247835708025377  
2  17 0.89174304650063174193519444088452  16 14.99920759176908902077229868155  
6  10 -14.184384158025508781975076999515  18 -0.92229051453286370332307342323475  16 6.6970521968231899734291800996289  20 -5.4753340460753037177710211835802  21 -10.733241756565801594547338027041  28 -7.8962112399686166241963292122819  
2  19 -4.3734955995779802861989082884975  15 -14.063184983070255995585284836125  
2  20 0.98458611477409330170473822363419  19 -10.208692529018827954701009730343  
2  21 10.808198322053220508109916409012  19 13.924721203035991479168842488434  
2  22 6.7281753206027641311948173097335  24 14.994792457378130379197500587907  
2  23 3.7359727621151321841352910269052  22 -14.750227244992798247835708025377  
2  24 0.89174304650063174193519444088452  23 14.99920759176908902077229868155  
6  17 -14.184384158025508781975076999515  25 -0.92229051453286370332307342323475  23 6.6970521968231899734291800996289  27 -5.4753340460753037177710211835802  28 -10.733241756565801594547338027041  35 -7.8962112399686166241963292122819  
2  26 -4.3734955995779802861989082884975  22 -14.063184983070255995585284836125  
2  27 0.98458611477409330170473822363419  26 -10.208692529018827954701009730343  
2  28 10.808198322053220508109916409012  26 13.924721203035991479168842488434  
2  29 6.7281753206027641311948173097335  31 14.994792457378130379197500587907  
2  30 3.7359727621151321841352910269052  29 -14.750227244992798247835708025377  
2  31 0.89174304650063174193519444088452  30 14.99920759176908902077229868155  
6  24 -14.184384158025508781975076999515  32 -0.92229051453286370332307342323475  30 6.6970521968231899734291800996289  34 -5.4753340460753037177710211835802  35 -10.733241756565801594547338027041  42 -7.8962112399686166241963292122819  
2  33 -4.3734955995779802861989082884975  29 -14.063184983070255995585284836125  
2  34 0.98458611477409330170473822363419  33 -10.208692529018827954701009730343  
2  35 10.808198322053220508109916409012  33 13.924721203035991479168842488434  
2  36 6.7281753206027641311948173097335  38 14.994792457378130379197500587907  
2  37 3.7359727621151321841352910269052  36 -14.750227244992798247835708025377  
2  38 0.89174304650063174193519444088452  37 14.99920759176908902077229868155  
6  31 -14.184384158025508781975076999515  39 -0.92229051453286370332307342323475  37 6.6970521968231899734291800996289  41 -5.4753340460753037177710211835802  42 -10.733241756565801594547338027041  49 -7.8962112399686166241963292122819  
2  40 -4.3734955995779802861989082884975  36 -14.063184983070255995585284836125  
2  41 0.98458611477409330170473822363419  40 -10.208692529018827954701009730343  
2  42 10.808198322053220508109916409012  40 13.924721203035991479168842488434  
2  43 6.7281753206027641311948173097335  45 14.994792457378130379197500587907  
2  44 3.7359727621151321841352910269052  43 -14.750227244992798247835708025377  
2  45 0.89174304650063174193519444088452  44 14.99920759176908902077229868155  
5  38 -14.184384158025508781975076999515  46 -0.92229051453286370332307342323475  44 6.6970521968231899734291800996289  48 -5.4753340460753037177710211835802  49 -10.733241756565801594547338027041  
2  47 -4.3734955995779802861989082884975  43 -14.063184983070255995585284836125  
2  48 0.98458611477409330170473822363419  47 -10.208692529018827954701009730343  
2  49 10.808198322053220508109916409012  47 13.924721203035991479168842488434  

1  14 1.7591945564009734415122920836438  
1  8 0.00018538864235095875443448676378466  
0  
1  5 0.49881452392794223271721421042457  
1  4 0.49881452392794223271721421042457  
1  10 1.4389324522715700727104604084161  
0  
2  2 0.00018538864235095875443448676378466  21 1.7591945564009734415122920836438  
1  15 0.00018538864235095875443448676378466  
1  6 1.4389324522715700727104604084161  
1  12 0.49881452392794223271721421042457  
1  11 0.49881452392794223271721421042457  
1  17 1.4389324522715700727104604084161  
1  1 1.7591945564009734415122920836438  
2  9 0.00018538864235095875443448676378466  28 1.7591945564009734415122920836438  
1  22 0.00018538864235095875443448676378466  
1  13 1.4389324522715700727104604084161  
1  19 0.49881452392794223271721421042457  
1  18 0.49881452392794223271721421042457  
1  24 1.4389324522715700727104604084161  
1  8 1.7591945564009734415122920836438  
2  16 0.00018538864235095875443448676378466  35 1.7591945564009734415122920836438  
1  29 0.00018538864235095875443448676378466  
1  20 1.4389324522715700727104604084161  
1  26 0.49881452392794223271721421042457  
1  25 0.49881452392794223271721421042457  
1  31 1.4389324522715700727104604084161  
1  15 1.7591945564009734415122920836438  
2  23 0.00018538864235095875443448676378466  42 1.7591945564009734415122920836438  
1  36 0.00018538864235095875443448676378466  
1  27 1.4389324522715700727104604084161  
1  33 0.49881452392794223271721421042457  
1  32 0.49881452392794223271721421042457  
1  38 1.4389324522715700727104604084161  
1  22 1.7591945564009734415122920836438  
2  30 0.00018538864235095875443448676378466  49 1.7591945564009734415122920836438  
1  43 0.00018538864235095875443448676378466  
1  34 1.4389324522715700727104604084161  
1  40 0.49881452392794223271721421042457  
1  39 0.49881452392794223271721421042457  
1  45 1.4389324522715700727104604084161  
1  29 1.7591945564009734415122920836438  
1  37 0.00018538864235095875443448676378466  
0  
1  41 1.4389324522715700727104604084161  
1  47 0.49881452392794223271721421042457  
1  46 0.49881452392794223271721421042457  
0  
1  36 1.7591945564009734415122920836438  
