49 9 6

0.53315567201994307211521118006203 0.5388153877281077752670057634532 0.55620363739350553444751312781591 0.1424125762565939812276383236167 0.10297803123319249074540948640788 0.36207337454976318280586156106438 0.22719145262900619641754929034505 0.53315567201994307211521118006203 0.5388153877281077752670057634532 0.55620363739350553444751312781591 0.1424125762565939812276383236167 0.10297803123319249074540948640788 0.36207337454976318280586156106438 0.22719145262900619641754929034505 0.53315567201994307211521118006203 0.5388153877281077752670057634532 0.55620363739350553444751312781591 0.1424125762565939812276383236167 0.10297803123319249074540948640788 0.36207337454976318280586156106438 0.22719145262900619641754929034505 0.53315567201994307211521118006203 0.5388153877281077752670057634532 0.55620363739350553444751312781591 0.1424125762565939812276383236167 0.10297803123319249074540948640788 0.36207337454976318280586156106438 0.22719145262900619641754929034505 0.53315567201994307211521118006203 0.5388153877281077752670057634532 0.55620363739350553444751312781591 0.1424125762565939812276383236167 0.10297803123319249074540948640788 0.36207337454976318280586156106438 0.22719145262900619641754929034505 0.53315567201994307211521118006203 0.5388153877281077752670057634532 0.55620363739350553444751312781591 0.1424125762565939812276383236167 0.10297803123319249074540948640788 0.36207337454976318280586156106438 0.22719145262900619641754929034505 0.53315567201994307211521118006203 0.5388153877281077752670057634532 0.55620363739350553444751312781591 0.1424125762565939812276383236167 0.10297803123319249074540948640788 0.36207337454976318280586156106438 0.22719145262900619641754929034505 

-5.5551364504062856752852894715033 5.5292264566986233376155723817647 -9.6876373276467528938837858731858 -7.284286980443019920983260817593 2.1004954383519294225379780982621 -2.6857454428569367266277367889415 -0.24908464421405379640717114853032 -5.5551364504062856752852894715033 5.5292264566986233376155723817647 -9.6876373276467528938837858731858 -7.284286980443019920983260817593 2.1004954383519294225379780982621 -2.6857454428569367266277367889415 -0.24908464421405379640717114853032 -5.5551364504062856752852894715033 5.5292264566986233376155723817647 -9.6876373276467528938837858731858 -7.284286980443019920983260817593 2.1004954383519294225379780982621 -2.6857454428569367266277367889415 -0.24908464421405379640717114853032 -5.5551364504062856752852894715033 5.5292264566986233376155723817647 -9.6876373276467528938837858731858 -7.284286980443019920983260817593 2.1004954383519294225379780982621 -2.6857454428569367266277367889415 -0.24908464421405379640717114853032 -5.5551364504062856752852894715033 5.5292264566986233376155723817647 -9.6876373276467528938837858731858 -7.284286980443019920983260817593 2.1004954383519294225379780982621 -2.6857454428569367266277367889415 -0.24908464421405379640717114853032 -5.5551364504062856752852894715033 5.5292264566986233376155723817647 -9.6876373276467528938837858731858 -7.284286980443019920983260817593 2.1004954383519294225379780982621 -2.6857454428569367266277367889415 -0.24908464421405379640717114853032 -5.5551364504062856752852894715033 5.5292264566986233376155723817647 -9.6876373276467528938837858731858 -7.284286980443019920983260817593 2.1004954383519294225379780982621 -2.6857454428569367266277367889415 -0.24908464421405379640717114853032 

1 1 1 1 1 1 1 1 1 1 1 1 1 1 1 1 1 1 1 1 1 1 1 1 1 1 1 1 1 1 1 1 1 1 1 1 1 1 1 1 1 1 1 1 1 1 1 1 1 

5.5551364504062856752852894715033 -5.5292264566986233376155723817647 9.6876373276467528938837858731858 7.284286980443019920983260817593 -2.1004954383519294225379780982621 2.6857454428569367266277367889415 0.24908464421405379640717114853032 5.5551364504062856752852894715033 -5.5292264566986233376155723817647 9.6876373276467528938837858731858 7.284286980443019920983260817593 -2.1004954383519294225379780982621 2.6857454428569367266277367889415 0.24908464421405379640717114853032 5.5551364504062856752852894715033 -5.5292264566986233376155723817647 9.6876373276467528938837858731858 7.284286980443019920983260817593 -2.1004954383519294225379780982621 2.6857454428569367266277367889415 0.24908464421405379640717114853032 5.5551364504062856752852894715033 -5.5292264566986233376155723817647 9.6876373276467528938837858731858 7.284286980443019920983260817593 -2.1004954383519294225379780982621 2.6857454428569367266277367889415 0.24908464421405379640717114853032 5.5551364504062856752852894715033 -5.5292264566986233376155723817647 9.6876373276467528938837858731858 7.284286980443019920983260817593 -2.1004954383519294225379780982621 2.6857454428569367266277367889415 0.24908464421405379640717114853032 5.5551364504062856752852894715033 -5.5292264566986233376155723817647 9.6876373276467528938837858731858 7.284286980443019920983260817593 -2.1004954383519294225379780982621 2.6857454428569367266277367889415 0.24908464421405379640717114853032 5.5551364504062856752852894715033 -5.5292264566986233376155723817647 9.6876373276467528938837858731858 7.284286980443019920983260817593 -2.1004954383519294225379780982621 2.6857454428569367266277367889415 0.24908464421405379640717114853032 

2  1 8.0157526354897754572448320686817  3 14.701767824135687945386052888352  
2  2 4.4672868149286610872650271630846  1 -14.847422246992563188427993736695  
2  3 -0.84193378329630808032391087181168  2 14.978965464814054442399537947495  
5  4 -14.639239468026671531220017641317  2 -6.9268099638834055298275416134857  6 14.900255269818931225245250971057  7 5.2816187226479698324510536622256  14 10.201686040175061975787684787065  
2  5 3.3719917710898146268050368234981  1 -12.618453336966840794275412918068  
2  6 -3.419243762742074199678654622403  5 9.1754867173944152369813309633173  
2  7 -5.2550947428760874657882595784031  5 14.824887941410583636070441571064  
2  8 8.0157526354897754572448320686817  10 14.701767824135687945386052888352  
2  9 4.4672868149286610872650271630846  8 -14.847422246992563188427993736695  
2  10 -0.84193378329630808032391087181168  9 14.978965464814054442399537947495  
6  3 11.410247112155447624104454007465  11 -14.639239468026671531220017641317  9 -6.9268099638834055298275416134857  13 14.900255269818931225245250971057  14 5.2816187226479698324510536622256  21 10.201686040175061975787684787065  
2  12 3.3719917710898146268050368234981  8 -12.618453336966840794275412918068  
2  13 -3.419243762742074199678654622403  12 9.1754867173944152369813309633173  
2  14 -5.2550947428760874657882595784031  12 14.824887941410583636070441571064  
2  15 8.0157526354897754572448320686817  17 14.701767824135687945386052888352  
2  16 4.4672868149286610872650271630846  15 -14.847422246992563188427993736695  
2  17 -0.84193378329630808032391087181168  16 14.978965464814054442399537947495  
6  10 11.410247112155447624104454007465  18 -14.639239468026671531220017641317  16 -6.9268099638834055298275416134857  20 14.900255269818931225245250971057  21 5.2816187226479698324510536622256  28 10.201686040175061975787684787065  
2  19 3.3719917710898146268050368234981  15 -12.618453336966840794275412918068  
2  20 -3.419243762742074199678654622403  19 9.1754867173944152369813309633173  
2  21 -5.2550947428760874657882595784031  19 14.824887941410583636070441571064  
2  22 8.0157526354897754572448320686817  24 14.701767824135687945386052888352  
2  23 4.4672868149286610872650271630846  22 -14.847422246992563188427993736695  
2  24 -0.84193378329630808032391087181168  23 14.978965464814054442399537947495  
6  17 11.410247112155447624104454007465  25 -14.639239468026671531220017641317  23 -6.9268099638834055298275416134857  27 14.900255269818931225245250971057  28 5.2816187226479698324510536622256  35 10.201686040175061975787684787065  
2  26 3.3719917710898146268050368234981  22 -12.618453336966840794275412918068  
2  27 -3.419243762742074199678654622403  26 9.1754867173944152369813309633173  
2  28 -5.2550947428760874657882595784031  26 14.824887941410583636070441571064  
2  29 8.0157526354897754572448320686817  31 14.701767824135687945386052888352  
2  30 4.4672868149286610872650271630846  29 -14.847422246992563188427993736695  
2  31 -0.84193378329630808032391087181168  30 14.978965464814054442399537947495  
6  24 11.410247112155447624104454007465  32 -14.639239468026671531220017641317  30 -6.9268099638834055298275416134857  34 14.900255269818931225245250971057  35 5.2816187226479698324510536622256  42 10.201686040175061975787684787065  
2  33 3.3719917710898146268050368234981  29 -12.618453336966840794275412918068  
2  34 -3.419243762742074199678654622403  33 9.1754867173944152369813309633173  
2  35 -5.2550947428760874657882595784031  33 14.824887941410583636070441571064  
2  36 8.0157526354897754572448320686817  38 14.701767824135687945386052888352  
2  37 4.4672868149286610872650271630846  36 -14.847422246992563188427993736695  
2  38 -0.84193378329630808032391087181168  37 14.978965464814054442399537947495  
6  31 11.410247112155447624104454007465  39 -14.639239468026671531220017641317  37 -6.9268099638834055298275416134857  41 14.900255269818931225245250971057  42 5.2816187226479698324510536622256  49 10.201686040175061975787684787065  
2  40 3.3719917710898146268050368234981  36 -12.618453336966840794275412918068  
2  41 -3.419243762742074199678654622403  40 9.1754867173944152369813309633173  
2  42 -5.2550947428760874657882595784031  40 14.824887941410583636070441571064  
2  43 8.0157526354897754572448320686817  45 14.701767824135687945386052888352  
2  44 4.4672868149286610872650271630846  43 -14.847422246992563188427993736695  
2  45 -0.84193378329630808032391087181168  44 14.978965464814054442399537947495  
5  38 11.410247112155447624104454007465  46 -14.639239468026671531220017641317  44 -6.9268099638834055298275416134857  48 14.900255269818931225245250971057  49 5.2816187226479698324510536622256  
2  47 3.3719917710898146268050368234981  43 -12.618453336966840794275412918068  
2  48 -3.419243762742074199678654622403  47 9.1754867173944152369813309633173  
2  49 -5.2550947428760874657882595784031  47 14.824887941410583636070441571064  

1  14 0.76669250859727289260092675249325  
1  8 0.034887171079605705514836699876469  
0  
1  5 0.24926349241489842434305046481313  
1  4 0.24926349241489842434305046481313  
1  10 0.054228617818812607787037904927274  
0  
2  2 0.034887171079605705514836699876469  21 0.76669250859727289260092675249325  
1  15 0.034887171079605705514836699876469  
1  6 0.054228617818812607787037904927274  
1  12 0.24926349241489842434305046481313  
1  11 0.24926349241489842434305046481313  
1  17 0.054228617818812607787037904927274  
1  1 0.76669250859727289260092675249325  
2  9 0.034887171079605705514836699876469  28 0.76669250859727289260092675249325  
1  22 0.034887171079605705514836699876469  
1  13 0.054228617818812607787037904927274  
1  19 0.24926349241489842434305046481313  
1  18 0.24926349241489842434305046481313  
1  24 0.054228617818812607787037904927274  
1  8 0.76669250859727289260092675249325  
2  16 0.034887171079605705514836699876469  35 0.76669250859727289260092675249325  
1  29 0.034887171079605705514836699876469  
1  20 0.054228617818812607787037904927274  
1  26 0.24926349241489842434305046481313  
1  25 0.24926349241489842434305046481313  
1  31 0.054228617818812607787037904927274  
1  15 0.76669250859727289260092675249325  
2  23 0.034887171079605705514836699876469  42 0.76669250859727289260092675249325  
1  36 0.034887171079605705514836699876469  
1  27 0.054228617818812607787037904927274  
1  33 0.24926349241489842434305046481313  
1  32 0.24926349241489842434305046481313  
1  38 0.054228617818812607787037904927274  
1  22 0.76669250859727289260092675249325  
2  30 0.034887171079605705514836699876469  49 0.76669250859727289260092675249325  
1  43 0.034887171079605705514836699876469  
1  34 0.054228617818812607787037904927274  
1  40 0.24926349241489842434305046481313  
1  39 0.24926349241489842434305046481313  
1  45 0.054228617818812607787037904927274  
1  29 0.76669250859727289260092675249325  
1  37 0.034887171079605705514836699876469  
0  
1  41 0.054228617818812607787037904927274  
1  47 0.24926349241489842434305046481313  
1  46 0.24926349241489842434305046481313  
0  
1  36 0.76669250859727289260092675249325  
