49 9 6

1.6049193195782476273336669692071 0.18259776290363194384269718284486 0.78179082476785988209400102277868 2.198946523554399679056814420619 0.60160107681478314223255665638135 1.0275800531668519699479702467215 0.73879872473157359724638126863283 1.6049193195782476273336669692071 0.18259776290363194384269718284486 0.78179082476785988209400102277868 2.198946523554399679056814420619 0.60160107681478314223255665638135 1.0275800531668519699479702467215 0.73879872473157359724638126863283 1.6049193195782476273336669692071 0.18259776290363194384269718284486 0.78179082476785988209400102277868 2.198946523554399679056814420619 0.60160107681478314223255665638135 1.0275800531668519699479702467215 0.73879872473157359724638126863283 1.6049193195782476273336669692071 0.18259776290363194384269718284486 0.78179082476785988209400102277868 2.198946523554399679056814420619 0.60160107681478314223255665638135 1.0275800531668519699479702467215 0.73879872473157359724638126863283 1.6049193195782476273336669692071 0.18259776290363194384269718284486 0.78179082476785988209400102277868 2.198946523554399679056814420619 0.60160107681478314223255665638135 1.0275800531668519699479702467215 0.73879872473157359724638126863283 1.6049193195782476273336669692071 0.18259776290363194384269718284486 0.78179082476785988209400102277868 2.198946523554399679056814420619 0.60160107681478314223255665638135 1.0275800531668519699479702467215 0.73879872473157359724638126863283 1.6049193195782476273336669692071 0.18259776290363194384269718284486 0.78179082476785988209400102277868 2.198946523554399679056814420619 0.60160107681478314223255665638135 1.0275800531668519699479702467215 0.73879872473157359724638126863283 

-1.1638656498327009103377349674702 -3.4719768145524709801463814073941 0.80253250162684042212646318148472 1.7073010515643773921112824609736 -5.9324730571616237639887003751937 9.8168813306680640096146817086264 3.6999590988139807734569330932572 -1.1638656498327009103377349674702 -3.4719768145524709801463814073941 0.80253250162684042212646318148472 1.7073010515643773921112824609736 -5.9324730571616237639887003751937 9.8168813306680640096146817086264 3.6999590988139807734569330932572 -1.1638656498327009103377349674702 -3.4719768145524709801463814073941 0.80253250162684042212646318148472 1.7073010515643773921112824609736 -5.9324730571616237639887003751937 9.8168813306680640096146817086264 3.6999590988139807734569330932572 -1.1638656498327009103377349674702 -3.4719768145524709801463814073941 0.80253250162684042212646318148472 1.7073010515643773921112824609736 -5.9324730571616237639887003751937 9.8168813306680640096146817086264 3.6999590988139807734569330932572 -1.1638656498327009103377349674702 -3.4719768145524709801463814073941 0.80253250162684042212646318148472 1.7073010515643773921112824609736 -5.9324730571616237639887003751937 9.8168813306680640096146817086264 3.6999590988139807734569330932572 -1.1638656498327009103377349674702 -3.4719768145524709801463814073941 0.80253250162684042212646318148472 1.7073010515643773921112824609736 -5.9324730571616237639887003751937 9.8168813306680640096146817086264 3.6999590988139807734569330932572 -1.1638656498327009103377349674702 -3.4719768145524709801463814073941 0.80253250162684042212646318148472 1.7073010515643773921112824609736 -5.9324730571616237639887003751937 9.8168813306680640096146817086264 3.6999590988139807734569330932572 

1 1 1 1 1 1 1 1 1 1 1 1 1 1 1 1 1 1 1 1 1 1 1 1 1 1 1 1 1 1 1 1 1 1 1 1 1 1 1 1 1 1 1 1 1 1 1 1 1 

1.1638656498327009103377349674702 3.4719768145524709801463814073941 -0.80253250162684042212646318148472 -1.7073010515643773921112824609736 5.9324730571616237639887003751937 -9.8168813306680640096146817086264 -3.6999590988139807734569330932572 1.1638656498327009103377349674702 3.4719768145524709801463814073941 -0.80253250162684042212646318148472 -1.7073010515643773921112824609736 5.9324730571616237639887003751937 -9.8168813306680640096146817086264 -3.6999590988139807734569330932572 1.1638656498327009103377349674702 3.4719768145524709801463814073941 -0.80253250162684042212646318148472 -1.7073010515643773921112824609736 5.9324730571616237639887003751937 -9.8168813306680640096146817086264 -3.6999590988139807734569330932572 1.1638656498327009103377349674702 3.4719768145524709801463814073941 -0.80253250162684042212646318148472 -1.7073010515643773921112824609736 5.9324730571616237639887003751937 -9.8168813306680640096146817086264 -3.6999590988139807734569330932572 1.1638656498327009103377349674702 3.4719768145524709801463814073941 -0.80253250162684042212646318148472 -1.7073010515643773921112824609736 5.9324730571616237639887003751937 -9.8168813306680640096146817086264 -3.6999590988139807734569330932572 1.1638656498327009103377349674702 3.4719768145524709801463814073941 -0.80253250162684042212646318148472 -1.7073010515643773921112824609736 5.9324730571616237639887003751937 -9.8168813306680640096146817086264 -3.6999590988139807734569330932572 1.1638656498327009103377349674702 3.4719768145524709801463814073941 -0.80253250162684042212646318148472 -1.7073010515643773921112824609736 5.9324730571616237639887003751937 -9.8168813306680640096146817086264 -3.6999590988139807734569330932572 

2  1 4.8255890114768877907636124291457  3 -15  
2  2 4.9166018771356174710263076121919  1 12.947077992738392993032903177664  
2  3 -3.5905917934381639256002927140798  2 14.511854460438343039641040377319  
5  4 -1.6612759972965054355853453671443  2 12.079993198634829454363170953002  6 6.8286672891034418952926898782607  7 11.861079927961588609264254046138  14 14.017605501306929838278847455513  
2  5 6.3396414154472466861989232711494  1 -4.9842365279803964028815244091675  
2  6 -11.204065505370522259909193962812  5 -13.29401626236140465664448129246  
2  7 8.2361115916005331882843165658414  5 -4.941929918021789269744203920709  
2  8 4.8255890114768877907636124291457  10 -15  
2  9 4.9166018771356174710263076121919  8 12.947077992738392993032903177664  
2  10 -3.5905917934381639256002927140798  9 14.511854460438343039641040377319  
6  3 -14.231140247746905558301477867644  11 -1.6612759972965054355853453671443  9 12.079993198634829454363170953002  13 6.8286672891034418952926898782607  14 11.861079927961588609264254046138  21 14.017605501306929838278847455513  
2  12 6.3396414154472466861989232711494  8 -4.9842365279803964028815244091675  
2  13 -11.204065505370522259909193962812  12 -13.29401626236140465664448129246  
2  14 8.2361115916005331882843165658414  12 -4.941929918021789269744203920709  
2  15 4.8255890114768877907636124291457  17 -15  
2  16 4.9166018771356174710263076121919  15 12.947077992738392993032903177664  
2  17 -3.5905917934381639256002927140798  16 14.511854460438343039641040377319  
6  10 -14.231140247746905558301477867644  18 -1.6612759972965054355853453671443  16 12.079993198634829454363170953002  20 6.8286672891034418952926898782607  21 11.861079927961588609264254046138  28 14.017605501306929838278847455513  
2  19 6.3396414154472466861989232711494  15 -4.9842365279803964028815244091675  
2  20 -11.204065505370522259909193962812  19 -13.29401626236140465664448129246  
2  21 8.2361115916005331882843165658414  19 -4.941929918021789269744203920709  
2  22 4.8255890114768877907636124291457  24 -15  
2  23 4.9166018771356174710263076121919  22 12.947077992738392993032903177664  
2  24 -3.5905917934381639256002927140798  23 14.511854460438343039641040377319  
6  17 -14.231140247746905558301477867644  25 -1.6612759972965054355853453671443  23 12.079993198634829454363170953002  27 6.8286672891034418952926898782607  28 11.861079927961588609264254046138  35 14.017605501306929838278847455513  
2  26 6.3396414154472466861989232711494  22 -4.9842365279803964028815244091675  
2  27 -11.204065505370522259909193962812  26 -13.29401626236140465664448129246  
2  28 8.2361115916005331882843165658414  26 -4.941929918021789269744203920709  
2  29 4.8255890114768877907636124291457  31 -15  
2  30 4.9166018771356174710263076121919  29 12.947077992738392993032903177664  
2  31 -3.5905917934381639256002927140798  30 14.511854460438343039641040377319  
6  24 -14.231140247746905558301477867644  32 -1.6612759972965054355853453671443  30 12.079993198634829454363170953002  34 6.8286672891034418952926898782607  35 11.861079927961588609264254046138  42 14.017605501306929838278847455513  
2  33 6.3396414154472466861989232711494  29 -4.9842365279803964028815244091675  
2  34 -11.204065505370522259909193962812  33 -13.29401626236140465664448129246  
2  35 8.2361115916005331882843165658414  33 -4.941929918021789269744203920709  
2  36 4.8255890114768877907636124291457  38 -15  
2  37 4.9166018771356174710263076121919  36 12.947077992738392993032903177664  
2  38 -3.5905917934381639256002927140798  37 14.511854460438343039641040377319  
6  31 -14.231140247746905558301477867644  39 -1.6612759972965054355853453671443  37 12.079993198634829454363170953002  41 6.8286672891034418952926898782607  42 11.861079927961588609264254046138  49 14.017605501306929838278847455513  
2  40 6.3396414154472466861989232711494  36 -4.9842365279803964028815244091675  
2  41 -11.204065505370522259909193962812  40 -13.29401626236140465664448129246  
2  42 8.2361115916005331882843165658414  40 -4.941929918021789269744203920709  
2  43 4.8255890114768877907636124291457  45 -15  
2  44 4.9166018771356174710263076121919  43 12.947077992738392993032903177664  
2  45 -3.5905917934381639256002927140798  44 14.511854460438343039641040377319  
5  38 -14.231140247746905558301477867644  46 -1.6612759972965054355853453671443  44 12.079993198634829454363170953002  48 6.8286672891034418952926898782607  49 11.861079927961588609264254046138  
2  47 6.3396414154472466861989232711494  43 -4.9842365279803964028815244091675  
2  48 -11.204065505370522259909193962812  47 -13.29401626236140465664448129246  
2  49 8.2361115916005331882843165658414  47 -4.941929918021789269744203920709  

1  14 0.69393770646559171932921117331716  
1  8 1.7394448155879158601777589865378  
0  
1  5 1.0086288426144176533227891923161  
1  4 1.0086288426144176533227891923161  
1  10 0.807758813430642597097630641656  
0  
2  2 1.7394448155879158601777589865378  21 0.69393770646559171932921117331716  
1  15 1.7394448155879158601777589865378  
1  6 0.807758813430642597097630641656  
1  12 1.0086288426144176533227891923161  
1  11 1.0086288426144176533227891923161  
1  17 0.807758813430642597097630641656  
1  1 0.69393770646559171932921117331716  
2  9 1.7394448155879158601777589865378  28 0.69393770646559171932921117331716  
1  22 1.7394448155879158601777589865378  
1  13 0.807758813430642597097630641656  
1  19 1.0086288426144176533227891923161  
1  18 1.0086288426144176533227891923161  
1  24 0.807758813430642597097630641656  
1  8 0.69393770646559171932921117331716  
2  16 1.7394448155879158601777589865378  35 0.69393770646559171932921117331716  
1  29 1.7394448155879158601777589865378  
1  20 0.807758813430642597097630641656  
1  26 1.0086288426144176533227891923161  
1  25 1.0086288426144176533227891923161  
1  31 0.807758813430642597097630641656  
1  15 0.69393770646559171932921117331716  
2  23 1.7394448155879158601777589865378  42 0.69393770646559171932921117331716  
1  36 1.7394448155879158601777589865378  
1  27 0.807758813430642597097630641656  
1  33 1.0086288426144176533227891923161  
1  32 1.0086288426144176533227891923161  
1  38 0.807758813430642597097630641656  
1  22 0.69393770646559171932921117331716  
2  30 1.7394448155879158601777589865378  49 0.69393770646559171932921117331716  
1  43 1.7394448155879158601777589865378  
1  34 0.807758813430642597097630641656  
1  40 1.0086288426144176533227891923161  
1  39 1.0086288426144176533227891923161  
1  45 0.807758813430642597097630641656  
1  29 0.69393770646559171932921117331716  
1  37 1.7394448155879158601777589865378  
0  
1  41 0.807758813430642597097630641656  
1  47 1.0086288426144176533227891923161  
1  46 1.0086288426144176533227891923161  
0  
1  36 0.69393770646559171932921117331716  
