49 9 6

1.1654414558372769850080885589705 0.27413629423845642385515475325519 0.16145828072083379112200418603607 0.94199299344289433300048131059157 0.80149686773201134215582897013519 0.48134359970827322872111153628794 0.36241742654112818478040480840718 1.1654414558372769850080885589705 0.27413629423845642385515475325519 0.16145828072083379112200418603607 0.94199299344289433300048131059157 0.80149686773201134215582897013519 0.48134359970827322872111153628794 0.36241742654112818478040480840718 1.1654414558372769850080885589705 0.27413629423845642385515475325519 0.16145828072083379112200418603607 0.94199299344289433300048131059157 0.80149686773201134215582897013519 0.48134359970827322872111153628794 0.36241742654112818478040480840718 1.1654414558372769850080885589705 0.27413629423845642385515475325519 0.16145828072083379112200418603607 0.94199299344289433300048131059157 0.80149686773201134215582897013519 0.48134359970827322872111153628794 0.36241742654112818478040480840718 1.1654414558372769850080885589705 0.27413629423845642385515475325519 0.16145828072083379112200418603607 0.94199299344289433300048131059157 0.80149686773201134215582897013519 0.48134359970827322872111153628794 0.36241742654112818478040480840718 1.1654414558372769850080885589705 0.27413629423845642385515475325519 0.16145828072083379112200418603607 0.94199299344289433300048131059157 0.80149686773201134215582897013519 0.48134359970827322872111153628794 0.36241742654112818478040480840718 1.1654414558372769850080885589705 0.27413629423845642385515475325519 0.16145828072083379112200418603607 0.94199299344289433300048131059157 0.80149686773201134215582897013519 0.48134359970827322872111153628794 0.36241742654112818478040480840718 

-2.3207222475702957709131624142174 -7.7184667743754094004771104664542 0.3608317094914164080421414837474 1.137408814268977996775333849655 0.11551604458691670795911221603092 -0.94309071280923717495170421898365 -5.8723853825724390276263875421137 -2.3207222475702957709131624142174 -7.7184667743754094004771104664542 0.3608317094914164080421414837474 1.137408814268977996775333849655 0.11551604458691670795911221603092 -0.94309071280923717495170421898365 -5.8723853825724390276263875421137 -2.3207222475702957709131624142174 -7.7184667743754094004771104664542 0.3608317094914164080421414837474 1.137408814268977996775333849655 0.11551604458691670795911221603092 -0.94309071280923717495170421898365 -5.8723853825724390276263875421137 -2.3207222475702957709131624142174 -7.7184667743754094004771104664542 0.3608317094914164080421414837474 1.137408814268977996775333849655 0.11551604458691670795911221603092 -0.94309071280923717495170421898365 -5.8723853825724390276263875421137 -2.3207222475702957709131624142174 -7.7184667743754094004771104664542 0.3608317094914164080421414837474 1.137408814268977996775333849655 0.11551604458691670795911221603092 -0.94309071280923717495170421898365 -5.8723853825724390276263875421137 -2.3207222475702957709131624142174 -7.7184667743754094004771104664542 0.3608317094914164080421414837474 1.137408814268977996775333849655 0.11551604458691670795911221603092 -0.94309071280923717495170421898365 -5.8723853825724390276263875421137 -2.3207222475702957709131624142174 -7.7184667743754094004771104664542 0.3608317094914164080421414837474 1.137408814268977996775333849655 0.11551604458691670795911221603092 -0.94309071280923717495170421898365 -5.8723853825724390276263875421137 

1 1 1 1 1 1 1 1 1 1 1 1 1 1 1 1 1 1 1 1 1 1 1 1 1 1 1 1 1 1 1 1 1 1 1 1 1 1 1 1 1 1 1 1 1 1 1 1 1 

2.3207222475702957709131624142174 7.7184667743754094004771104664542 -0.3608317094914164080421414837474 -1.137408814268977996775333849655 -0.11551604458691670795911221603092 0.94309071280923717495170421898365 5.8723853825724390276263875421137 2.3207222475702957709131624142174 7.7184667743754094004771104664542 -0.3608317094914164080421414837474 -1.137408814268977996775333849655 -0.11551604458691670795911221603092 0.94309071280923717495170421898365 5.8723853825724390276263875421137 2.3207222475702957709131624142174 7.7184667743754094004771104664542 -0.3608317094914164080421414837474 -1.137408814268977996775333849655 -0.11551604458691670795911221603092 0.94309071280923717495170421898365 5.8723853825724390276263875421137 2.3207222475702957709131624142174 7.7184667743754094004771104664542 -0.3608317094914164080421414837474 -1.137408814268977996775333849655 -0.11551604458691670795911221603092 0.94309071280923717495170421898365 5.8723853825724390276263875421137 2.3207222475702957709131624142174 7.7184667743754094004771104664542 -0.3608317094914164080421414837474 -1.137408814268977996775333849655 -0.11551604458691670795911221603092 0.94309071280923717495170421898365 5.8723853825724390276263875421137 2.3207222475702957709131624142174 7.7184667743754094004771104664542 -0.3608317094914164080421414837474 -1.137408814268977996775333849655 -0.11551604458691670795911221603092 0.94309071280923717495170421898365 5.8723853825724390276263875421137 2.3207222475702957709131624142174 7.7184667743754094004771104664542 -0.3608317094914164080421414837474 -1.137408814268977996775333849655 -0.11551604458691670795911221603092 0.94309071280923717495170421898365 5.8723853825724390276263875421137 

2  1 -14.271265626380399638151175167877  3 14.433296657342026492187869735062  
2  2 11.822276219434815658360093948431  1 13.889560727480738222539002890699  
2  3 8.7320265776770433774345292476937  2 -11.357924491444631343028959236108  
5  4 -14.273324473270792012158381112386  2 8.3658195192214819257969793397933  6 -1.5295129050162086237207859085174  7 -5.7601112174297366408382004010491  14 4.751394303784126194045711599756  
2  5 -8.1610238719997560963292926317081  1 -12.411296051263049022850282199215  
2  6 5.7939380350896767524204733490478  5 13.323725762694081709014426451176  
2  7 -3.7632768917833594457533763488755  5 -6.7408297363459084294845524709672  
2  8 -14.271265626380399638151175167877  10 14.433296657342026492187869735062  
2  9 11.822276219434815658360093948431  8 13.889560727480738222539002890699  
2  10 8.7320265776770433774345292476937  9 -11.357924491444631343028959236108  
6  3 -0.010656795456968366081484944629665  11 -14.273324473270792012158381112386  9 8.3658195192214819257969793397933  13 -1.5295129050162086237207859085174  14 -5.7601112174297366408382004010491  21 4.751394303784126194045711599756  
2  12 -8.1610238719997560963292926317081  8 -12.411296051263049022850282199215  
2  13 5.7939380350896767524204733490478  12 13.323725762694081709014426451176  
2  14 -3.7632768917833594457533763488755  12 -6.7408297363459084294845524709672  
2  15 -14.271265626380399638151175167877  17 14.433296657342026492187869735062  
2  16 11.822276219434815658360093948431  15 13.889560727480738222539002890699  
2  17 8.7320265776770433774345292476937  16 -11.357924491444631343028959236108  
6  10 -0.010656795456968366081484944629665  18 -14.273324473270792012158381112386  16 8.3658195192214819257969793397933  20 -1.5295129050162086237207859085174  21 -5.7601112174297366408382004010491  28 4.751394303784126194045711599756  
2  19 -8.1610238719997560963292926317081  15 -12.411296051263049022850282199215  
2  20 5.7939380350896767524204733490478  19 13.323725762694081709014426451176  
2  21 -3.7632768917833594457533763488755  19 -6.7408297363459084294845524709672  
2  22 -14.271265626380399638151175167877  24 14.433296657342026492187869735062  
2  23 11.822276219434815658360093948431  22 13.889560727480738222539002890699  
2  24 8.7320265776770433774345292476937  23 -11.357924491444631343028959236108  
6  17 -0.010656795456968366081484944629665  25 -14.273324473270792012158381112386  23 8.3658195192214819257969793397933  27 -1.5295129050162086237207859085174  28 -5.7601112174297366408382004010491  35 4.751394303784126194045711599756  
2  26 -8.1610238719997560963292926317081  22 -12.411296051263049022850282199215  
2  27 5.7939380350896767524204733490478  26 13.323725762694081709014426451176  
2  28 -3.7632768917833594457533763488755  26 -6.7408297363459084294845524709672  
2  29 -14.271265626380399638151175167877  31 14.433296657342026492187869735062  
2  30 11.822276219434815658360093948431  29 13.889560727480738222539002890699  
2  31 8.7320265776770433774345292476937  30 -11.357924491444631343028959236108  
6  24 -0.010656795456968366081484944629665  32 -14.273324473270792012158381112386  30 8.3658195192214819257969793397933  34 -1.5295129050162086237207859085174  35 -5.7601112174297366408382004010491  42 4.751394303784126194045711599756  
2  33 -8.1610238719997560963292926317081  29 -12.411296051263049022850282199215  
2  34 5.7939380350896767524204733490478  33 13.323725762694081709014426451176  
2  35 -3.7632768917833594457533763488755  33 -6.7408297363459084294845524709672  
2  36 -14.271265626380399638151175167877  38 14.433296657342026492187869735062  
2  37 11.822276219434815658360093948431  36 13.889560727480738222539002890699  
2  38 8.7320265776770433774345292476937  37 -11.357924491444631343028959236108  
6  31 -0.010656795456968366081484944629665  39 -14.273324473270792012158381112386  37 8.3658195192214819257969793397933  41 -1.5295129050162086237207859085174  42 -5.7601112174297366408382004010491  49 4.751394303784126194045711599756  
2  40 -8.1610238719997560963292926317081  36 -12.411296051263049022850282199215  
2  41 5.7939380350896767524204733490478  40 13.323725762694081709014426451176  
2  42 -3.7632768917833594457533763488755  40 -6.7408297363459084294845524709672  
2  43 -14.271265626380399638151175167877  45 14.433296657342026492187869735062  
2  44 11.822276219434815658360093948431  43 13.889560727480738222539002890699  
2  45 8.7320265776770433774345292476937  44 -11.357924491444631343028959236108  
5  38 -0.010656795456968366081484944629665  46 -14.273324473270792012158381112386  44 8.3658195192214819257969793397933  48 -1.5295129050162086237207859085174  49 -5.7601112174297366408382004010491  
2  47 -8.1610238719997560963292926317081  43 -12.411296051263049022850282199215  
2  48 5.7939380350896767524204733490478  47 13.323725762694081709014426451176  
2  49 -3.7632768917833594457533763488755  47 -6.7408297363459084294845524709672  

1  14 1.9848107084596173788071382659837  
1  8 0.86333382967911342920075412621372  
0  
1  5 0.89941791882595467644279096930404  
1  4 0.89941791882595467644279096930404  
1  10 1.5009045092756034822656374672079  
0  
2  2 0.86333382967911342920075412621372  21 1.9848107084596173788071382659837  
1  15 0.86333382967911342920075412621372  
1  6 1.5009045092756034822656374672079  
1  12 0.89941791882595467644279096930404  
1  11 0.89941791882595467644279096930404  
1  17 1.5009045092756034822656374672079  
1  1 1.9848107084596173788071382659837  
2  9 0.86333382967911342920075412621372  28 1.9848107084596173788071382659837  
1  22 0.86333382967911342920075412621372  
1  13 1.5009045092756034822656374672079  
1  19 0.89941791882595467644279096930404  
1  18 0.89941791882595467644279096930404  
1  24 1.5009045092756034822656374672079  
1  8 1.9848107084596173788071382659837  
2  16 0.86333382967911342920075412621372  35 1.9848107084596173788071382659837  
1  29 0.86333382967911342920075412621372  
1  20 1.5009045092756034822656374672079  
1  26 0.89941791882595467644279096930404  
1  25 0.89941791882595467644279096930404  
1  31 1.5009045092756034822656374672079  
1  15 1.9848107084596173788071382659837  
2  23 0.86333382967911342920075412621372  42 1.9848107084596173788071382659837  
1  36 0.86333382967911342920075412621372  
1  27 1.5009045092756034822656374672079  
1  33 0.89941791882595467644279096930404  
1  32 0.89941791882595467644279096930404  
1  38 1.5009045092756034822656374672079  
1  22 1.9848107084596173788071382659837  
2  30 0.86333382967911342920075412621372  49 1.9848107084596173788071382659837  
1  43 0.86333382967911342920075412621372  
1  34 1.5009045092756034822656374672079  
1  40 0.89941791882595467644279096930404  
1  39 0.89941791882595467644279096930404  
1  45 1.5009045092756034822656374672079  
1  29 1.9848107084596173788071382659837  
1  37 0.86333382967911342920075412621372  
0  
1  41 1.5009045092756034822656374672079  
1  47 0.89941791882595467644279096930404  
1  46 0.89941791882595467644279096930404  
0  
1  36 1.9848107084596173788071382659837  
