49 9 6

0.90902516104476305258685897570103 1.585581002983026177588499194826 0.1023346418883093189577948578517 1.6307430088358809694426554415259 0.24653524143722549410995270591229 0.56125994110414623161631197945098 2.3460065042483697617115012690192 0.90902516104476305258685897570103 1.585581002983026177588499194826 0.1023346418883093189577948578517 1.6307430088358809694426554415259 0.24653524143722549410995270591229 0.56125994110414623161631197945098 2.3460065042483697617115012690192 0.90902516104476305258685897570103 1.585581002983026177588499194826 0.1023346418883093189577948578517 1.6307430088358809694426554415259 0.24653524143722549410995270591229 0.56125994110414623161631197945098 2.3460065042483697617115012690192 0.90902516104476305258685897570103 1.585581002983026177588499194826 0.1023346418883093189577948578517 1.6307430088358809694426554415259 0.24653524143722549410995270591229 0.56125994110414623161631197945098 2.3460065042483697617115012690192 0.90902516104476305258685897570103 1.585581002983026177588499194826 0.1023346418883093189577948578517 1.6307430088358809694426554415259 0.24653524143722549410995270591229 0.56125994110414623161631197945098 2.3460065042483697617115012690192 0.90902516104476305258685897570103 1.585581002983026177588499194826 0.1023346418883093189577948578517 1.6307430088358809694426554415259 0.24653524143722549410995270591229 0.56125994110414623161631197945098 2.3460065042483697617115012690192 0.90902516104476305258685897570103 1.585581002983026177588499194826 0.1023346418883093189577948578517 1.6307430088358809694426554415259 0.24653524143722549410995270591229 0.56125994110414623161631197945098 2.3460065042483697617115012690192 

-6.1491176412389254579693442792632 7.1626791927438908658132277196273 -12.823886142686500733134380425327 -12.43291414489695512202160898596 3.8941513248118528878194410935976 -4.8318351402843626729577408696059 -9.0575933524862062284910280141048 -6.1491176412389254579693442792632 7.1626791927438908658132277196273 -12.823886142686500733134380425327 -12.43291414489695512202160898596 3.8941513248118528878194410935976 -4.8318351402843626729577408696059 -9.0575933524862062284910280141048 -6.1491176412389254579693442792632 7.1626791927438908658132277196273 -12.823886142686500733134380425327 -12.43291414489695512202160898596 3.8941513248118528878194410935976 -4.8318351402843626729577408696059 -9.0575933524862062284910280141048 -6.1491176412389254579693442792632 7.1626791927438908658132277196273 -12.823886142686500733134380425327 -12.43291414489695512202160898596 3.8941513248118528878194410935976 -4.8318351402843626729577408696059 -9.0575933524862062284910280141048 -6.1491176412389254579693442792632 7.1626791927438908658132277196273 -12.823886142686500733134380425327 -12.43291414489695512202160898596 3.8941513248118528878194410935976 -4.8318351402843626729577408696059 -9.0575933524862062284910280141048 -6.1491176412389254579693442792632 7.1626791927438908658132277196273 -12.823886142686500733134380425327 -12.43291414489695512202160898596 3.8941513248118528878194410935976 -4.8318351402843626729577408696059 -9.0575933524862062284910280141048 -6.1491176412389254579693442792632 7.1626791927438908658132277196273 -12.823886142686500733134380425327 -12.43291414489695512202160898596 3.8941513248118528878194410935976 -4.8318351402843626729577408696059 -9.0575933524862062284910280141048 

1 1 1 1 1 1 1 1 1 1 1 1 1 1 1 1 1 1 1 1 1 1 1 1 1 1 1 1 1 1 1 1 1 1 1 1 1 1 1 1 1 1 1 1 1 1 1 1 1 

6.1491176412389254579693442792632 -7.1626791927438908658132277196273 12.823886142686500733134380425327 12.43291414489695512202160898596 -3.8941513248118528878194410935976 4.8318351402843626729577408696059 9.0575933524862062284910280141048 6.1491176412389254579693442792632 -7.1626791927438908658132277196273 12.823886142686500733134380425327 12.43291414489695512202160898596 -3.8941513248118528878194410935976 4.8318351402843626729577408696059 9.0575933524862062284910280141048 6.1491176412389254579693442792632 -7.1626791927438908658132277196273 12.823886142686500733134380425327 12.43291414489695512202160898596 -3.8941513248118528878194410935976 4.8318351402843626729577408696059 9.0575933524862062284910280141048 6.1491176412389254579693442792632 -7.1626791927438908658132277196273 12.823886142686500733134380425327 12.43291414489695512202160898596 -3.8941513248118528878194410935976 4.8318351402843626729577408696059 9.0575933524862062284910280141048 6.1491176412389254579693442792632 -7.1626791927438908658132277196273 12.823886142686500733134380425327 12.43291414489695512202160898596 -3.8941513248118528878194410935976 4.8318351402843626729577408696059 9.0575933524862062284910280141048 6.1491176412389254579693442792632 -7.1626791927438908658132277196273 12.823886142686500733134380425327 12.43291414489695512202160898596 -3.8941513248118528878194410935976 4.8318351402843626729577408696059 9.0575933524862062284910280141048 6.1491176412389254579693442792632 -7.1626791927438908658132277196273 12.823886142686500733134380425327 12.43291414489695512202160898596 -3.8941513248118528878194410935976 4.8318351402843626729577408696059 9.0575933524862062284910280141048 

2  1 9.4532936363855011308032771921717  3 10.344172716971346659420305513777  
2  2 -4.0567258928561535924472991609946  1 -14.239795883159427347663950058632  
2  3 4.9695968208990723979923131992109  2 13.924898630710073277327865071129  
5  4 2.6828907348891117834455144475214  2 -11.817038005174811843289717216976  6 -7.6819836959125868958153660059907  7 0.98245364612787033919971690920647  14 1.1275937693355018165419778597425  
2  5 -3.3343839923025893057229041005485  1 -9.2826582322831114879591041244566  
2  6 -5.0977134768816663168422564922366  5 13.216486260466998814422368013766  
2  7 4.6800756159246841292542740120552  5 -2.7567566157548029082136054057628  
2  8 9.4532936363855011308032771921717  10 10.344172716971346659420305513777  
2  9 -4.0567258928561535924472991609946  8 -14.239795883159427347663950058632  
2  10 4.9695968208990723979923131992109  9 13.924898630710073277327865071129  
6  3 14.300296835503942816103517543525  11 2.6828907348891117834455144475214  9 -11.817038005174811843289717216976  13 -7.6819836959125868958153660059907  14 0.98245364612787033919971690920647  21 1.1275937693355018165419778597425  
2  12 -3.3343839923025893057229041005485  8 -9.2826582322831114879591041244566  
2  13 -5.0977134768816663168422564922366  12 13.216486260466998814422368013766  
2  14 4.6800756159246841292542740120552  12 -2.7567566157548029082136054057628  
2  15 9.4532936363855011308032771921717  17 10.344172716971346659420305513777  
2  16 -4.0567258928561535924472991609946  15 -14.239795883159427347663950058632  
2  17 4.9695968208990723979923131992109  16 13.924898630710073277327865071129  
6  10 14.300296835503942816103517543525  18 2.6828907348891117834455144475214  16 -11.817038005174811843289717216976  20 -7.6819836959125868958153660059907  21 0.98245364612787033919971690920647  28 1.1275937693355018165419778597425  
2  19 -3.3343839923025893057229041005485  15 -9.2826582322831114879591041244566  
2  20 -5.0977134768816663168422564922366  19 13.216486260466998814422368013766  
2  21 4.6800756159246841292542740120552  19 -2.7567566157548029082136054057628  
2  22 9.4532936363855011308032771921717  24 10.344172716971346659420305513777  
2  23 -4.0567258928561535924472991609946  22 -14.239795883159427347663950058632  
2  24 4.9695968208990723979923131992109  23 13.924898630710073277327865071129  
6  17 14.300296835503942816103517543525  25 2.6828907348891117834455144475214  23 -11.817038005174811843289717216976  27 -7.6819836959125868958153660059907  28 0.98245364612787033919971690920647  35 1.1275937693355018165419778597425  
2  26 -3.3343839923025893057229041005485  22 -9.2826582322831114879591041244566  
2  27 -5.0977134768816663168422564922366  26 13.216486260466998814422368013766  
2  28 4.6800756159246841292542740120552  26 -2.7567566157548029082136054057628  
2  29 9.4532936363855011308032771921717  31 10.344172716971346659420305513777  
2  30 -4.0567258928561535924472991609946  29 -14.239795883159427347663950058632  
2  31 4.9695968208990723979923131992109  30 13.924898630710073277327865071129  
6  24 14.300296835503942816103517543525  32 2.6828907348891117834455144475214  30 -11.817038005174811843289717216976  34 -7.6819836959125868958153660059907  35 0.98245364612787033919971690920647  42 1.1275937693355018165419778597425  
2  33 -3.3343839923025893057229041005485  29 -9.2826582322831114879591041244566  
2  34 -5.0977134768816663168422564922366  33 13.216486260466998814422368013766  
2  35 4.6800756159246841292542740120552  33 -2.7567566157548029082136054057628  
2  36 9.4532936363855011308032771921717  38 10.344172716971346659420305513777  
2  37 -4.0567258928561535924472991609946  36 -14.239795883159427347663950058632  
2  38 4.9695968208990723979923131992109  37 13.924898630710073277327865071129  
6  31 14.300296835503942816103517543525  39 2.6828907348891117834455144475214  37 -11.817038005174811843289717216976  41 -7.6819836959125868958153660059907  42 0.98245364612787033919971690920647  49 1.1275937693355018165419778597425  
2  40 -3.3343839923025893057229041005485  36 -9.2826582322831114879591041244566  
2  41 -5.0977134768816663168422564922366  40 13.216486260466998814422368013766  
2  42 4.6800756159246841292542740120552  40 -2.7567566157548029082136054057628  
2  43 9.4532936363855011308032771921717  45 10.344172716971346659420305513777  
2  44 -4.0567258928561535924472991609946  43 -14.239795883159427347663950058632  
2  45 4.9695968208990723979923131992109  44 13.924898630710073277327865071129  
5  38 14.300296835503942816103517543525  46 2.6828907348891117834455144475214  44 -11.817038005174811843289717216976  48 -7.6819836959125868958153660059907  49 0.98245364612787033919971690920647  
2  47 -3.3343839923025893057229041005485  43 -9.2826582322831114879591041244566  
2  48 -5.0977134768816663168422564922366  47 13.216486260466998814422368013766  
2  49 4.6800756159246841292542740120552  47 -2.7567566157548029082136054057628  

1  14 1.200705110416803611528280271159  
1  8 1.0573313763742875348583538652747  
0  
1  5 0.87812752199468246949720651173266  
1  4 0.87812752199468246949720651173266  
1  10 0.391921406801617022708228432748  
0  
2  2 1.0573313763742875348583538652747  21 1.200705110416803611528280271159  
1  15 1.0573313763742875348583538652747  
1  6 0.391921406801617022708228432748  
1  12 0.87812752199468246949720651173266  
1  11 0.87812752199468246949720651173266  
1  17 0.391921406801617022708228432748  
1  1 1.200705110416803611528280271159  
2  9 1.0573313763742875348583538652747  28 1.200705110416803611528280271159  
1  22 1.0573313763742875348583538652747  
1  13 0.391921406801617022708228432748  
1  19 0.87812752199468246949720651173266  
1  18 0.87812752199468246949720651173266  
1  24 0.391921406801617022708228432748  
1  8 1.200705110416803611528280271159  
2  16 1.0573313763742875348583538652747  35 1.200705110416803611528280271159  
1  29 1.0573313763742875348583538652747  
1  20 0.391921406801617022708228432748  
1  26 0.87812752199468246949720651173266  
1  25 0.87812752199468246949720651173266  
1  31 0.391921406801617022708228432748  
1  15 1.200705110416803611528280271159  
2  23 1.0573313763742875348583538652747  42 1.200705110416803611528280271159  
1  36 1.0573313763742875348583538652747  
1  27 0.391921406801617022708228432748  
1  33 0.87812752199468246949720651173266  
1  32 0.87812752199468246949720651173266  
1  38 0.391921406801617022708228432748  
1  22 1.200705110416803611528280271159  
2  30 1.0573313763742875348583538652747  49 1.200705110416803611528280271159  
1  43 1.0573313763742875348583538652747  
1  34 0.391921406801617022708228432748  
1  40 0.87812752199468246949720651173266  
1  39 0.87812752199468246949720651173266  
1  45 0.391921406801617022708228432748  
1  29 1.200705110416803611528280271159  
1  37 1.0573313763742875348583538652747  
0  
1  41 0.391921406801617022708228432748  
1  47 0.87812752199468246949720651173266  
1  46 0.87812752199468246949720651173266  
0  
1  36 1.200705110416803611528280271159  
