49 9 6

1.6586622570689690814305095045711 0.10000000000000008881784197001252 0.48338018279139127741927950410172 1.8124292471590326414343508076854 0.15145289540316753118531778454781 0.80887006096735225568750138336327 0.83620743983868517368307493597968 1.6586622570689690814305095045711 0.10000000000000008881784197001252 0.48338018279139127741927950410172 1.8124292471590326414343508076854 0.15145289540316753118531778454781 0.80887006096735225568750138336327 0.83620743983868517368307493597968 1.6586622570689690814305095045711 0.10000000000000008881784197001252 0.48338018279139127741927950410172 1.8124292471590326414343508076854 0.15145289540316753118531778454781 0.80887006096735225568750138336327 0.83620743983868517368307493597968 1.6586622570689690814305095045711 0.10000000000000008881784197001252 0.48338018279139127741927950410172 1.8124292471590326414343508076854 0.15145289540316753118531778454781 0.80887006096735225568750138336327 0.83620743983868517368307493597968 1.6586622570689690814305095045711 0.10000000000000008881784197001252 0.48338018279139127741927950410172 1.8124292471590326414343508076854 0.15145289540316753118531778454781 0.80887006096735225568750138336327 0.83620743983868517368307493597968 1.6586622570689690814305095045711 0.10000000000000008881784197001252 0.48338018279139127741927950410172 1.8124292471590326414343508076854 0.15145289540316753118531778454781 0.80887006096735225568750138336327 0.83620743983868517368307493597968 1.6586622570689690814305095045711 0.10000000000000008881784197001252 0.48338018279139127741927950410172 1.8124292471590326414343508076854 0.15145289540316753118531778454781 0.80887006096735225568750138336327 0.83620743983868517368307493597968 

-2.0344530677893457593086168344598 0.89082510948138005080210177766276 -5.307191569645693718371148861479 12.041339847594612066927766136359 -4.5025350226413483056830955320038 -0.32873935616632232736833429953549 -4.2640649464520699041258922079578 -2.0344530677893457593086168344598 0.89082510948138005080210177766276 -5.307191569645693718371148861479 12.041339847594612066927766136359 -4.5025350226413483056830955320038 -0.32873935616632232736833429953549 -4.2640649464520699041258922079578 -2.0344530677893457593086168344598 0.89082510948138005080210177766276 -5.307191569645693718371148861479 12.041339847594612066927766136359 -4.5025350226413483056830955320038 -0.32873935616632232736833429953549 -4.2640649464520699041258922079578 -2.0344530677893457593086168344598 0.89082510948138005080210177766276 -5.307191569645693718371148861479 12.041339847594612066927766136359 -4.5025350226413483056830955320038 -0.32873935616632232736833429953549 -4.2640649464520699041258922079578 -2.0344530677893457593086168344598 0.89082510948138005080210177766276 -5.307191569645693718371148861479 12.041339847594612066927766136359 -4.5025350226413483056830955320038 -0.32873935616632232736833429953549 -4.2640649464520699041258922079578 -2.0344530677893457593086168344598 0.89082510948138005080210177766276 -5.307191569645693718371148861479 12.041339847594612066927766136359 -4.5025350226413483056830955320038 -0.32873935616632232736833429953549 -4.2640649464520699041258922079578 -2.0344530677893457593086168344598 0.89082510948138005080210177766276 -5.307191569645693718371148861479 12.041339847594612066927766136359 -4.5025350226413483056830955320038 -0.32873935616632232736833429953549 -4.2640649464520699041258922079578 

1 1 1 1 1 1 1 1 1 1 1 1 1 1 1 1 1 1 1 1 1 1 1 1 1 1 1 1 1 1 1 1 1 1 1 1 1 1 1 1 1 1 1 1 1 1 1 1 1 

2.0344530677893457593086168344598 -0.89082510948138005080210177766276 5.307191569645693718371148861479 -12.041339847594612066927766136359 4.5025350226413483056830955320038 0.32873935616632232736833429953549 4.2640649464520699041258922079578 2.0344530677893457593086168344598 -0.89082510948138005080210177766276 5.307191569645693718371148861479 -12.041339847594612066927766136359 4.5025350226413483056830955320038 0.32873935616632232736833429953549 4.2640649464520699041258922079578 2.0344530677893457593086168344598 -0.89082510948138005080210177766276 5.307191569645693718371148861479 -12.041339847594612066927766136359 4.5025350226413483056830955320038 0.32873935616632232736833429953549 4.2640649464520699041258922079578 2.0344530677893457593086168344598 -0.89082510948138005080210177766276 5.307191569645693718371148861479 -12.041339847594612066927766136359 4.5025350226413483056830955320038 0.32873935616632232736833429953549 4.2640649464520699041258922079578 2.0344530677893457593086168344598 -0.89082510948138005080210177766276 5.307191569645693718371148861479 -12.041339847594612066927766136359 4.5025350226413483056830955320038 0.32873935616632232736833429953549 4.2640649464520699041258922079578 2.0344530677893457593086168344598 -0.89082510948138005080210177766276 5.307191569645693718371148861479 -12.041339847594612066927766136359 4.5025350226413483056830955320038 0.32873935616632232736833429953549 4.2640649464520699041258922079578 2.0344530677893457593086168344598 -0.89082510948138005080210177766276 5.307191569645693718371148861479 -12.041339847594612066927766136359 4.5025350226413483056830955320038 0.32873935616632232736833429953549 4.2640649464520699041258922079578 

2  1 -0.54689158558860584413707783824066  3 14.204143810635272870968037750572  
2  2 6.9168000134998646188932980294339  1 -12.979391545501261617800992098637  
2  3 2.9908666675130821666073188680457  2 11.152853821221501817717580706812  
5  4 4.6251040601695736498299993399996  2 -13.362381125806134463118723942898  6 -14.96673699556894376883064978756  7 -14.630375132480004651824856409803  14 -6.3101706803302670678590402530972  
2  5 4.3846453123522328709782414080109  1 13.226305498675928973284499079455  
2  6 -12.676365314731716793517080077436  5 11.741094305035536748960112163331  
2  7 4.9536337664910394806838667136617  5 -8.8122545198230124441352018038742  
2  8 -0.54689158558860584413707783824066  10 14.204143810635272870968037750572  
2  9 6.9168000134998646188932980294339  8 -12.979391545501261617800992098637  
2  10 2.9908666675130821666073188680457  9 11.152853821221501817717580706812  
6  3 -11.170059160610112058975573745556  11 4.6251040601695736498299993399996  9 -13.362381125806134463118723942898  13 -14.96673699556894376883064978756  14 -14.630375132480004651824856409803  21 -6.3101706803302670678590402530972  
2  12 4.3846453123522328709782414080109  8 13.226305498675928973284499079455  
2  13 -12.676365314731716793517080077436  12 11.741094305035536748960112163331  
2  14 4.9536337664910394806838667136617  12 -8.8122545198230124441352018038742  
2  15 -0.54689158558860584413707783824066  17 14.204143810635272870968037750572  
2  16 6.9168000134998646188932980294339  15 -12.979391545501261617800992098637  
2  17 2.9908666675130821666073188680457  16 11.152853821221501817717580706812  
6  10 -11.170059160610112058975573745556  18 4.6251040601695736498299993399996  16 -13.362381125806134463118723942898  20 -14.96673699556894376883064978756  21 -14.630375132480004651824856409803  28 -6.3101706803302670678590402530972  
2  19 4.3846453123522328709782414080109  15 13.226305498675928973284499079455  
2  20 -12.676365314731716793517080077436  19 11.741094305035536748960112163331  
2  21 4.9536337664910394806838667136617  19 -8.8122545198230124441352018038742  
2  22 -0.54689158558860584413707783824066  24 14.204143810635272870968037750572  
2  23 6.9168000134998646188932980294339  22 -12.979391545501261617800992098637  
2  24 2.9908666675130821666073188680457  23 11.152853821221501817717580706812  
6  17 -11.170059160610112058975573745556  25 4.6251040601695736498299993399996  23 -13.362381125806134463118723942898  27 -14.96673699556894376883064978756  28 -14.630375132480004651824856409803  35 -6.3101706803302670678590402530972  
2  26 4.3846453123522328709782414080109  22 13.226305498675928973284499079455  
2  27 -12.676365314731716793517080077436  26 11.741094305035536748960112163331  
2  28 4.9536337664910394806838667136617  26 -8.8122545198230124441352018038742  
2  29 -0.54689158558860584413707783824066  31 14.204143810635272870968037750572  
2  30 6.9168000134998646188932980294339  29 -12.979391545501261617800992098637  
2  31 2.9908666675130821666073188680457  30 11.152853821221501817717580706812  
6  24 -11.170059160610112058975573745556  32 4.6251040601695736498299993399996  30 -13.362381125806134463118723942898  34 -14.96673699556894376883064978756  35 -14.630375132480004651824856409803  42 -6.3101706803302670678590402530972  
2  33 4.3846453123522328709782414080109  29 13.226305498675928973284499079455  
2  34 -12.676365314731716793517080077436  33 11.741094305035536748960112163331  
2  35 4.9536337664910394806838667136617  33 -8.8122545198230124441352018038742  
2  36 -0.54689158558860584413707783824066  38 14.204143810635272870968037750572  
2  37 6.9168000134998646188932980294339  36 -12.979391545501261617800992098637  
2  38 2.9908666675130821666073188680457  37 11.152853821221501817717580706812  
6  31 -11.170059160610112058975573745556  39 4.6251040601695736498299993399996  37 -13.362381125806134463118723942898  41 -14.96673699556894376883064978756  42 -14.630375132480004651824856409803  49 -6.3101706803302670678590402530972  
2  40 4.3846453123522328709782414080109  36 13.226305498675928973284499079455  
2  41 -12.676365314731716793517080077436  40 11.741094305035536748960112163331  
2  42 4.9536337664910394806838667136617  40 -8.8122545198230124441352018038742  
2  43 -0.54689158558860584413707783824066  45 14.204143810635272870968037750572  
2  44 6.9168000134998646188932980294339  43 -12.979391545501261617800992098637  
2  45 2.9908666675130821666073188680457  44 11.152853821221501817717580706812  
5  38 -11.170059160610112058975573745556  46 4.6251040601695736498299993399996  44 -13.362381125806134463118723942898  48 -14.96673699556894376883064978756  49 -14.630375132480004651824856409803  
2  47 4.3846453123522328709782414080109  43 13.226305498675928973284499079455  
2  48 -12.676365314731716793517080077436  47 11.741094305035536748960112163331  
2  49 4.9536337664910394806838667136617  47 -8.8122545198230124441352018038742  

1  14 0.85940892061591922512775454379153  
1  8 0.00024767015710325246402589982608333  
0  
1  5 0.20341542885530106143932016493636  
1  4 0.20341542885530106143932016493636  
1  10 0.22124719308247620119800558313727  
0  
2  2 0.00024767015710325246402589982608333  21 0.85940892061591922512775454379153  
1  15 0.00024767015710325246402589982608333  
1  6 0.22124719308247620119800558313727  
1  12 0.20341542885530106143932016493636  
1  11 0.20341542885530106143932016493636  
1  17 0.22124719308247620119800558313727  
1  1 0.85940892061591922512775454379153  
2  9 0.00024767015710325246402589982608333  28 0.85940892061591922512775454379153  
1  22 0.00024767015710325246402589982608333  
1  13 0.22124719308247620119800558313727  
1  19 0.20341542885530106143932016493636  
1  18 0.20341542885530106143932016493636  
1  24 0.22124719308247620119800558313727  
1  8 0.85940892061591922512775454379153  
2  16 0.00024767015710325246402589982608333  35 0.85940892061591922512775454379153  
1  29 0.00024767015710325246402589982608333  
1  20 0.22124719308247620119800558313727  
1  26 0.20341542885530106143932016493636  
1  25 0.20341542885530106143932016493636  
1  31 0.22124719308247620119800558313727  
1  15 0.85940892061591922512775454379153  
2  23 0.00024767015710325246402589982608333  42 0.85940892061591922512775454379153  
1  36 0.00024767015710325246402589982608333  
1  27 0.22124719308247620119800558313727  
1  33 0.20341542885530106143932016493636  
1  32 0.20341542885530106143932016493636  
1  38 0.22124719308247620119800558313727  
1  22 0.85940892061591922512775454379153  
2  30 0.00024767015710325246402589982608333  49 0.85940892061591922512775454379153  
1  43 0.00024767015710325246402589982608333  
1  34 0.22124719308247620119800558313727  
1  40 0.20341542885530106143932016493636  
1  39 0.20341542885530106143932016493636  
1  45 0.22124719308247620119800558313727  
1  29 0.85940892061591922512775454379153  
1  37 0.00024767015710325246402589982608333  
0  
1  41 0.22124719308247620119800558313727  
1  47 0.20341542885530106143932016493636  
1  46 0.20341542885530106143932016493636  
0  
1  36 0.85940892061591922512775454379153  
