49 9 6

0.51879990107025297785270367967314 0.56164579288453342353903963157791 0.10004286777530024821203369356226 1.2926838310164592282802686895593 0.65515889920098080434485154910362 2.1316603299474357058329587744083 2.0205157091795378221377177396789 0.51879990107025297785270367967314 0.56164579288453342353903963157791 0.10004286777530024821203369356226 1.2926838310164592282802686895593 0.65515889920098080434485154910362 2.1316603299474357058329587744083 2.0205157091795378221377177396789 0.51879990107025297785270367967314 0.56164579288453342353903963157791 0.10004286777530024821203369356226 1.2926838310164592282802686895593 0.65515889920098080434485154910362 2.1316603299474357058329587744083 2.0205157091795378221377177396789 0.51879990107025297785270367967314 0.56164579288453342353903963157791 0.10004286777530024821203369356226 1.2926838310164592282802686895593 0.65515889920098080434485154910362 2.1316603299474357058329587744083 2.0205157091795378221377177396789 0.51879990107025297785270367967314 0.56164579288453342353903963157791 0.10004286777530024821203369356226 1.2926838310164592282802686895593 0.65515889920098080434485154910362 2.1316603299474357058329587744083 2.0205157091795378221377177396789 0.51879990107025297785270367967314 0.56164579288453342353903963157791 0.10004286777530024821203369356226 1.2926838310164592282802686895593 0.65515889920098080434485154910362 2.1316603299474357058329587744083 2.0205157091795378221377177396789 0.51879990107025297785270367967314 0.56164579288453342353903963157791 0.10004286777530024821203369356226 1.2926838310164592282802686895593 0.65515889920098080434485154910362 2.1316603299474357058329587744083 2.0205157091795378221377177396789 

1.6940176269420688104361261139275 3.0089157713819520978404398192652 3.6640970146324565170914411282865 -1.0078249480279577454666650737636 -7.5999649309465713287181642954238 6.7018289834696052054141546250321 -4.3311661129732517139245828730054 1.6940176269420688104361261139275 3.0089157713819520978404398192652 3.6640970146324565170914411282865 -1.0078249480279577454666650737636 -7.5999649309465713287181642954238 6.7018289834696052054141546250321 -4.3311661129732517139245828730054 1.6940176269420688104361261139275 3.0089157713819520978404398192652 3.6640970146324565170914411282865 -1.0078249480279577454666650737636 -7.5999649309465713287181642954238 6.7018289834696052054141546250321 -4.3311661129732517139245828730054 1.6940176269420688104361261139275 3.0089157713819520978404398192652 3.6640970146324565170914411282865 -1.0078249480279577454666650737636 -7.5999649309465713287181642954238 6.7018289834696052054141546250321 -4.3311661129732517139245828730054 1.6940176269420688104361261139275 3.0089157713819520978404398192652 3.6640970146324565170914411282865 -1.0078249480279577454666650737636 -7.5999649309465713287181642954238 6.7018289834696052054141546250321 -4.3311661129732517139245828730054 1.6940176269420688104361261139275 3.0089157713819520978404398192652 3.6640970146324565170914411282865 -1.0078249480279577454666650737636 -7.5999649309465713287181642954238 6.7018289834696052054141546250321 -4.3311661129732517139245828730054 1.6940176269420688104361261139275 3.0089157713819520978404398192652 3.6640970146324565170914411282865 -1.0078249480279577454666650737636 -7.5999649309465713287181642954238 6.7018289834696052054141546250321 -4.3311661129732517139245828730054 

1 1 1 1 1 1 1 1 1 1 1 1 1 1 1 1 1 1 1 1 1 1 1 1 1 1 1 1 1 1 1 1 1 1 1 1 1 1 1 1 1 1 1 1 1 1 1 1 1 

-1.6940176269420688104361261139275 -3.0089157713819520978404398192652 -3.6640970146324565170914411282865 1.0078249480279577454666650737636 7.5999649309465713287181642954238 -6.7018289834696052054141546250321 4.3311661129732517139245828730054 -1.6940176269420688104361261139275 -3.0089157713819520978404398192652 -3.6640970146324565170914411282865 1.0078249480279577454666650737636 7.5999649309465713287181642954238 -6.7018289834696052054141546250321 4.3311661129732517139245828730054 -1.6940176269420688104361261139275 -3.0089157713819520978404398192652 -3.6640970146324565170914411282865 1.0078249480279577454666650737636 7.5999649309465713287181642954238 -6.7018289834696052054141546250321 4.3311661129732517139245828730054 -1.6940176269420688104361261139275 -3.0089157713819520978404398192652 -3.6640970146324565170914411282865 1.0078249480279577454666650737636 7.5999649309465713287181642954238 -6.7018289834696052054141546250321 4.3311661129732517139245828730054 -1.6940176269420688104361261139275 -3.0089157713819520978404398192652 -3.6640970146324565170914411282865 1.0078249480279577454666650737636 7.5999649309465713287181642954238 -6.7018289834696052054141546250321 4.3311661129732517139245828730054 -1.6940176269420688104361261139275 -3.0089157713819520978404398192652 -3.6640970146324565170914411282865 1.0078249480279577454666650737636 7.5999649309465713287181642954238 -6.7018289834696052054141546250321 4.3311661129732517139245828730054 -1.6940176269420688104361261139275 -3.0089157713819520978404398192652 -3.6640970146324565170914411282865 1.0078249480279577454666650737636 7.5999649309465713287181642954238 -6.7018289834696052054141546250321 4.3311661129732517139245828730054 

2  1 9.0897252813206907973153647617437  3 -14.883603987800320567203016253188  
2  2 3.325393123535939299273422875558  1 -8.915630460030023130002518882975  
2  3 3.0026194447893681527261833252851  2 -10.788602822786002022326101723593  
5  4 0.87375928611915520960451431164984  2 14.925520558339794519042698084377  6 -8.9116287366251487611634729546495  7 1.0711384045433385292511729858234  14 13.095897861627127767292222415563  
2  5 2.5578592673497095866252948326292  1 14.172828750508294604060210986063  
2  6 -11.942062414577458540065890701953  5 9.1818388861927466848555923206732  
2  7 -7.5686942784101383097095094854012  5 -14.536792896147142428731058316771  
2  8 9.0897252813206907973153647617437  10 -14.883603987800320567203016253188  
2  9 3.325393123535939299273422875558  8 -8.915630460030023130002518882975  
2  10 3.0026194447893681527261833252851  9 -10.788602822786002022326101723593  
6  3 11.431202437906009095058834645897  11 0.87375928611915520960451431164984  9 14.925520558339794519042698084377  13 -8.9116287366251487611634729546495  14 1.0711384045433385292511729858234  21 13.095897861627127767292222415563  
2  12 2.5578592673497095866252948326292  8 14.172828750508294604060210986063  
2  13 -11.942062414577458540065890701953  12 9.1818388861927466848555923206732  
2  14 -7.5686942784101383097095094854012  12 -14.536792896147142428731058316771  
2  15 9.0897252813206907973153647617437  17 -14.883603987800320567203016253188  
2  16 3.325393123535939299273422875558  15 -8.915630460030023130002518882975  
2  17 3.0026194447893681527261833252851  16 -10.788602822786002022326101723593  
6  10 11.431202437906009095058834645897  18 0.87375928611915520960451431164984  16 14.925520558339794519042698084377  20 -8.9116287366251487611634729546495  21 1.0711384045433385292511729858234  28 13.095897861627127767292222415563  
2  19 2.5578592673497095866252948326292  15 14.172828750508294604060210986063  
2  20 -11.942062414577458540065890701953  19 9.1818388861927466848555923206732  
2  21 -7.5686942784101383097095094854012  19 -14.536792896147142428731058316771  
2  22 9.0897252813206907973153647617437  24 -14.883603987800320567203016253188  
2  23 3.325393123535939299273422875558  22 -8.915630460030023130002518882975  
2  24 3.0026194447893681527261833252851  23 -10.788602822786002022326101723593  
6  17 11.431202437906009095058834645897  25 0.87375928611915520960451431164984  23 14.925520558339794519042698084377  27 -8.9116287366251487611634729546495  28 1.0711384045433385292511729858234  35 13.095897861627127767292222415563  
2  26 2.5578592673497095866252948326292  22 14.172828750508294604060210986063  
2  27 -11.942062414577458540065890701953  26 9.1818388861927466848555923206732  
2  28 -7.5686942784101383097095094854012  26 -14.536792896147142428731058316771  
2  29 9.0897252813206907973153647617437  31 -14.883603987800320567203016253188  
2  30 3.325393123535939299273422875558  29 -8.915630460030023130002518882975  
2  31 3.0026194447893681527261833252851  30 -10.788602822786002022326101723593  
6  24 11.431202437906009095058834645897  32 0.87375928611915520960451431164984  30 14.925520558339794519042698084377  34 -8.9116287366251487611634729546495  35 1.0711384045433385292511729858234  42 13.095897861627127767292222415563  
2  33 2.5578592673497095866252948326292  29 14.172828750508294604060210986063  
2  34 -11.942062414577458540065890701953  33 9.1818388861927466848555923206732  
2  35 -7.5686942784101383097095094854012  33 -14.536792896147142428731058316771  
2  36 9.0897252813206907973153647617437  38 -14.883603987800320567203016253188  
2  37 3.325393123535939299273422875558  36 -8.915630460030023130002518882975  
2  38 3.0026194447893681527261833252851  37 -10.788602822786002022326101723593  
6  31 11.431202437906009095058834645897  39 0.87375928611915520960451431164984  37 14.925520558339794519042698084377  41 -8.9116287366251487611634729546495  42 1.0711384045433385292511729858234  49 13.095897861627127767292222415563  
2  40 2.5578592673497095866252948326292  36 14.172828750508294604060210986063  
2  41 -11.942062414577458540065890701953  40 9.1818388861927466848555923206732  
2  42 -7.5686942784101383097095094854012  40 -14.536792896147142428731058316771  
2  43 9.0897252813206907973153647617437  45 -14.883603987800320567203016253188  
2  44 3.325393123535939299273422875558  43 -8.915630460030023130002518882975  
2  45 3.0026194447893681527261833252851  44 -10.788602822786002022326101723593  
5  38 11.431202437906009095058834645897  46 0.87375928611915520960451431164984  44 14.925520558339794519042698084377  48 -8.9116287366251487611634729546495  49 1.0711384045433385292511729858234  
2  47 2.5578592673497095866252948326292  43 14.172828750508294604060210986063  
2  48 -11.942062414577458540065890701953  47 9.1818388861927466848555923206732  
2  49 -7.5686942784101383097095094854012  47 -14.536792896147142428731058316771  

1  14 1.6022646790273022965322979871416  
1  8 0.0092210260470758642625810352910776  
0  
1  5 0.3096782793150048007646546466276  
1  4 0.3096782793150048007646546466276  
1  10 1.3849342335432246464677064068383  
0  
2  2 0.0092210260470758642625810352910776  21 1.6022646790273022965322979871416  
1  15 0.0092210260470758642625810352910776  
1  6 1.3849342335432246464677064068383  
1  12 0.3096782793150048007646546466276  
1  11 0.3096782793150048007646546466276  
1  17 1.3849342335432246464677064068383  
1  1 1.6022646790273022965322979871416  
2  9 0.0092210260470758642625810352910776  28 1.6022646790273022965322979871416  
1  22 0.0092210260470758642625810352910776  
1  13 1.3849342335432246464677064068383  
1  19 0.3096782793150048007646546466276  
1  18 0.3096782793150048007646546466276  
1  24 1.3849342335432246464677064068383  
1  8 1.6022646790273022965322979871416  
2  16 0.0092210260470758642625810352910776  35 1.6022646790273022965322979871416  
1  29 0.0092210260470758642625810352910776  
1  20 1.3849342335432246464677064068383  
1  26 0.3096782793150048007646546466276  
1  25 0.3096782793150048007646546466276  
1  31 1.3849342335432246464677064068383  
1  15 1.6022646790273022965322979871416  
2  23 0.0092210260470758642625810352910776  42 1.6022646790273022965322979871416  
1  36 0.0092210260470758642625810352910776  
1  27 1.3849342335432246464677064068383  
1  33 0.3096782793150048007646546466276  
1  32 0.3096782793150048007646546466276  
1  38 1.3849342335432246464677064068383  
1  22 1.6022646790273022965322979871416  
2  30 0.0092210260470758642625810352910776  49 1.6022646790273022965322979871416  
1  43 0.0092210260470758642625810352910776  
1  34 1.3849342335432246464677064068383  
1  40 0.3096782793150048007646546466276  
1  39 0.3096782793150048007646546466276  
1  45 1.3849342335432246464677064068383  
1  29 1.6022646790273022965322979871416  
1  37 0.0092210260470758642625810352910776  
0  
1  41 1.3849342335432246464677064068383  
1  47 0.3096782793150048007646546466276  
1  46 0.3096782793150048007646546466276  
0  
1  36 1.6022646790273022965322979871416  
