49 9 6

1.0654119721282158117503513494739 0.25569315964374306204831555078272 0.77083381605271350522912143787835 0.16074204405315106747309528145706 2.0069661998461532093074310978409 0.8405786561078942842328842743882 2.4530271375869707739525438228156 1.0654119721282158117503513494739 0.25569315964374306204831555078272 0.77083381605271350522912143787835 0.16074204405315106747309528145706 2.0069661998461532093074310978409 0.8405786561078942842328842743882 2.4530271375869707739525438228156 1.0654119721282158117503513494739 0.25569315964374306204831555078272 0.77083381605271350522912143787835 0.16074204405315106747309528145706 2.0069661998461532093074310978409 0.8405786561078942842328842743882 2.4530271375869707739525438228156 1.0654119721282158117503513494739 0.25569315964374306204831555078272 0.77083381605271350522912143787835 0.16074204405315106747309528145706 2.0069661998461532093074310978409 0.8405786561078942842328842743882 2.4530271375869707739525438228156 1.0654119721282158117503513494739 0.25569315964374306204831555078272 0.77083381605271350522912143787835 0.16074204405315106747309528145706 2.0069661998461532093074310978409 0.8405786561078942842328842743882 2.4530271375869707739525438228156 1.0654119721282158117503513494739 0.25569315964374306204831555078272 0.77083381605271350522912143787835 0.16074204405315106747309528145706 2.0069661998461532093074310978409 0.8405786561078942842328842743882 2.4530271375869707739525438228156 1.0654119721282158117503513494739 0.25569315964374306204831555078272 0.77083381605271350522912143787835 0.16074204405315106747309528145706 2.0069661998461532093074310978409 0.8405786561078942842328842743882 2.4530271375869707739525438228156 

4.0403996056793172186871743178926 4.8105852959471313567973993485793 6.793854711143404223605557490373 8.7100962269034933882494442514144 5.171147542442925626460237253923 8.7742705190486507405012162053026 0.55774650409831139086236362345517 4.0403996056793172186871743178926 4.8105852959471313567973993485793 6.793854711143404223605557490373 8.7100962269034933882494442514144 5.171147542442925626460237253923 8.7742705190486507405012162053026 0.55774650409831139086236362345517 4.0403996056793172186871743178926 4.8105852959471313567973993485793 6.793854711143404223605557490373 8.7100962269034933882494442514144 5.171147542442925626460237253923 8.7742705190486507405012162053026 0.55774650409831139086236362345517 4.0403996056793172186871743178926 4.8105852959471313567973993485793 6.793854711143404223605557490373 8.7100962269034933882494442514144 5.171147542442925626460237253923 8.7742705190486507405012162053026 0.55774650409831139086236362345517 4.0403996056793172186871743178926 4.8105852959471313567973993485793 6.793854711143404223605557490373 8.7100962269034933882494442514144 5.171147542442925626460237253923 8.7742705190486507405012162053026 0.55774650409831139086236362345517 4.0403996056793172186871743178926 4.8105852959471313567973993485793 6.793854711143404223605557490373 8.7100962269034933882494442514144 5.171147542442925626460237253923 8.7742705190486507405012162053026 0.55774650409831139086236362345517 4.0403996056793172186871743178926 4.8105852959471313567973993485793 6.793854711143404223605557490373 8.7100962269034933882494442514144 5.171147542442925626460237253923 8.7742705190486507405012162053026 0.55774650409831139086236362345517 

1 1 1 1 1 1 1 1 1 1 1 1 1 1 1 1 1 1 1 1 1 1 1 1 1 1 1 1 1 1 1 1 1 1 1 1 1 1 1 1 1 1 1 1 1 1 1 1 1 

-4.0403996056793172186871743178926 -4.8105852959471313567973993485793 -6.793854711143404223605557490373 -8.7100962269034933882494442514144 -5.171147542442925626460237253923 -8.7742705190486507405012162053026 -0.55774650409831139086236362345517 -4.0403996056793172186871743178926 -4.8105852959471313567973993485793 -6.793854711143404223605557490373 -8.7100962269034933882494442514144 -5.171147542442925626460237253923 -8.7742705190486507405012162053026 -0.55774650409831139086236362345517 -4.0403996056793172186871743178926 -4.8105852959471313567973993485793 -6.793854711143404223605557490373 -8.7100962269034933882494442514144 -5.171147542442925626460237253923 -8.7742705190486507405012162053026 -0.55774650409831139086236362345517 -4.0403996056793172186871743178926 -4.8105852959471313567973993485793 -6.793854711143404223605557490373 -8.7100962269034933882494442514144 -5.171147542442925626460237253923 -8.7742705190486507405012162053026 -0.55774650409831139086236362345517 -4.0403996056793172186871743178926 -4.8105852959471313567973993485793 -6.793854711143404223605557490373 -8.7100962269034933882494442514144 -5.171147542442925626460237253923 -8.7742705190486507405012162053026 -0.55774650409831139086236362345517 -4.0403996056793172186871743178926 -4.8105852959471313567973993485793 -6.793854711143404223605557490373 -8.7100962269034933882494442514144 -5.171147542442925626460237253923 -8.7742705190486507405012162053026 -0.55774650409831139086236362345517 -4.0403996056793172186871743178926 -4.8105852959471313567973993485793 -6.793854711143404223605557490373 -8.7100962269034933882494442514144 -5.171147542442925626460237253923 -8.7742705190486507405012162053026 -0.55774650409831139086236362345517 

2  1 6.7091258201076833245224406709895  3 -14.956591731322445681939825590234  
2  2 2.5482235425486954305540621135151  1 -13.574960582338203352037453441881  
2  3 5.5984027016626400907739480317105  2 -13.92595952998145314438716013683  
5  4 0.79444474002009290991566103912191  2 -5.8456617167139413027143746148795  6 -5.0909914720489544137649318145122  7 -10.859583064183023992654852918349  14 4.9356947261116088654375744226854  
2  5 13.764510952548775435388961341232  1 5.3008862986698517261174856685102  
2  6 -9.5210780864412161150767133221962  5 -9.2446226556284045727807097136974  
2  7 5.7144426410396640392264089314267  5 -3.1874887549767292327373979787808  
2  8 6.7091258201076833245224406709895  10 -14.956591731322445681939825590234  
2  9 2.5482235425486954305540621135151  8 -13.574960582338203352037453441881  
2  10 5.5984027016626400907739480317105  9 -13.92595952998145314438716013683  
6  3 7.0173875168151722547804638452362  11 0.79444474002009290991566103912191  9 -5.8456617167139413027143746148795  13 -5.0909914720489544137649318145122  14 -10.859583064183023992654852918349  21 4.9356947261116088654375744226854  
2  12 13.764510952548775435388961341232  8 5.3008862986698517261174856685102  
2  13 -9.5210780864412161150767133221962  12 -9.2446226556284045727807097136974  
2  14 5.7144426410396640392264089314267  12 -3.1874887549767292327373979787808  
2  15 6.7091258201076833245224406709895  17 -14.956591731322445681939825590234  
2  16 2.5482235425486954305540621135151  15 -13.574960582338203352037453441881  
2  17 5.5984027016626400907739480317105  16 -13.92595952998145314438716013683  
6  10 7.0173875168151722547804638452362  18 0.79444474002009290991566103912191  16 -5.8456617167139413027143746148795  20 -5.0909914720489544137649318145122  21 -10.859583064183023992654852918349  28 4.9356947261116088654375744226854  
2  19 13.764510952548775435388961341232  15 5.3008862986698517261174856685102  
2  20 -9.5210780864412161150767133221962  19 -9.2446226556284045727807097136974  
2  21 5.7144426410396640392264089314267  19 -3.1874887549767292327373979787808  
2  22 6.7091258201076833245224406709895  24 -14.956591731322445681939825590234  
2  23 2.5482235425486954305540621135151  22 -13.574960582338203352037453441881  
2  24 5.5984027016626400907739480317105  23 -13.92595952998145314438716013683  
6  17 7.0173875168151722547804638452362  25 0.79444474002009290991566103912191  23 -5.8456617167139413027143746148795  27 -5.0909914720489544137649318145122  28 -10.859583064183023992654852918349  35 4.9356947261116088654375744226854  
2  26 13.764510952548775435388961341232  22 5.3008862986698517261174856685102  
2  27 -9.5210780864412161150767133221962  26 -9.2446226556284045727807097136974  
2  28 5.7144426410396640392264089314267  26 -3.1874887549767292327373979787808  
2  29 6.7091258201076833245224406709895  31 -14.956591731322445681939825590234  
2  30 2.5482235425486954305540621135151  29 -13.574960582338203352037453441881  
2  31 5.5984027016626400907739480317105  30 -13.92595952998145314438716013683  
6  24 7.0173875168151722547804638452362  32 0.79444474002009290991566103912191  30 -5.8456617167139413027143746148795  34 -5.0909914720489544137649318145122  35 -10.859583064183023992654852918349  42 4.9356947261116088654375744226854  
2  33 13.764510952548775435388961341232  29 5.3008862986698517261174856685102  
2  34 -9.5210780864412161150767133221962  33 -9.2446226556284045727807097136974  
2  35 5.7144426410396640392264089314267  33 -3.1874887549767292327373979787808  
2  36 6.7091258201076833245224406709895  38 -14.956591731322445681939825590234  
2  37 2.5482235425486954305540621135151  36 -13.574960582338203352037453441881  
2  38 5.5984027016626400907739480317105  37 -13.92595952998145314438716013683  
6  31 7.0173875168151722547804638452362  39 0.79444474002009290991566103912191  37 -5.8456617167139413027143746148795  41 -5.0909914720489544137649318145122  42 -10.859583064183023992654852918349  49 4.9356947261116088654375744226854  
2  40 13.764510952548775435388961341232  36 5.3008862986698517261174856685102  
2  41 -9.5210780864412161150767133221962  40 -9.2446226556284045727807097136974  
2  42 5.7144426410396640392264089314267  40 -3.1874887549767292327373979787808  
2  43 6.7091258201076833245224406709895  45 -14.956591731322445681939825590234  
2  44 2.5482235425486954305540621135151  43 -13.574960582338203352037453441881  
2  45 5.5984027016626400907739480317105  44 -13.92595952998145314438716013683  
5  38 7.0173875168151722547804638452362  46 0.79444474002009290991566103912191  44 -5.8456617167139413027143746148795  48 -5.0909914720489544137649318145122  49 -10.859583064183023992654852918349  
2  47 13.764510952548775435388961341232  43 5.3008862986698517261174856685102  
2  48 -9.5210780864412161150767133221962  47 -9.2446226556284045727807097136974  
2  49 5.7144426410396640392264089314267  47 -3.1874887549767292327373979787808  

1  14 1.851305831343572849689849135757  
1  8 0  
0  
1  5 0.64595015231937957800312233302975  
1  4 0.64595015231937957800312233302975  
1  10 0.79676889212285373353950035379967  
0  
2  2 0  21 1.851305831343572849689849135757  
1  15 0  
1  6 0.79676889212285373353950035379967  
1  12 0.64595015231937957800312233302975  
1  11 0.64595015231937957800312233302975  
1  17 0.79676889212285373353950035379967  
1  1 1.851305831343572849689849135757  
2  9 0  28 1.851305831343572849689849135757  
1  22 0  
1  13 0.79676889212285373353950035379967  
1  19 0.64595015231937957800312233302975  
1  18 0.64595015231937957800312233302975  
1  24 0.79676889212285373353950035379967  
1  8 1.851305831343572849689849135757  
2  16 0  35 1.851305831343572849689849135757  
1  29 0  
1  20 0.79676889212285373353950035379967  
1  26 0.64595015231937957800312233302975  
1  25 0.64595015231937957800312233302975  
1  31 0.79676889212285373353950035379967  
1  15 1.851305831343572849689849135757  
2  23 0  42 1.851305831343572849689849135757  
1  36 0  
1  27 0.79676889212285373353950035379967  
1  33 0.64595015231937957800312233302975  
1  32 0.64595015231937957800312233302975  
1  38 0.79676889212285373353950035379967  
1  22 1.851305831343572849689849135757  
2  30 0  49 1.851305831343572849689849135757  
1  43 0  
1  34 0.79676889212285373353950035379967  
1  40 0.64595015231937957800312233302975  
1  39 0.64595015231937957800312233302975  
1  45 0.79676889212285373353950035379967  
1  29 1.851305831343572849689849135757  
1  37 0  
0  
1  41 0.79676889212285373353950035379967  
1  47 0.64595015231937957800312233302975  
1  46 0.64595015231937957800312233302975  
0  
1  36 1.851305831343572849689849135757  
