49 9 6

0.11130412482581353295074677589582 2.2819639988488269466415658826008 0.24030204858175596704938925540773 0.48894830629819885370324072937365 1.1677738568894984183543783728965 1.4008660488572852731437023976468 1.2636546428719666046447400731267 0.11130412482581353295074677589582 2.2819639988488269466415658826008 0.24030204858175596704938925540773 0.48894830629819885370324072937365 1.1677738568894984183543783728965 1.4008660488572852731437023976468 1.2636546428719666046447400731267 0.11130412482581353295074677589582 2.2819639988488269466415658826008 0.24030204858175596704938925540773 0.48894830629819885370324072937365 1.1677738568894984183543783728965 1.4008660488572852731437023976468 1.2636546428719666046447400731267 0.11130412482581353295074677589582 2.2819639988488269466415658826008 0.24030204858175596704938925540773 0.48894830629819885370324072937365 1.1677738568894984183543783728965 1.4008660488572852731437023976468 1.2636546428719666046447400731267 0.11130412482581353295074677589582 2.2819639988488269466415658826008 0.24030204858175596704938925540773 0.48894830629819885370324072937365 1.1677738568894984183543783728965 1.4008660488572852731437023976468 1.2636546428719666046447400731267 0.11130412482581353295074677589582 2.2819639988488269466415658826008 0.24030204858175596704938925540773 0.48894830629819885370324072937365 1.1677738568894984183543783728965 1.4008660488572852731437023976468 1.2636546428719666046447400731267 0.11130412482581353295074677589582 2.2819639988488269466415658826008 0.24030204858175596704938925540773 0.48894830629819885370324072937365 1.1677738568894984183543783728965 1.4008660488572852731437023976468 1.2636546428719666046447400731267 

-4.4730549184705763465785821608733 1.9129066896250457308070735962247 -6.1907134134734027597346539550927 2.3330090253296442703856428124709 2.8804766160725541190856802131748 -5.7388642262987659137252194341272 13.066042332606659925886560813524 -4.4730549184705763465785821608733 1.9129066896250457308070735962247 -6.1907134134734027597346539550927 2.3330090253296442703856428124709 2.8804766160725541190856802131748 -5.7388642262987659137252194341272 13.066042332606659925886560813524 -4.4730549184705763465785821608733 1.9129066896250457308070735962247 -6.1907134134734027597346539550927 2.3330090253296442703856428124709 2.8804766160725541190856802131748 -5.7388642262987659137252194341272 13.066042332606659925886560813524 -4.4730549184705763465785821608733 1.9129066896250457308070735962247 -6.1907134134734027597346539550927 2.3330090253296442703856428124709 2.8804766160725541190856802131748 -5.7388642262987659137252194341272 13.066042332606659925886560813524 -4.4730549184705763465785821608733 1.9129066896250457308070735962247 -6.1907134134734027597346539550927 2.3330090253296442703856428124709 2.8804766160725541190856802131748 -5.7388642262987659137252194341272 13.066042332606659925886560813524 -4.4730549184705763465785821608733 1.9129066896250457308070735962247 -6.1907134134734027597346539550927 2.3330090253296442703856428124709 2.8804766160725541190856802131748 -5.7388642262987659137252194341272 13.066042332606659925886560813524 -4.4730549184705763465785821608733 1.9129066896250457308070735962247 -6.1907134134734027597346539550927 2.3330090253296442703856428124709 2.8804766160725541190856802131748 -5.7388642262987659137252194341272 13.066042332606659925886560813524 

1 1 1 1 1 1 1 1 1 1 1 1 1 1 1 1 1 1 1 1 1 1 1 1 1 1 1 1 1 1 1 1 1 1 1 1 1 1 1 1 1 1 1 1 1 1 1 1 1 

4.4730549184705763465785821608733 -1.9129066896250457308070735962247 6.1907134134734027597346539550927 -2.3330090253296442703856428124709 -2.8804766160725541190856802131748 5.7388642262987659137252194341272 -13.066042332606659925886560813524 4.4730549184705763465785821608733 -1.9129066896250457308070735962247 6.1907134134734027597346539550927 -2.3330090253296442703856428124709 -2.8804766160725541190856802131748 5.7388642262987659137252194341272 -13.066042332606659925886560813524 4.4730549184705763465785821608733 -1.9129066896250457308070735962247 6.1907134134734027597346539550927 -2.3330090253296442703856428124709 -2.8804766160725541190856802131748 5.7388642262987659137252194341272 -13.066042332606659925886560813524 4.4730549184705763465785821608733 -1.9129066896250457308070735962247 6.1907134134734027597346539550927 -2.3330090253296442703856428124709 -2.8804766160725541190856802131748 5.7388642262987659137252194341272 -13.066042332606659925886560813524 4.4730549184705763465785821608733 -1.9129066896250457308070735962247 6.1907134134734027597346539550927 -2.3330090253296442703856428124709 -2.8804766160725541190856802131748 5.7388642262987659137252194341272 -13.066042332606659925886560813524 4.4730549184705763465785821608733 -1.9129066896250457308070735962247 6.1907134134734027597346539550927 -2.3330090253296442703856428124709 -2.8804766160725541190856802131748 5.7388642262987659137252194341272 -13.066042332606659925886560813524 4.4730549184705763465785821608733 -1.9129066896250457308070735962247 6.1907134134734027597346539550927 -2.3330090253296442703856428124709 -2.8804766160725541190856802131748 5.7388642262987659137252194341272 -13.066042332606659925886560813524 

2  1 3.5888715839343539037997743434971  3 14.505281565822835787571420951281  
2  2 1.1891014066733449627832897022017  1 -9.687078388237644333003117935732  
2  3 5.9683350106522912170703420997597  2 15  
5  4 -5.9556086548050908291429550445173  2 -8.5811906599512042248534271493554  6 -14.061138426185191718786882120185  7 -8.4670320678902015743005904369056  14 -0.57277927360289881963950620047399  
2  5 -5.2892555815325952295324896113016  1 11.34048977757506371233375830343  
2  6 -5.6738016351372086987225884513464  5 14.650279848178143993209232576191  
2  7 6.2506436616370359971028847212438  5 -8.38318901837499019791266618995  
2  8 3.5888715839343539037997743434971  10 14.505281565822835787571420951281  
2  9 1.1891014066733449627832897022017  8 -9.687078388237644333003117935732  
2  10 5.9683350106522912170703420997597  9 15  
6  3 2.9860122001938700364576106949244  11 -5.9556086548050908291429550445173  9 -8.5811906599512042248534271493554  13 -14.061138426185191718786882120185  14 -8.4670320678902015743005904369056  21 -0.57277927360289881963950620047399  
2  12 -5.2892555815325952295324896113016  8 11.34048977757506371233375830343  
2  13 -5.6738016351372086987225884513464  12 14.650279848178143993209232576191  
2  14 6.2506436616370359971028847212438  12 -8.38318901837499019791266618995  
2  15 3.5888715839343539037997743434971  17 14.505281565822835787571420951281  
2  16 1.1891014066733449627832897022017  15 -9.687078388237644333003117935732  
2  17 5.9683350106522912170703420997597  16 15  
6  10 2.9860122001938700364576106949244  18 -5.9556086548050908291429550445173  16 -8.5811906599512042248534271493554  20 -14.061138426185191718786882120185  21 -8.4670320678902015743005904369056  28 -0.57277927360289881963950620047399  
2  19 -5.2892555815325952295324896113016  15 11.34048977757506371233375830343  
2  20 -5.6738016351372086987225884513464  19 14.650279848178143993209232576191  
2  21 6.2506436616370359971028847212438  19 -8.38318901837499019791266618995  
2  22 3.5888715839343539037997743434971  24 14.505281565822835787571420951281  
2  23 1.1891014066733449627832897022017  22 -9.687078388237644333003117935732  
2  24 5.9683350106522912170703420997597  23 15  
6  17 2.9860122001938700364576106949244  25 -5.9556086548050908291429550445173  23 -8.5811906599512042248534271493554  27 -14.061138426185191718786882120185  28 -8.4670320678902015743005904369056  35 -0.57277927360289881963950620047399  
2  26 -5.2892555815325952295324896113016  22 11.34048977757506371233375830343  
2  27 -5.6738016351372086987225884513464  26 14.650279848178143993209232576191  
2  28 6.2506436616370359971028847212438  26 -8.38318901837499019791266618995  
2  29 3.5888715839343539037997743434971  31 14.505281565822835787571420951281  
2  30 1.1891014066733449627832897022017  29 -9.687078388237644333003117935732  
2  31 5.9683350106522912170703420997597  30 15  
6  24 2.9860122001938700364576106949244  32 -5.9556086548050908291429550445173  30 -8.5811906599512042248534271493554  34 -14.061138426185191718786882120185  35 -8.4670320678902015743005904369056  42 -0.57277927360289881963950620047399  
2  33 -5.2892555815325952295324896113016  29 11.34048977757506371233375830343  
2  34 -5.6738016351372086987225884513464  33 14.650279848178143993209232576191  
2  35 6.2506436616370359971028847212438  33 -8.38318901837499019791266618995  
2  36 3.5888715839343539037997743434971  38 14.505281565822835787571420951281  
2  37 1.1891014066733449627832897022017  36 -9.687078388237644333003117935732  
2  38 5.9683350106522912170703420997597  37 15  
6  31 2.9860122001938700364576106949244  39 -5.9556086548050908291429550445173  37 -8.5811906599512042248534271493554  41 -14.061138426185191718786882120185  42 -8.4670320678902015743005904369056  49 -0.57277927360289881963950620047399  
2  40 -5.2892555815325952295324896113016  36 11.34048977757506371233375830343  
2  41 -5.6738016351372086987225884513464  40 14.650279848178143993209232576191  
2  42 6.2506436616370359971028847212438  40 -8.38318901837499019791266618995  
2  43 3.5888715839343539037997743434971  45 14.505281565822835787571420951281  
2  44 1.1891014066733449627832897022017  43 -9.687078388237644333003117935732  
2  45 5.9683350106522912170703420997597  44 15  
5  38 2.9860122001938700364576106949244  46 -5.9556086548050908291429550445173  44 -8.5811906599512042248534271493554  48 -14.061138426185191718786882120185  49 -8.4670320678902015743005904369056  
2  47 -5.2892555815325952295324896113016  43 11.34048977757506371233375830343  
2  48 -5.6738016351372086987225884513464  47 14.650279848178143993209232576191  
2  49 6.2506436616370359971028847212438  47 -8.38318901837499019791266618995  

1  14 0.68651464342803070195486725424416  
1  8 0.29154519815891033474031246441882  
0  
1  5 1.287293648661910872021962859435  
1  4 1.287293648661910872021962859435  
1  10 1.8768257650756341448072817001957  
0  
2  2 0.29154519815891033474031246441882  21 0.68651464342803070195486725424416  
1  15 0.29154519815891033474031246441882  
1  6 1.8768257650756341448072817001957  
1  12 1.287293648661910872021962859435  
1  11 1.287293648661910872021962859435  
1  17 1.8768257650756341448072817001957  
1  1 0.68651464342803070195486725424416  
2  9 0.29154519815891033474031246441882  28 0.68651464342803070195486725424416  
1  22 0.29154519815891033474031246441882  
1  13 1.8768257650756341448072817001957  
1  19 1.287293648661910872021962859435  
1  18 1.287293648661910872021962859435  
1  24 1.8768257650756341448072817001957  
1  8 0.68651464342803070195486725424416  
2  16 0.29154519815891033474031246441882  35 0.68651464342803070195486725424416  
1  29 0.29154519815891033474031246441882  
1  20 1.8768257650756341448072817001957  
1  26 1.287293648661910872021962859435  
1  25 1.287293648661910872021962859435  
1  31 1.8768257650756341448072817001957  
1  15 0.68651464342803070195486725424416  
2  23 0.29154519815891033474031246441882  42 0.68651464342803070195486725424416  
1  36 0.29154519815891033474031246441882  
1  27 1.8768257650756341448072817001957  
1  33 1.287293648661910872021962859435  
1  32 1.287293648661910872021962859435  
1  38 1.8768257650756341448072817001957  
1  22 0.68651464342803070195486725424416  
2  30 0.29154519815891033474031246441882  49 0.68651464342803070195486725424416  
1  43 0.29154519815891033474031246441882  
1  34 1.8768257650756341448072817001957  
1  40 1.287293648661910872021962859435  
1  39 1.287293648661910872021962859435  
1  45 1.8768257650756341448072817001957  
1  29 0.68651464342803070195486725424416  
1  37 0.29154519815891033474031246441882  
0  
1  41 1.8768257650756341448072817001957  
1  47 1.287293648661910872021962859435  
1  46 1.287293648661910872021962859435  
0  
1  36 0.68651464342803070195486725424416  
