49 9 6

0.1970827419295198001947255761479 0.33934313036344376790509613783797 0.32557806514714626722195589536568 0.38601530722151222718707685999107 0.26214132368739906375765258417232 0.2617924330344543193405115744099 0.84259573181732005942023988609435 0.1970827419295198001947255761479 0.33934313036344376790509613783797 0.32557806514714626722195589536568 0.38601530722151222718707685999107 0.26214132368739906375765258417232 0.2617924330344543193405115744099 0.84259573181732005942023988609435 0.1970827419295198001947255761479 0.33934313036344376790509613783797 0.32557806514714626722195589536568 0.38601530722151222718707685999107 0.26214132368739906375765258417232 0.2617924330344543193405115744099 0.84259573181732005942023988609435 0.1970827419295198001947255761479 0.33934313036344376790509613783797 0.32557806514714626722195589536568 0.38601530722151222718707685999107 0.26214132368739906375765258417232 0.2617924330344543193405115744099 0.84259573181732005942023988609435 0.1970827419295198001947255761479 0.33934313036344376790509613783797 0.32557806514714626722195589536568 0.38601530722151222718707685999107 0.26214132368739906375765258417232 0.2617924330344543193405115744099 0.84259573181732005942023988609435 0.1970827419295198001947255761479 0.33934313036344376790509613783797 0.32557806514714626722195589536568 0.38601530722151222718707685999107 0.26214132368739906375765258417232 0.2617924330344543193405115744099 0.84259573181732005942023988609435 0.1970827419295198001947255761479 0.33934313036344376790509613783797 0.32557806514714626722195589536568 0.38601530722151222718707685999107 0.26214132368739906375765258417232 0.2617924330344543193405115744099 0.84259573181732005942023988609435 

-11.737112366820767306307971011847 -10.881878915479198610682942671701 -1.3997442437453959662718716572272 8.3143135867217967671649603289552 1.8661481578079239795897592557594 -2.6975062691561246808191754098516 -1.3809775175838756577917365575559 -11.737112366820767306307971011847 -10.881878915479198610682942671701 -1.3997442437453959662718716572272 8.3143135867217967671649603289552 1.8661481578079239795897592557594 -2.6975062691561246808191754098516 -1.3809775175838756577917365575559 -11.737112366820767306307971011847 -10.881878915479198610682942671701 -1.3997442437453959662718716572272 8.3143135867217967671649603289552 1.8661481578079239795897592557594 -2.6975062691561246808191754098516 -1.3809775175838756577917365575559 -11.737112366820767306307971011847 -10.881878915479198610682942671701 -1.3997442437453959662718716572272 8.3143135867217967671649603289552 1.8661481578079239795897592557594 -2.6975062691561246808191754098516 -1.3809775175838756577917365575559 -11.737112366820767306307971011847 -10.881878915479198610682942671701 -1.3997442437453959662718716572272 8.3143135867217967671649603289552 1.8661481578079239795897592557594 -2.6975062691561246808191754098516 -1.3809775175838756577917365575559 -11.737112366820767306307971011847 -10.881878915479198610682942671701 -1.3997442437453959662718716572272 8.3143135867217967671649603289552 1.8661481578079239795897592557594 -2.6975062691561246808191754098516 -1.3809775175838756577917365575559 -11.737112366820767306307971011847 -10.881878915479198610682942671701 -1.3997442437453959662718716572272 8.3143135867217967671649603289552 1.8661481578079239795897592557594 -2.6975062691561246808191754098516 -1.3809775175838756577917365575559 

1 1 1 1 1 1 1 1 1 1 1 1 1 1 1 1 1 1 1 1 1 1 1 1 1 1 1 1 1 1 1 1 1 1 1 1 1 1 1 1 1 1 1 1 1 1 1 1 1 

11.737112366820767306307971011847 10.881878915479198610682942671701 1.3997442437453959662718716572272 -8.3143135867217967671649603289552 -1.8661481578079239795897592557594 2.6975062691561246808191754098516 1.3809775175838756577917365575559 11.737112366820767306307971011847 10.881878915479198610682942671701 1.3997442437453959662718716572272 -8.3143135867217967671649603289552 -1.8661481578079239795897592557594 2.6975062691561246808191754098516 1.3809775175838756577917365575559 11.737112366820767306307971011847 10.881878915479198610682942671701 1.3997442437453959662718716572272 -8.3143135867217967671649603289552 -1.8661481578079239795897592557594 2.6975062691561246808191754098516 1.3809775175838756577917365575559 11.737112366820767306307971011847 10.881878915479198610682942671701 1.3997442437453959662718716572272 -8.3143135867217967671649603289552 -1.8661481578079239795897592557594 2.6975062691561246808191754098516 1.3809775175838756577917365575559 11.737112366820767306307971011847 10.881878915479198610682942671701 1.3997442437453959662718716572272 -8.3143135867217967671649603289552 -1.8661481578079239795897592557594 2.6975062691561246808191754098516 1.3809775175838756577917365575559 11.737112366820767306307971011847 10.881878915479198610682942671701 1.3997442437453959662718716572272 -8.3143135867217967671649603289552 -1.8661481578079239795897592557594 2.6975062691561246808191754098516 1.3809775175838756577917365575559 11.737112366820767306307971011847 10.881878915479198610682942671701 1.3997442437453959662718716572272 -8.3143135867217967671649603289552 -1.8661481578079239795897592557594 2.6975062691561246808191754098516 1.3809775175838756577917365575559 

2  1 5.6448403691090760503357159905136  3 12.604886063548544683499130769633  
2  2 3.2074663373354121986835707502905  1 14.675812824901042219494229357224  
2  3 14.318400457299274464162408548873  2 -14.314807344606974126577370043378  
5  4 1.5794817807736418746600293161464  2 -12.572681226169436285999836400151  6 -11.459524454468271059681683254894  7 -14.478815405694195561636661295779  14 -14.191020773608014948763411666732  
2  5 7.7873107370526977177860317169689  1 8.8261827416637093079998521716334  
2  6 4.6563902011960900395592943823431  5 -13.428629225110881861837697215378  
2  7 13.838758772469473612432011577766  5 9.8886625716912011085923950304277  
2  8 5.6448403691090760503357159905136  10 12.604886063548544683499130769633  
2  9 3.2074663373354121986835707502905  8 14.675812824901042219494229357224  
2  10 14.318400457299274464162408548873  9 -14.314807344606974126577370043378  
6  3 9.9641263562684976307082251878455  11 1.5794817807736418746600293161464  9 -12.572681226169436285999836400151  13 -11.459524454468271059681683254894  14 -14.478815405694195561636661295779  21 -14.191020773608014948763411666732  
2  12 7.7873107370526977177860317169689  8 8.8261827416637093079998521716334  
2  13 4.6563902011960900395592943823431  12 -13.428629225110881861837697215378  
2  14 13.838758772469473612432011577766  12 9.8886625716912011085923950304277  
2  15 5.6448403691090760503357159905136  17 12.604886063548544683499130769633  
2  16 3.2074663373354121986835707502905  15 14.675812824901042219494229357224  
2  17 14.318400457299274464162408548873  16 -14.314807344606974126577370043378  
6  10 9.9641263562684976307082251878455  18 1.5794817807736418746600293161464  16 -12.572681226169436285999836400151  20 -11.459524454468271059681683254894  21 -14.478815405694195561636661295779  28 -14.191020773608014948763411666732  
2  19 7.7873107370526977177860317169689  15 8.8261827416637093079998521716334  
2  20 4.6563902011960900395592943823431  19 -13.428629225110881861837697215378  
2  21 13.838758772469473612432011577766  19 9.8886625716912011085923950304277  
2  22 5.6448403691090760503357159905136  24 12.604886063548544683499130769633  
2  23 3.2074663373354121986835707502905  22 14.675812824901042219494229357224  
2  24 14.318400457299274464162408548873  23 -14.314807344606974126577370043378  
6  17 9.9641263562684976307082251878455  25 1.5794817807736418746600293161464  23 -12.572681226169436285999836400151  27 -11.459524454468271059681683254894  28 -14.478815405694195561636661295779  35 -14.191020773608014948763411666732  
2  26 7.7873107370526977177860317169689  22 8.8261827416637093079998521716334  
2  27 4.6563902011960900395592943823431  26 -13.428629225110881861837697215378  
2  28 13.838758772469473612432011577766  26 9.8886625716912011085923950304277  
2  29 5.6448403691090760503357159905136  31 12.604886063548544683499130769633  
2  30 3.2074663373354121986835707502905  29 14.675812824901042219494229357224  
2  31 14.318400457299274464162408548873  30 -14.314807344606974126577370043378  
6  24 9.9641263562684976307082251878455  32 1.5794817807736418746600293161464  30 -12.572681226169436285999836400151  34 -11.459524454468271059681683254894  35 -14.478815405694195561636661295779  42 -14.191020773608014948763411666732  
2  33 7.7873107370526977177860317169689  29 8.8261827416637093079998521716334  
2  34 4.6563902011960900395592943823431  33 -13.428629225110881861837697215378  
2  35 13.838758772469473612432011577766  33 9.8886625716912011085923950304277  
2  36 5.6448403691090760503357159905136  38 12.604886063548544683499130769633  
2  37 3.2074663373354121986835707502905  36 14.675812824901042219494229357224  
2  38 14.318400457299274464162408548873  37 -14.314807344606974126577370043378  
6  31 9.9641263562684976307082251878455  39 1.5794817807736418746600293161464  37 -12.572681226169436285999836400151  41 -11.459524454468271059681683254894  42 -14.478815405694195561636661295779  49 -14.191020773608014948763411666732  
2  40 7.7873107370526977177860317169689  36 8.8261827416637093079998521716334  
2  41 4.6563902011960900395592943823431  40 -13.428629225110881861837697215378  
2  42 13.838758772469473612432011577766  40 9.8886625716912011085923950304277  
2  43 5.6448403691090760503357159905136  45 12.604886063548544683499130769633  
2  44 3.2074663373354121986835707502905  43 14.675812824901042219494229357224  
2  45 14.318400457299274464162408548873  44 -14.314807344606974126577370043378  
5  38 9.9641263562684976307082251878455  46 1.5794817807736418746600293161464  44 -12.572681226169436285999836400151  48 -11.459524454468271059681683254894  49 -14.478815405694195561636661295779  
2  47 7.7873107370526977177860317169689  43 8.8261827416637093079998521716334  
2  48 4.6563902011960900395592943823431  47 -13.428629225110881861837697215378  
2  49 13.838758772469473612432011577766  47 9.8886625716912011085923950304277  

1  14 1.1852373715307744639346765325172  
1  8 1.1846630577125079053502076931181  
0  
1  5 1.4787290601745084472895541694015  
1  4 1.4787290601745084472895541694015  
1  10 0.25947433639085926149192573575419  
0  
2  2 1.1846630577125079053502076931181  21 1.1852373715307744639346765325172  
1  15 1.1846630577125079053502076931181  
1  6 0.25947433639085926149192573575419  
1  12 1.4787290601745084472895541694015  
1  11 1.4787290601745084472895541694015  
1  17 0.25947433639085926149192573575419  
1  1 1.1852373715307744639346765325172  
2  9 1.1846630577125079053502076931181  28 1.1852373715307744639346765325172  
1  22 1.1846630577125079053502076931181  
1  13 0.25947433639085926149192573575419  
1  19 1.4787290601745084472895541694015  
1  18 1.4787290601745084472895541694015  
1  24 0.25947433639085926149192573575419  
1  8 1.1852373715307744639346765325172  
2  16 1.1846630577125079053502076931181  35 1.1852373715307744639346765325172  
1  29 1.1846630577125079053502076931181  
1  20 0.25947433639085926149192573575419  
1  26 1.4787290601745084472895541694015  
1  25 1.4787290601745084472895541694015  
1  31 0.25947433639085926149192573575419  
1  15 1.1852373715307744639346765325172  
2  23 1.1846630577125079053502076931181  42 1.1852373715307744639346765325172  
1  36 1.1846630577125079053502076931181  
1  27 0.25947433639085926149192573575419  
1  33 1.4787290601745084472895541694015  
1  32 1.4787290601745084472895541694015  
1  38 0.25947433639085926149192573575419  
1  22 1.1852373715307744639346765325172  
2  30 1.1846630577125079053502076931181  49 1.1852373715307744639346765325172  
1  43 1.1846630577125079053502076931181  
1  34 0.25947433639085926149192573575419  
1  40 1.4787290601745084472895541694015  
1  39 1.4787290601745084472895541694015  
1  45 0.25947433639085926149192573575419  
1  29 1.1852373715307744639346765325172  
1  37 1.1846630577125079053502076931181  
0  
1  41 0.25947433639085926149192573575419  
1  47 1.4787290601745084472895541694015  
1  46 1.4787290601745084472895541694015  
0  
1  36 1.1852373715307744639346765325172  
