49 9 6

0.90094327454628164719707683616434 2.5 1.0701741052991060598742478759959 2.1994616154941151187074410700006 0.12991139657316841393708273244556 0.27697070428266878927558991563274 1.0347561160079215003548824824975 0.90094327454628164719707683616434 2.5 1.0701741052991060598742478759959 2.1994616154941151187074410700006 0.12991139657316841393708273244556 0.27697070428266878927558991563274 1.0347561160079215003548824824975 0.90094327454628164719707683616434 2.5 1.0701741052991060598742478759959 2.1994616154941151187074410700006 0.12991139657316841393708273244556 0.27697070428266878927558991563274 1.0347561160079215003548824824975 0.90094327454628164719707683616434 2.5 1.0701741052991060598742478759959 2.1994616154941151187074410700006 0.12991139657316841393708273244556 0.27697070428266878927558991563274 1.0347561160079215003548824824975 0.90094327454628164719707683616434 2.5 1.0701741052991060598742478759959 2.1994616154941151187074410700006 0.12991139657316841393708273244556 0.27697070428266878927558991563274 1.0347561160079215003548824824975 0.90094327454628164719707683616434 2.5 1.0701741052991060598742478759959 2.1994616154941151187074410700006 0.12991139657316841393708273244556 0.27697070428266878927558991563274 1.0347561160079215003548824824975 0.90094327454628164719707683616434 2.5 1.0701741052991060598742478759959 2.1994616154941151187074410700006 0.12991139657316841393708273244556 0.27697070428266878927558991563274 1.0347561160079215003548824824975 

2.5238612721274509276270237023709 15 -1.0768703818045397557767728358158 -13.539813083963936790610205207486 -0.21533755759573269816797846942791 -6.6059685630029969516385790484492 2.1095948035548528487481689808192 2.5238612721274509276270237023709 15 -1.0768703818045397557767728358158 -13.539813083963936790610205207486 -0.21533755759573269816797846942791 -6.6059685630029969516385790484492 2.1095948035548528487481689808192 2.5238612721274509276270237023709 15 -1.0768703818045397557767728358158 -13.539813083963936790610205207486 -0.21533755759573269816797846942791 -6.6059685630029969516385790484492 2.1095948035548528487481689808192 2.5238612721274509276270237023709 15 -1.0768703818045397557767728358158 -13.539813083963936790610205207486 -0.21533755759573269816797846942791 -6.6059685630029969516385790484492 2.1095948035548528487481689808192 2.5238612721274509276270237023709 15 -1.0768703818045397557767728358158 -13.539813083963936790610205207486 -0.21533755759573269816797846942791 -6.6059685630029969516385790484492 2.1095948035548528487481689808192 2.5238612721274509276270237023709 15 -1.0768703818045397557767728358158 -13.539813083963936790610205207486 -0.21533755759573269816797846942791 -6.6059685630029969516385790484492 2.1095948035548528487481689808192 2.5238612721274509276270237023709 15 -1.0768703818045397557767728358158 -13.539813083963936790610205207486 -0.21533755759573269816797846942791 -6.6059685630029969516385790484492 2.1095948035548528487481689808192 

1 1 1 1 1 1 1 1 1 1 1 1 1 1 1 1 1 1 1 1 1 1 1 1 1 1 1 1 1 1 1 1 1 1 1 1 1 1 1 1 1 1 1 1 1 1 1 1 1 

-2.5238612721274509276270237023709 -15 1.0768703818045397557767728358158 13.539813083963936790610205207486 0.21533755759573269816797846942791 6.6059685630029969516385790484492 -2.1095948035548528487481689808192 -2.5238612721274509276270237023709 -15 1.0768703818045397557767728358158 13.539813083963936790610205207486 0.21533755759573269816797846942791 6.6059685630029969516385790484492 -2.1095948035548528487481689808192 -2.5238612721274509276270237023709 -15 1.0768703818045397557767728358158 13.539813083963936790610205207486 0.21533755759573269816797846942791 6.6059685630029969516385790484492 -2.1095948035548528487481689808192 -2.5238612721274509276270237023709 -15 1.0768703818045397557767728358158 13.539813083963936790610205207486 0.21533755759573269816797846942791 6.6059685630029969516385790484492 -2.1095948035548528487481689808192 -2.5238612721274509276270237023709 -15 1.0768703818045397557767728358158 13.539813083963936790610205207486 0.21533755759573269816797846942791 6.6059685630029969516385790484492 -2.1095948035548528487481689808192 -2.5238612721274509276270237023709 -15 1.0768703818045397557767728358158 13.539813083963936790610205207486 0.21533755759573269816797846942791 6.6059685630029969516385790484492 -2.1095948035548528487481689808192 -2.5238612721274509276270237023709 -15 1.0768703818045397557767728358158 13.539813083963936790610205207486 0.21533755759573269816797846942791 6.6059685630029969516385790484492 -2.1095948035548528487481689808192 

2  1 7.7964675111549492925178128643893  3 -14.07401143733287618431404553121  
2  2 3.8931332087239125527844407770317  1 8.3145445048412991440045516355895  
2  3 12.599746446966655355481634614989  2 -5.7793023635900118151198512350675  
5  4 -12.482165155764034736307621642482  2 4.8723831780810655800451058894396  6 -14.54054249892167050006719364319  7 -0.60688188632958783852444639705936  14 14.616700842473973054325142584275  
2  5 8.3557856196576132390418933937326  1 9.9880681634606425234323978656903  
2  6 2.9289447089594005113610819535097  5 13.054142229496767058094519597944  
2  7 -13.843451599181056721477034443524  5 -14.548596593946006905184731294867  
2  8 7.7964675111549492925178128643893  10 -14.07401143733287618431404553121  
2  9 3.8931332087239125527844407770317  8 8.3145445048412991440045516355895  
2  10 12.599746446966655355481634614989  9 -5.7793023635900118151198512350675  
6  3 -2.1656262662144660779972582531627  11 -12.482165155764034736307621642482  9 4.8723831780810655800451058894396  13 -14.54054249892167050006719364319  14 -0.60688188632958783852444639705936  21 14.616700842473973054325142584275  
2  12 8.3557856196576132390418933937326  8 9.9880681634606425234323978656903  
2  13 2.9289447089594005113610819535097  12 13.054142229496767058094519597944  
2  14 -13.843451599181056721477034443524  12 -14.548596593946006905184731294867  
2  15 7.7964675111549492925178128643893  17 -14.07401143733287618431404553121  
2  16 3.8931332087239125527844407770317  15 8.3145445048412991440045516355895  
2  17 12.599746446966655355481634614989  16 -5.7793023635900118151198512350675  
6  10 -2.1656262662144660779972582531627  18 -12.482165155764034736307621642482  16 4.8723831780810655800451058894396  20 -14.54054249892167050006719364319  21 -0.60688188632958783852444639705936  28 14.616700842473973054325142584275  
2  19 8.3557856196576132390418933937326  15 9.9880681634606425234323978656903  
2  20 2.9289447089594005113610819535097  19 13.054142229496767058094519597944  
2  21 -13.843451599181056721477034443524  19 -14.548596593946006905184731294867  
2  22 7.7964675111549492925178128643893  24 -14.07401143733287618431404553121  
2  23 3.8931332087239125527844407770317  22 8.3145445048412991440045516355895  
2  24 12.599746446966655355481634614989  23 -5.7793023635900118151198512350675  
6  17 -2.1656262662144660779972582531627  25 -12.482165155764034736307621642482  23 4.8723831780810655800451058894396  27 -14.54054249892167050006719364319  28 -0.60688188632958783852444639705936  35 14.616700842473973054325142584275  
2  26 8.3557856196576132390418933937326  22 9.9880681634606425234323978656903  
2  27 2.9289447089594005113610819535097  26 13.054142229496767058094519597944  
2  28 -13.843451599181056721477034443524  26 -14.548596593946006905184731294867  
2  29 7.7964675111549492925178128643893  31 -14.07401143733287618431404553121  
2  30 3.8931332087239125527844407770317  29 8.3145445048412991440045516355895  
2  31 12.599746446966655355481634614989  30 -5.7793023635900118151198512350675  
6  24 -2.1656262662144660779972582531627  32 -12.482165155764034736307621642482  30 4.8723831780810655800451058894396  34 -14.54054249892167050006719364319  35 -0.60688188632958783852444639705936  42 14.616700842473973054325142584275  
2  33 8.3557856196576132390418933937326  29 9.9880681634606425234323978656903  
2  34 2.9289447089594005113610819535097  33 13.054142229496767058094519597944  
2  35 -13.843451599181056721477034443524  33 -14.548596593946006905184731294867  
2  36 7.7964675111549492925178128643893  38 -14.07401143733287618431404553121  
2  37 3.8931332087239125527844407770317  36 8.3145445048412991440045516355895  
2  38 12.599746446966655355481634614989  37 -5.7793023635900118151198512350675  
6  31 -2.1656262662144660779972582531627  39 -12.482165155764034736307621642482  37 4.8723831780810655800451058894396  41 -14.54054249892167050006719364319  42 -0.60688188632958783852444639705936  49 14.616700842473973054325142584275  
2  40 8.3557856196576132390418933937326  36 9.9880681634606425234323978656903  
2  41 2.9289447089594005113610819535097  40 13.054142229496767058094519597944  
2  42 -13.843451599181056721477034443524  40 -14.548596593946006905184731294867  
2  43 7.7964675111549492925178128643893  45 -14.07401143733287618431404553121  
2  44 3.8931332087239125527844407770317  43 8.3145445048412991440045516355895  
2  45 12.599746446966655355481634614989  44 -5.7793023635900118151198512350675  
5  38 -2.1656262662144660779972582531627  46 -12.482165155764034736307621642482  44 4.8723831780810655800451058894396  48 -14.54054249892167050006719364319  49 -0.60688188632958783852444639705936  
2  47 8.3557856196576132390418933937326  43 9.9880681634606425234323978656903  
2  48 2.9289447089594005113610819535097  47 13.054142229496767058094519597944  
2  49 -13.843451599181056721477034443524  47 -14.548596593946006905184731294867  

1  14 1.0990518315872797039389752171701  
1  8 0.47893337127998980573551079942263  
0  
1  5 1.1920463945262520510937065409962  
1  4 1.1920463945262520510937065409962  
1  10 0.46007129523289680417263980416465  
0  
2  2 0.47893337127998980573551079942263  21 1.0990518315872797039389752171701  
1  15 0.47893337127998980573551079942263  
1  6 0.46007129523289680417263980416465  
1  12 1.1920463945262520510937065409962  
1  11 1.1920463945262520510937065409962  
1  17 0.46007129523289680417263980416465  
1  1 1.0990518315872797039389752171701  
2  9 0.47893337127998980573551079942263  28 1.0990518315872797039389752171701  
1  22 0.47893337127998980573551079942263  
1  13 0.46007129523289680417263980416465  
1  19 1.1920463945262520510937065409962  
1  18 1.1920463945262520510937065409962  
1  24 0.46007129523289680417263980416465  
1  8 1.0990518315872797039389752171701  
2  16 0.47893337127998980573551079942263  35 1.0990518315872797039389752171701  
1  29 0.47893337127998980573551079942263  
1  20 0.46007129523289680417263980416465  
1  26 1.1920463945262520510937065409962  
1  25 1.1920463945262520510937065409962  
1  31 0.46007129523289680417263980416465  
1  15 1.0990518315872797039389752171701  
2  23 0.47893337127998980573551079942263  42 1.0990518315872797039389752171701  
1  36 0.47893337127998980573551079942263  
1  27 0.46007129523289680417263980416465  
1  33 1.1920463945262520510937065409962  
1  32 1.1920463945262520510937065409962  
1  38 0.46007129523289680417263980416465  
1  22 1.0990518315872797039389752171701  
2  30 0.47893337127998980573551079942263  49 1.0990518315872797039389752171701  
1  43 0.47893337127998980573551079942263  
1  34 0.46007129523289680417263980416465  
1  40 1.1920463945262520510937065409962  
1  39 1.1920463945262520510937065409962  
1  45 0.46007129523289680417263980416465  
1  29 1.0990518315872797039389752171701  
1  37 0.47893337127998980573551079942263  
0  
1  41 0.46007129523289680417263980416465  
1  47 1.1920463945262520510937065409962  
1  46 1.1920463945262520510937065409962  
0  
1  36 1.0990518315872797039389752171701  
