49 9 6

1.1624394380364064804922463736148 0.20873511367049046860699945682427 0.15770770538409895067388788447715 1.7527962263721468261223890294787 0.69177258201510705148962188104633 2.268776524850971476610084209824 1.9475791297140703228762959042797 1.1624394380364064804922463736148 0.20873511367049046860699945682427 0.15770770538409895067388788447715 1.7527962263721468261223890294787 0.69177258201510705148962188104633 2.268776524850971476610084209824 1.9475791297140703228762959042797 1.1624394380364064804922463736148 0.20873511367049046860699945682427 0.15770770538409895067388788447715 1.7527962263721468261223890294787 0.69177258201510705148962188104633 2.268776524850971476610084209824 1.9475791297140703228762959042797 1.1624394380364064804922463736148 0.20873511367049046860699945682427 0.15770770538409895067388788447715 1.7527962263721468261223890294787 0.69177258201510705148962188104633 2.268776524850971476610084209824 1.9475791297140703228762959042797 1.1624394380364064804922463736148 0.20873511367049046860699945682427 0.15770770538409895067388788447715 1.7527962263721468261223890294787 0.69177258201510705148962188104633 2.268776524850971476610084209824 1.9475791297140703228762959042797 1.1624394380364064804922463736148 0.20873511367049046860699945682427 0.15770770538409895067388788447715 1.7527962263721468261223890294787 0.69177258201510705148962188104633 2.268776524850971476610084209824 1.9475791297140703228762959042797 1.1624394380364064804922463736148 0.20873511367049046860699945682427 0.15770770538409895067388788447715 1.7527962263721468261223890294787 0.69177258201510705148962188104633 2.268776524850971476610084209824 1.9475791297140703228762959042797 

-9.7163418073178480227625186671503 -10.570245596263513121471078193281 0.0040158228384692658610721771594854 -12.319626044084484917107147339266 3.3310232770360808096654636756284 0.38883948118764510848421878108638 -2.0992241416200876358288951450959 -9.7163418073178480227625186671503 -10.570245596263513121471078193281 0.0040158228384692658610721771594854 -12.319626044084484917107147339266 3.3310232770360808096654636756284 0.38883948118764510848421878108638 -2.0992241416200876358288951450959 -9.7163418073178480227625186671503 -10.570245596263513121471078193281 0.0040158228384692658610721771594854 -12.319626044084484917107147339266 3.3310232770360808096654636756284 0.38883948118764510848421878108638 -2.0992241416200876358288951450959 -9.7163418073178480227625186671503 -10.570245596263513121471078193281 0.0040158228384692658610721771594854 -12.319626044084484917107147339266 3.3310232770360808096654636756284 0.38883948118764510848421878108638 -2.0992241416200876358288951450959 -9.7163418073178480227625186671503 -10.570245596263513121471078193281 0.0040158228384692658610721771594854 -12.319626044084484917107147339266 3.3310232770360808096654636756284 0.38883948118764510848421878108638 -2.0992241416200876358288951450959 -9.7163418073178480227625186671503 -10.570245596263513121471078193281 0.0040158228384692658610721771594854 -12.319626044084484917107147339266 3.3310232770360808096654636756284 0.38883948118764510848421878108638 -2.0992241416200876358288951450959 -9.7163418073178480227625186671503 -10.570245596263513121471078193281 0.0040158228384692658610721771594854 -12.319626044084484917107147339266 3.3310232770360808096654636756284 0.38883948118764510848421878108638 -2.0992241416200876358288951450959 

1 1 1 1 1 1 1 1 1 1 1 1 1 1 1 1 1 1 1 1 1 1 1 1 1 1 1 1 1 1 1 1 1 1 1 1 1 1 1 1 1 1 1 1 1 1 1 1 1 

9.7163418073178480227625186671503 10.570245596263513121471078193281 -0.0040158228384692658610721771594854 12.319626044084484917107147339266 -3.3310232770360808096654636756284 -0.38883948118764510848421878108638 2.0992241416200876358288951450959 9.7163418073178480227625186671503 10.570245596263513121471078193281 -0.0040158228384692658610721771594854 12.319626044084484917107147339266 -3.3310232770360808096654636756284 -0.38883948118764510848421878108638 2.0992241416200876358288951450959 9.7163418073178480227625186671503 10.570245596263513121471078193281 -0.0040158228384692658610721771594854 12.319626044084484917107147339266 -3.3310232770360808096654636756284 -0.38883948118764510848421878108638 2.0992241416200876358288951450959 9.7163418073178480227625186671503 10.570245596263513121471078193281 -0.0040158228384692658610721771594854 12.319626044084484917107147339266 -3.3310232770360808096654636756284 -0.38883948118764510848421878108638 2.0992241416200876358288951450959 9.7163418073178480227625186671503 10.570245596263513121471078193281 -0.0040158228384692658610721771594854 12.319626044084484917107147339266 -3.3310232770360808096654636756284 -0.38883948118764510848421878108638 2.0992241416200876358288951450959 9.7163418073178480227625186671503 10.570245596263513121471078193281 -0.0040158228384692658610721771594854 12.319626044084484917107147339266 -3.3310232770360808096654636756284 -0.38883948118764510848421878108638 2.0992241416200876358288951450959 9.7163418073178480227625186671503 10.570245596263513121471078193281 -0.0040158228384692658610721771594854 12.319626044084484917107147339266 -3.3310232770360808096654636756284 -0.38883948118764510848421878108638 2.0992241416200876358288951450959 

2  1 1.8805222062533075710888397225062  3 14.949146116145847429379500681534  
2  2 8.108183838210843319416198937688  1 15  
2  3 14.926286967550748130406645941548  2 -14.878464453852517479504058428574  
5  4 6.9914489643541237740009819390252  2 -13.46385922280740032874746248126  6 -1.7321708311681665026782184213516  7 0.020837231718413506964537873500376  14 -4.8388807603140095991989255708177  
2  5 -3.3423427607740001654690331633901  1 -10.625076564019014568884813343175  
2  6 -2.2607616307985600734298259339994  5 8.2344618021709443667077721329406  
2  7 -8.8371896171294412880570234847255  5 5.9102463018891944201982369122561  
2  8 1.8805222062533075710888397225062  10 14.949146116145847429379500681534  
2  9 8.108183838210843319416198937688  8 15  
2  10 14.926286967550748130406645941548  9 -14.878464453852517479504058428574  
6  3 2.6677702052943250699001964676427  11 6.9914489643541237740009819390252  9 -13.46385922280740032874746248126  13 -1.7321708311681665026782184213516  14 0.020837231718413506964537873500376  21 -4.8388807603140095991989255708177  
2  12 -3.3423427607740001654690331633901  8 -10.625076564019014568884813343175  
2  13 -2.2607616307985600734298259339994  12 8.2344618021709443667077721329406  
2  14 -8.8371896171294412880570234847255  12 5.9102463018891944201982369122561  
2  15 1.8805222062533075710888397225062  17 14.949146116145847429379500681534  
2  16 8.108183838210843319416198937688  15 15  
2  17 14.926286967550748130406645941548  16 -14.878464453852517479504058428574  
6  10 2.6677702052943250699001964676427  18 6.9914489643541237740009819390252  16 -13.46385922280740032874746248126  20 -1.7321708311681665026782184213516  21 0.020837231718413506964537873500376  28 -4.8388807603140095991989255708177  
2  19 -3.3423427607740001654690331633901  15 -10.625076564019014568884813343175  
2  20 -2.2607616307985600734298259339994  19 8.2344618021709443667077721329406  
2  21 -8.8371896171294412880570234847255  19 5.9102463018891944201982369122561  
2  22 1.8805222062533075710888397225062  24 14.949146116145847429379500681534  
2  23 8.108183838210843319416198937688  22 15  
2  24 14.926286967550748130406645941548  23 -14.878464453852517479504058428574  
6  17 2.6677702052943250699001964676427  25 6.9914489643541237740009819390252  23 -13.46385922280740032874746248126  27 -1.7321708311681665026782184213516  28 0.020837231718413506964537873500376  35 -4.8388807603140095991989255708177  
2  26 -3.3423427607740001654690331633901  22 -10.625076564019014568884813343175  
2  27 -2.2607616307985600734298259339994  26 8.2344618021709443667077721329406  
2  28 -8.8371896171294412880570234847255  26 5.9102463018891944201982369122561  
2  29 1.8805222062533075710888397225062  31 14.949146116145847429379500681534  
2  30 8.108183838210843319416198937688  29 15  
2  31 14.926286967550748130406645941548  30 -14.878464453852517479504058428574  
6  24 2.6677702052943250699001964676427  32 6.9914489643541237740009819390252  30 -13.46385922280740032874746248126  34 -1.7321708311681665026782184213516  35 0.020837231718413506964537873500376  42 -4.8388807603140095991989255708177  
2  33 -3.3423427607740001654690331633901  29 -10.625076564019014568884813343175  
2  34 -2.2607616307985600734298259339994  33 8.2344618021709443667077721329406  
2  35 -8.8371896171294412880570234847255  33 5.9102463018891944201982369122561  
2  36 1.8805222062533075710888397225062  38 14.949146116145847429379500681534  
2  37 8.108183838210843319416198937688  36 15  
2  38 14.926286967550748130406645941548  37 -14.878464453852517479504058428574  
6  31 2.6677702052943250699001964676427  39 6.9914489643541237740009819390252  37 -13.46385922280740032874746248126  41 -1.7321708311681665026782184213516  42 0.020837231718413506964537873500376  49 -4.8388807603140095991989255708177  
2  40 -3.3423427607740001654690331633901  36 -10.625076564019014568884813343175  
2  41 -2.2607616307985600734298259339994  40 8.2344618021709443667077721329406  
2  42 -8.8371896171294412880570234847255  40 5.9102463018891944201982369122561  
2  43 1.8805222062533075710888397225062  45 14.949146116145847429379500681534  
2  44 8.108183838210843319416198937688  43 15  
2  45 14.926286967550748130406645941548  44 -14.878464453852517479504058428574  
5  38 2.6677702052943250699001964676427  46 6.9914489643541237740009819390252  44 -13.46385922280740032874746248126  48 -1.7321708311681665026782184213516  49 0.020837231718413506964537873500376  
2  47 -3.3423427607740001654690331633901  43 -10.625076564019014568884813343175  
2  48 -2.2607616307985600734298259339994  47 8.2344618021709443667077721329406  
2  49 -8.8371896171294412880570234847255  47 5.9102463018891944201982369122561  

1  14 0.11216485261758701863499254613998  
1  8 1.8462289519672294701990722387563  
0  
1  5 0.74965415152574277346531061994028  
1  4 0.74965415152574277346531061994028  
1  10 1.7898996659067778480789456807543  
0  
2  2 1.8462289519672294701990722387563  21 0.11216485261758701863499254613998  
1  15 1.8462289519672294701990722387563  
1  6 1.7898996659067778480789456807543  
1  12 0.74965415152574277346531061994028  
1  11 0.74965415152574277346531061994028  
1  17 1.7898996659067778480789456807543  
1  1 0.11216485261758701863499254613998  
2  9 1.8462289519672294701990722387563  28 0.11216485261758701863499254613998  
1  22 1.8462289519672294701990722387563  
1  13 1.7898996659067778480789456807543  
1  19 0.74965415152574277346531061994028  
1  18 0.74965415152574277346531061994028  
1  24 1.7898996659067778480789456807543  
1  8 0.11216485261758701863499254613998  
2  16 1.8462289519672294701990722387563  35 0.11216485261758701863499254613998  
1  29 1.8462289519672294701990722387563  
1  20 1.7898996659067778480789456807543  
1  26 0.74965415152574277346531061994028  
1  25 0.74965415152574277346531061994028  
1  31 1.7898996659067778480789456807543  
1  15 0.11216485261758701863499254613998  
2  23 1.8462289519672294701990722387563  42 0.11216485261758701863499254613998  
1  36 1.8462289519672294701990722387563  
1  27 1.7898996659067778480789456807543  
1  33 0.74965415152574277346531061994028  
1  32 0.74965415152574277346531061994028  
1  38 1.7898996659067778480789456807543  
1  22 0.11216485261758701863499254613998  
2  30 1.8462289519672294701990722387563  49 0.11216485261758701863499254613998  
1  43 1.8462289519672294701990722387563  
1  34 1.7898996659067778480789456807543  
1  40 0.74965415152574277346531061994028  
1  39 0.74965415152574277346531061994028  
1  45 1.7898996659067778480789456807543  
1  29 0.11216485261758701863499254613998  
1  37 1.8462289519672294701990722387563  
0  
1  41 1.7898996659067778480789456807543  
1  47 0.74965415152574277346531061994028  
1  46 0.74965415152574277346531061994028  
0  
1  36 0.11216485261758701863499254613998  
