50.005 0
50.055 0.000206177
50.105 0.000241669
50.155 0.000268923
50.205 0.000278731
50.255 0.000271133
50.305 0.000256133
50.355 0.000242054
50.405 0.000235849
50.455 0.000238428
50.505 0.000239734
50.555 0.000238791
50.605 0.000232766
50.655 0.00022254
50.705 0.000215217
50.755 0.000212947
50.805 0.000205585
50.855 0.000193167
50.905 0.000187371
50.955 0.000198563
51.005 0.000220287
51.055 0.000241249
51.105 0.000250854
51.155 0.000246765
51.205 0.000238992
51.255 0.000238609
51.305 0.00024546
51.355 0.000245109
51.405 0.000242564
51.455 0.000239858
51.505 0.000232242
51.555 0.000225791
51.605 0.000227667
51.655 0.00022595
51.705 0.00021536
51.755 0.000199258
51.805 0.000180373
51.855 0.000165042
51.905 0.000159827
51.955 0.000167205
52.005 0.000172026
52.055 0.00016776
52.105 0.000158228
52.155 0.000147653
52.205 0.000142031
52.255 0.00015171
52.305 0.000183334
52.355 0.00022152
52.405 0.00025427
52.455 0.000275504
52.505 0.000277173
52.555 0.00026532
52.605 0.000249837
52.655 0.000238184
52.705 0.000236401
52.755 0.000239407
52.805 0.000239612
52.855 0.00023712
52.905 0.000228717
52.955 0.000218751
53.005 0.000214156
53.055 0.000210925
53.105 0.000200609
53.155 0.000189132
53.205 0.000189796
53.255 0.000207106
53.305 0.00022946
53.355 0.000247149
53.405 0.00025037
53.455 0.000243352
53.505 0.000237397
53.555 0.000241602
53.605 0.000246236
53.655 0.000243836
53.705 0.000241903
53.755 0.000237193
53.805 0.000228864
53.855 0.0002257
53.905 0.000228294
53.955 0.000222355
54.005 0.000209354
54.055 0.000191507
54.105 0.000173253
54.155 0.000161306
54.205 0.000161818
54.255 0.000170385
54.305 0.000171176
54.355 0.000164251
54.405 0.000153725
54.455 0.000144295
54.505 0.00014335
54.555 0.000162564
54.605 0.000199323
54.655 0.00023584
54.705 0.000265066
54.755 0.000278501
54.805 0.000273314
54.855 0.000258932
54.905 0.000244177
54.955 0.000236128
55.005 0.000237823
55.055 0.000239729
55.105 0.000239186
55.155 0.000234297
55.205 0.000224368
55.255 0.000216005
55.305 0.000213433
55.355 0.000207468
55.405 0.000195324
55.455 0.000187295
55.505 0.000195356
55.555 0.000216286
55.605 0.000238002
55.655 0.000250328
55.705 0.000248096
55.755 0.000240128
55.805 0.000237775
55.855 0.000244586
55.905 0.000245615
55.955 0.000242861
56.005 0.000240688
56.055 0.000233792
56.105 0.000226395
56.155 0.000227025
56.205 0.000227056
56.255 0.000217667
56.305 0.000202461
56.355 0.000183662
56.405 0.000167208
56.455 0.000159736
56.505 0.000165514
56.555 0.00017191
56.605 0.000169018
56.655 0.000160128
56.705 0.000149377
56.755 0.000142297
56.805 0.000148277
56.855 0.000176642
56.905 0.000215014
56.955 0.00024901
57.005 0.000273097
57.055 0.000278176
57.105 0.000267934
57.155 0.000252503
57.205 0.000239655
57.255 0.000235991
57.305 0.000239071
57.355 0.000239685
57.405 0.000237981
57.455 0.00023053
57.505 0.000220283
57.555 0.000214508
57.605 0.000211967
57.655 0.000202833
57.705 0.000190657
57.755 0.000188352
57.805 0.000203283
57.855 0.000225534
57.905 0.000244914
57.955 0.000250844
58.005 0.000244848
58.055 0.000237876
58.105 0.000240194
58.155 0.000246108
58.205 0.000244373
58.255 0.000242212
58.305 0.00023846
58.355 0.000230254
58.405 0.000225515
58.455 0.000228225
58.505 0.000224061
58.555 0.000212058
58.605 0.00019489
58.655 0.000176218
58.705 0.000162679
58.755 0.000160674
58.805 0.000169187
58.855 0.000171722
58.905 0.000165856
58.955 0.000155671
59.005 0.000145613
59.055 0.000142404
59.105 0.000157415
59.155 0.000192402
59.205 0.000229796
59.255 0.000260687
59.305 0.000277645
59.355 0.000275209
59.405 0.000261722
59.455 0.000246508
59.505 0.000236771
59.555 0.000237176
59.605 0.000239654
59.655 0.000239431
59.705 0.000235647
59.755 0.000226243
59.805 0.000217034
59.855 0.000213774
59.905 0.000209127
59.955 0.000197589
60.005 0.000187762
60.055 0.000192598
60.105 0.000212295
60.155 0.000234449
60.205 0.0002493
60.255 0.000249244
60.305 0.000241445
60.355 0.000237341
60.405 0.000243419
60.455 0.000246007
60.505 0.000243227
60.555 0.000241322
60.605 0.000235316
60.655 0.0002273
60.705 0.000226359
60.755 0.000227829
60.805 0.000219805
60.855 0.000205535
60.905 0.000187027
60.955 0.000169656
61.005 0.000160119
61.055 0.000163813
61.105 0.000171471
61.155 0.000170089
61.205 0.000161965
61.255 0.000151208
61.305 0.00014295
61.355 0.000145645
61.405 0.000170261
61.455 0.000208334
61.505 0.000243479
61.555 0.000270031
61.605 0.000278684
61.655 0.000270393
61.705 0.00025525
61.755 0.000241432
61.805 0.000235833
61.855 0.000238602
61.905 0.000239726
61.955 0.000238626
62.005 0.000232246
62.055 0.000221975
62.105 0.000215013
62.155 0.000212747
62.205 0.000204945
62.255 0.00019252
62.305 0.000187513
62.355 0.000199657
62.405 0.000221557
62.455 0.000242201
62.505 0.00025092
62.555 0.000246315
62.605 0.000238679
62.655 0.000238948
62.705 0.000245669
62.755 0.000244934
62.805 0.00024248
62.855 0.000239553
62.905 0.000231753
62.955 0.000225669
63.005 0.000227841
63.055 0.000225538
63.105 0.000214592
63.155 0.000198219
63.205 0.00017935
63.255 0.00016442
63.305 0.000159958
63.355 0.000167718
63.405 0.000172
63.455 0.000167327
63.505 0.000157617
63.555 0.000147135
63.605 0.000142041
63.655 0.000152968
63.705 0.000185506
63.755 0.000223548
63.805 0.000255877
63.855 0.000276128
63.905 0.000276762
63.955 0.000264466
64.005 0.000249013
64.055 0.000237788
64.105 0.000236571
64.155 0.000239488
64.205 0.000239581
64.255 0.000236801
64.305 0.000228128
64.355 0.000218305
64.405 0.000214065
64.455 0.000210537
64.505 0.00019989
64.555 0.000188734
64.605 0.000190385
64.655 0.00020835
64.705 0.000230691
64.755 0.000247754
64.805 0.000250149
64.855 0.000242883
64.905 0.000237321
64.955 0.000242056
65.005 0.000246219
65.055 0.000243678
65.105 0.000241785
65.155 0.000236759
65.205 0.000228456
65.255 0.000225824
65.305 0.000228243
65.355 0.000221772
65.405 0.000208461
65.455 0.000190427
65.505 0.000172351
65.555 0.000160954
65.605 0.000162259
65.655 0.000170702
65.705 0.000170952
65.755 0.000163719
65.805 0.000153113
65.855 0.000143928
65.905 0.00014379
65.955 0.000164334
66.005 0.000201514
66.055 0.000237719
66.105 0.000266356
66.155 0.000278644
66.205 0.000272653
66.255 0.000258047
66.305 0.000243483
66.355 0.000236006
66.405 0.00023803
66.455 0.000239743
66.505 0.000239086
66.555 0.000233836
66.605 0.000223787
66.655 0.000215736
66.705 0.000213306
66.755 0.000206899
66.805 0.000194629
66.855 0.000187266
66.905 0.000196339
66.955 0.000217565
67.005 0.000239079
67.055 0.000250554
67.105 0.000247693
67.155 0.000239747
67.205 0.000238001
67.255 0.0002449
67.305 0.000245465
67.355 0.000242761
67.405 0.000240447
67.455 0.000233301
67.505 0.000226169
67.555 0.000227242
67.605 0.000226741
67.655 0.000216954
67.705 0.000201457
67.755 0.000182609
67.805 0.000166489
67.855 0.000159715
67.905 0.000166063
67.955 0.000171984
68.005 0.00016864
68.055 0.000159532
68.105 0.000148817
68.155 0.000142168
68.205 0.000149284
68.255 0.000178744
68.305 0.000217106
68.355 0.000250718
68.405 0.000273941
68.455 0.000277914
68.505 0.000267124
68.555 0.000251651
68.605 0.000239158
68.655 0.000236104
68.705 0.0002392
68.755 0.000239674
68.805 0.00023774
68.855 0.000229969
68.905 0.000219784
68.955 0.000214389
69.005 0.000211671
69.055 0.000202142
69.105 0.000190137
69.155 0.00018875
69.205 0.000204487
69.255 0.000226795
69.305 0.000245683
69.355 0.000250736
69.405 0.000244375
69.455 0.000237687
69.505 0.000240632
69.555 0.00024618
69.605 0.000244198
69.655 0.000242121
69.705 0.000238075
69.755 0.000229798
69.805 0.000225539
69.855 0.000228285
69.905 0.000223543
69.955 0.000211218
70.005 0.00019382
70.055 0.000175258
70.105 0.000162203
70.155 0.000160997
70.205 0.000169602
70.255 0.000171577
70.305 0.000165361
70.355 0.000155052
70.405 0.000145171
70.455 0.000142637
70.505 0.000158981
70.555 0.000194606
70.605 0.000231743
70.655 0.000262135
70.705 0.000277991
70.755 0.000274645
70.805 0.000260842
70.855 0.000245751
70.905 0.000236531
70.955 0.000237385
71.005 0.000239691
71.055 0.00023937
71.105 0.000235241
71.155 0.000225647
71.205 0.000216681
71.255 0.000213677
71.305 0.000208626
71.355 0.000196863
71.405 0.000187557
71.455 0.00019342
71.505 0.00021356
71.555 0.000235606
71.605 0.000249683
71.655 0.000248903
71.705 0.000241011
71.755 0.000237433
71.805 0.000243816
71.855 0.000245898
71.905 0.000243101
71.955 0.00024114
72.005 0.000234837
72.055 0.000226982
72.105 0.000226564
72.155 0.000227621
72.205 0.000219144
72.255 0.000204574
72.305 0.000185952
72.355 0.00016885
72.405 0.000159948
72.455 0.000164346
72.505 0.000171648
72.555 0.000169771
72.605 0.00016139
72.655 0.000150617
72.705 0.000142705
72.755 0.000146396
72.805 0.000172247
72.855 0.000210476
72.905 0.000245266
72.955 0.000271077
73.005 0.000278582
73.055 0.000269633
73.105 0.000254371
73.155 0.000240837
73.205 0.000235851
73.255 0.000238764
73.305 0.000239716
73.355 0.000238441
73.405 0.00023171
73.455 0.000221419
73.505 0.000214828
73.555 0.000212523
73.605 0.000204286
73.655 0.000191893
73.705 0.000187712
73.755 0.000200779
73.805 0.000222823
73.855 0.000243111
73.905 0.000250942
73.955 0.000245855
74.005 0.000238392
74.055 0.000239316
74.105 0.000245843
74.155 0.000244755
74.205 0.000242394
74.255 0.000239225
74.305 0.000231268
74.355 0.000225581
74.405 0.000227991
74.455 0.000225095
74.505 0.000213805
74.555 0.000197169
74.605 0.000178339
74.655 0.000163829
74.705 0.000160136
74.755 0.00016821
74.805 0.000171942
74.855 0.000166876
74.905 0.000157001
74.955 0.000146633
75.005 0.000142099
75.055 0.000154301
75.105 0.000187689
75.155 0.000225556
75.205 0.000257449
75.255 0.000276684
75.305 0.000276311
75.355 0.000263601
75.405 0.000248201
75.455 0.000237424
75.505 0.000236751
75.555 0.00023955
75.605 0.000239537
75.655 0.000236452
75.705 0.000227526
75.755 0.000217871
75.805 0.000213967
75.855 0.000210114
75.905 0.000199156
75.955 0.000188371
76.005 0.000191023
76.055 0.000209594
76.105 0.000231902
76.155 0.000248302
76.205 0.000249891
76.255 0.000242417
76.305 0.000237283
76.355 0.000242503
76.405 0.000246176
76.455 0.000243526
76.505 0.000241654
76.555 0.000236313
76.605 0.000228065
76.655 0.000225971
76.705 0.000228152
76.755 0.000221166
76.805 0.000207549
76.855 0.000189345
76.905 0.00017147
76.955 0.000160642
77.005 0.000162728
77.055 0.000170984
77.105 0.000170704
77.155 0.000163174
77.205 0.000152504
77.255 0.000143588
77.305 0.000144301
77.355 0.000166163
77.405 0.000203697
77.455 0.000239576
77.505 0.000267589
77.555 0.000278722
77.605 0.000271961
77.655 0.000257155
77.705 0.000242803
77.755 0.000235912
77.805 0.000238218
77.855 0.000239739
77.905 0.000238955
77.955 0.000233342
78.005 0.000223197
78.055 0.000215476
78.105 0.000213146
78.155 0.000206295
78.205 0.000193936
78.255 0.00018728
78.305 0.000197352
78.355 0.000218833
78.405 0.00024011
78.455 0.000250722
78.505 0.00024727
78.555 0.000239384
78.605 0.000238264
78.655 0.000245182
78.705 0.000245306
78.755 0.000242668
78.805 0.000240186
78.855 0.000232809
78.905 0.000225975
78.955 0.000227449
79.005 0.000226392
79.055 0.000216224
79.105 0.000200442
79.155 0.000181563
79.205 0.000165799
79.255 0.000159741
79.305 0.000166603
79.355 0.000172025
79.405 0.000168244
79.455 0.000158931
79.505 0.00014827
79.555 0.000142082
79.605 0.000150372
79.655 0.000180874
79.705 0.000219178
79.755 0.000252395
79.805 0.000274712
79.855 0.000277598
79.905 0.000266292
79.955 0.000250801
80.005 0.000238686
80.055 0.000236231
80.105 0.000239304
80.155 0.000239647
80.205 0.000237463
80.255 0.000229389
80.305 0.000219291
80.355 0.000214275
80.405 0.00021134
80.455 0.000201433
80.505 0.000189648
80.555 0.000189205
80.605 0.000205702
80.655 0.000228045
80.705 0.000246398
80.755 0.000250589
80.805 0.0002439
80.855 0.000237533
80.905 0.000241084
80.955 0.000246227
81.005 0.00024403
81.055 0.000242027
81.105 0.000237676
81.155 0.000229357
81.205 0.000225599
81.255 0.000228314
81.305 0.000223005
81.355 0.000210362
81.405 0.000192747
81.455 0.000174314
81.505 0.000161764
81.555 0.00016136
81.605 0.000169988
81.655 0.000171409
81.705 0.000164855
81.755 0.000154437
81.805 0.000144752
81.855 0.000142935
81.905 0.000160616
81.955 0.000196811
82.005 0.000233668
82.055 0.000263534
82.105 0.00027827
82.155 0.000274047
82.205 0.000259959
82.255 0.000245011
82.305 0.000236324
82.355 0.000237594
82.405 0.000239716
82.455 0.000239296
82.505 0.000234816
82.555 0.000225053
82.605 0.000216356
82.655 0.000213574
82.705 0.000208103
82.755 0.000196145
82.805 0.000187408
82.855 0.000194298
82.905 0.000214834
82.955 0.000236743
83.005 0.000250018
83.055 0.000248543
83.105 0.000240594
83.155 0.000237572
83.205 0.000244194
83.255 0.000245778
83.305 0.000242987
83.355 0.000240942
83.405 0.000234355
83.455 0.000226694
83.505 0.00022678
83.555 0.000227381
83.605 0.000218468
83.655 0.000203599
83.705 0.000184884
83.755 0.000168071
83.805 0.000159824
83.855 0.00016489
83.905 0.000171792
83.955 0.000169434
84.005 0.000160808
84.055 0.000150035
84.105 0.000142495
84.155 0.000147227
84.205 0.000174276
84.255 0.000212603
84.305 0.000247029
84.355 0.00027206
84.405 0.000278427
84.455 0.000268855
84.505 0.000253501
84.555 0.000240273
84.605 0.000235903
84.655 0.000238919
84.705 0.000239708
84.755 0.000238244
84.805 0.000231171
84.855 0.000220885
84.905 0.00021467
84.955 0.00021228
85.005 0.000203618
85.055 0.000191301
85.105 0.000187975
85.155 0.000201933
85.205 0.000224089
85.255 0.000243978
85.305 0.00025092
85.355 0.00024539
85.405 0.000238135
85.455 0.000239713
85.505 0.000245986
85.555 0.000244577
85.605 0.000242311
85.655 0.00023888
85.705 0.000230791
85.755 0.000225531
85.805 0.000228117
85.855 0.000224628
85.905 0.000213001
85.955 0.000196111
86.005 0.000177343
86.055 0.000163273
86.105 0.00016036
86.155 0.00016868
86.205 0.000171855
86.255 0.000166408
86.305 0.000156381
86.355 0.000146146
86.405 0.000142208
86.455 0.000155709
86.505 0.000189881
86.555 0.000227543
86.605 0.000258981
86.655 0.00027717
86.705 0.000275819
86.755 0.00026273
86.805 0.000247403
86.855 0.000237099
86.905 0.000236944
86.955 0.000239604
87.005 0.000239493
87.055 0.000236088
87.105 0.000226928
87.155 0.000217465
87.205 0.000213875
87.255 0.000209665
87.305 0.000198422
87.355 0.000188054
87.405 0.000191719
87.455 0.000210843
87.505 0.000233094
87.555 0.000248792
87.605 0.000249603
87.655 0.000241956
87.705 0.000237284
87.755 0.000242937
87.805 0.000246106
87.855 0.000243379
87.905 0.000241506
87.955 0.000235852
88.005 0.000227693
88.055 0.000226139
88.105 0.00022802
88.155 0.000220539
88.205 0.000206617
88.255 0.000188262
88.305 0.000170609
88.355 0.000160371
88.405 0.000163218
88.455 0.000171227
88.505 0.000170426
88.555 0.000162612
88.605 0.000151892
88.655 0.000143269
88.705 0.000144879
88.755 0.000168038
88.805 0.000205858
88.855 0.000241401
88.905 0.000268755
88.955 0.000278732
89.005 0.000271238
89.055 0.00025626
89.105 0.000242145
89.155 0.00023585
89.205 0.000238396
89.255 0.000239729
89.305 0.000238805
89.355 0.000232832
89.405 0.000222614
89.455 0.000215239
89.505 0.000212963
89.555 0.000205667
89.605 0.000193254
89.655 0.000187344
89.705 0.000198395
89.755 0.000220091
89.805 0.000241097
89.855 0.000250834
89.905 0.000246826
89.955 0.000239037
90.005 0.000238558
90.055 0.000245423
90.105 0.00024513
90.155 0.000242574
90.205 0.000239899
90.255 0.000232312
90.305 0.000225809
90.355 0.000227636
90.405 0.000226005
90.455 0.000215468
90.505 0.000199408
90.555 0.000180522
90.605 0.000165134
90.655 0.000159809
90.705 0.000167125
90.755 0.000172024
90.805 0.000167819
90.855 0.000158315
90.905 0.000147728
90.955 0.000142031
91.005 0.000151529
91.055 0.000183012
91.105 0.000221215
91.155 0.000254025
91.205 0.0002754
91.255 0.000277223
91.305 0.000265438
91.355 0.000249952
91.405 0.000238238
91.455 0.00023637
91.505 0.000239386
91.555 0.000239607
91.605 0.000237155
91.655 0.000228793
91.705 0.000218809
91.755 0.000214161
91.805 0.00021097
91.855 0.000200707
91.905 0.000189187
91.955 0.000189708
92.005 0.000206916
92.055 0.000229271
92.105 0.000247049
92.155 0.000250395
92.205 0.000243418
92.255 0.000237407
92.305 0.000241531
92.355 0.000246233
92.405 0.000243858
92.455 0.000241916
92.505 0.000237254
92.555 0.000228923
92.605 0.000225681
92.655 0.000228296
92.705 0.000222435
92.755 0.000209481
92.805 0.000191662
92.855 0.000173384
92.905 0.000161359
92.955 0.000161754
93.005 0.000170332
93.055 0.000171203
93.105 0.000164326
93.155 0.000153813
93.205 0.000144349
93.255 0.000143289
93.305 0.000162305
93.355 0.000198995
93.405 0.000235555
93.455 0.000264866
93.505 0.000278469
93.555 0.000273402
93.605 0.000259057
93.655 0.000244276
93.705 0.000236144
93.755 0.000237787
93.805 0.00023972
93.855 0.000239194
93.905 0.000234358
93.955 0.00022445
94.005 0.000216043
94.055 0.000213448
94.105 0.000207547
94.155 0.000195425
94.205 0.000187302
94.255 0.000195214
94.305 0.000216096
94.355 0.000237839
94.405 0.000250289
94.455 0.000248151
94.505 0.000240185
94.555 0.000237744
94.605 0.000244536
94.655 0.000245636
94.705 0.000242875
94.755 0.000240721
94.805 0.000233863
94.855 0.000226429
94.905 0.000226992
94.955 0.000227097
95.005 0.000217769
95.055 0.000202606
95.105 0.000183817
95.155 0.000167315
95.205 0.000159741
95.255 0.000165432
95.305 0.000171895
95.355 0.00016907
95.405 0.000160214
95.455 0.000149459
95.505 0.000142317
95.555 0.000148135
95.605 0.000176333
95.655 0.000214702
95.705 0.000248753
95.755 0.000272965
95.805 0.000278208
95.855 0.000268049
95.905 0.000252628
95.955 0.000239729
96.005 0.000235975
96.055 0.000239049
96.105 0.000239686
96.155 0.000238014
96.205 0.000230612
96.255 0.00022036
96.305 0.000214529
96.355 0.00021201
96.405 0.000202936
96.455 0.000190738
96.505 0.000188301
96.555 0.000203109
96.605 0.00022535
96.655 0.000244797
96.705 0.000250856
96.755 0.000244917
96.805 0.000237907
96.855 0.000240131
96.905 0.000246095
96.955 0.000244399
97.005 0.000242226
97.055 0.000238515
97.105 0.000230322
97.155 0.000225514
97.205 0.000228213
97.255 0.000224135
97.305 0.00021218
97.355 0.000195047
97.405 0.000176361
97.455 0.000162752
97.505 0.00016063
97.555 0.000169123
97.605 0.00017174
97.655 0.000165927
97.705 0.000155762
97.755 0.000145679
97.805 0.000142374
97.855 0.000157191
97.905 0.000192078
97.955 0.000229506
98.005 0.000260471
98.055 0.000277587
98.105 0.000275289
98.155 0.000261851
98.205 0.000246623
98.255 0.000236812
98.305 0.000237146
98.355 0.000239651
98.405 0.000239443
98.455 0.000235709
98.505 0.000226335
98.555 0.000217091
98.605 0.000213791
98.655 0.000209201
98.705 0.0001977
98.755 0.000187799
98.805 0.000192485
98.855 0.000212111
98.905 0.00023428
98.955 0.000249241
99.005 0.000249294
99.055 0.000241511
99.105 0.000237331
99.155 0.00024336
99.205 0.000246022
99.255 0.000243247
99.305 0.000241346
99.355 0.000235385
99.405 0.000227349
99.455 0.00022633
99.505 0.000227857
99.555 0.000219901
99.605 0.000205675
99.655 0.000187185
99.705 0.000169776
99.755 0.000160148
99.805 0.000163735
99.855 0.000171443
99.905 0.000170134
99.955 0.000162049
100.005 0.000151295
100.055 0.000142988
100.105 0.000145541
100.155 0.000169973
100.205 0.000208018
100.255 0.000243215
100.305 0.000269873
100.355 0.000278696
100.405 0.000270505
100.455 0.000255381
100.505 0.000241523
100.555 0.000235836
100.605 0.000238578
100.655 0.00023973
100.705 0.000238654
100.755 0.000232325
100.805 0.000222058
100.855 0.000215042
100.905 0.000212778
100.955 0.00020504
101.005 0.000192613
101.055 0.000187487
101.105 0.000199493
101.155 0.000221369
101.205 0.000242063
101.255 0.000250913
101.305 0.000246382
101.355 0.000238723
101.405 0.000238895
101.455 0.00024564
101.505 0.00024496
101.555 0.000242491
101.605 0.000239598
101.655 0.000231825
101.705 0.000225685
101.755 0.000227817
101.805 0.0002256
101.855 0.000214705
101.905 0.000198372
101.955 0.000179499
102.005 0.000164509
102.055 0.000159935
102.105 0.000167643
102.155 0.000172005
102.205 0.00016739
102.255 0.000157706
102.305 0.000147209
102.355 0.000142036
102.405 0.000152777
102.455 0.000185185
102.505 0.000223251
102.555 0.000255642
102.605 0.00027604
102.655 0.000276825
102.705 0.000264591
102.755 0.000249133
102.805 0.000237843
102.855 0.000236544
102.905 0.000239474
102.955 0.000239584
103.005 0.000236847
103.055 0.000228212
103.105 0.000218365
103.155 0.000214074
103.205 0.000210592
103.255 0.000199991
103.305 0.000188785
103.355 0.000190289
103.405 0.000208162
103.455 0.000230506
103.505 0.000247665
103.555 0.00025018
103.605 0.00024295
103.655 0.000237328
103.705 0.000241988
103.755 0.000246222
103.805 0.000243699
103.855 0.000241801
103.905 0.000236823
103.955 0.000228513
104.005 0.000225802
104.055 0.00022825
104.105 0.000221856
104.155 0.000208591
104.205 0.000190584
104.255 0.000172481
104.305 0.000161002
104.355 0.00016219
104.405 0.000170655
104.455 0.000170984
104.505 0.000163795
104.555 0.0001532
104.605 0.000143978
104.655 0.000143719
104.705 0.000164068
104.755 0.000201191
104.805 0.000237441
104.855 0.000266166
104.905 0.000278623
104.955 0.000272748
105.005 0.000258172
105.055 0.000243579
105.105 0.000236017
105.155 0.000237993
105.205 0.000239734
105.255 0.000239094
105.305 0.000233896
105.355 0.000223864
105.405 0.000215765
105.455 0.000213317
105.505 0.000206976
105.555 0.000194722
105.605 0.000187258
105.655 0.000196184
105.705 0.000217368
105.755 0.000238914
105.805 0.000250518
105.855 0.000247749
105.905 0.0002398
105.955 0.000237963
106.005 0.000244853
106.055 0.000245486
106.105 0.000242774
106.155 0.000240483
106.205 0.000233372
106.255 0.000226199
106.305 0.000227208
106.355 0.000226786
106.405 0.000217058
106.455 0.000201604
106.505 0.000182761
106.555 0.000166591
106.605 0.000159713
106.655 0.00016598
106.705 0.000171973
106.755 0.000168694
106.805 0.000159618
106.855 0.000148897
106.905 0.000142183
106.955 0.000149129
107.005 0.000178431
107.055 0.000216796
107.105 0.000250464
107.155 0.000273815
107.205 0.000277949
107.255 0.000267237
107.305 0.00025177
107.355 0.000239222
107.405 0.000236078
107.455 0.000239173
107.505 0.000239666
107.555 0.000237767
107.605 0.000230044
107.655 0.000219849
107.705 0.000214399
107.755 0.00021171
107.805 0.000202239
107.855 0.000190206
107.905 0.000188683
107.955 0.000204303
108.005 0.000226605
108.055 0.000245568
108.105 0.00025075
108.155 0.000244442
108.205 0.000237712
108.255 0.000240566
108.305 0.000246172
108.355 0.000244224
108.405 0.000242136
108.455 0.000238133
108.505 0.000229864
108.555 0.000225533
108.605 0.000228277
108.655 0.000223621
108.705 0.000211343
108.755 0.000193977
108.805 0.000175397
108.855 0.00016227
108.905 0.000160945
108.955 0.000169542
109.005 0.000171599
109.055 0.000165434
109.105 0.000155143
109.155 0.000145234
109.205 0.000142599
109.255 0.000158745
109.305 0.00019428
109.355 0.000231453
109.405 0.00026192
109.455 0.00027794
109.505 0.000274726
109.555 0.000260969
109.605 0.000245858
109.655 0.000236561
109.705 0.000237351
109.755 0.000239684
109.805 0.000239378
109.855 0.000235302
109.905 0.000225735
109.955 0.000216734
