49 9 6

0.75742676518754947778688801918179 0.34641190233812990673101239735843 0.60240730080075888253077209810726 0.8944364843508543216898942773696 1.5522752135216721924848570779432 0.11099258789785104717395824991399 0.4948174473897145597689473106584 0.75742676518754947778688801918179 0.34641190233812990673101239735843 0.60240730080075888253077209810726 0.8944364843508543216898942773696 1.5522752135216721924848570779432 0.11099258789785104717395824991399 0.4948174473897145597689473106584 0.75742676518754947778688801918179 0.34641190233812990673101239735843 0.60240730080075888253077209810726 0.8944364843508543216898942773696 1.5522752135216721924848570779432 0.11099258789785104717395824991399 0.4948174473897145597689473106584 0.75742676518754947778688801918179 0.34641190233812990673101239735843 0.60240730080075888253077209810726 0.8944364843508543216898942773696 1.5522752135216721924848570779432 0.11099258789785104717395824991399 0.4948174473897145597689473106584 0.75742676518754947778688801918179 0.34641190233812990673101239735843 0.60240730080075888253077209810726 0.8944364843508543216898942773696 1.5522752135216721924848570779432 0.11099258789785104717395824991399 0.4948174473897145597689473106584 0.75742676518754947778688801918179 0.34641190233812990673101239735843 0.60240730080075888253077209810726 0.8944364843508543216898942773696 1.5522752135216721924848570779432 0.11099258789785104717395824991399 0.4948174473897145597689473106584 0.75742676518754947778688801918179 0.34641190233812990673101239735843 0.60240730080075888253077209810726 0.8944364843508543216898942773696 1.5522752135216721924848570779432 0.11099258789785104717395824991399 0.4948174473897145597689473106584 

0.35761127909672396629758850394865 -4.7101945257008130951703606115188 -4.2135319625430298628998571075499 6.0826238789735818102144548902288 2.8818104771064416702586186147528 6.3796061134382995305713848210871 -1.7624968294699210336062833448523 0.35761127909672396629758850394865 -4.7101945257008130951703606115188 -4.2135319625430298628998571075499 6.0826238789735818102144548902288 2.8818104771064416702586186147528 6.3796061134382995305713848210871 -1.7624968294699210336062833448523 0.35761127909672396629758850394865 -4.7101945257008130951703606115188 -4.2135319625430298628998571075499 6.0826238789735818102144548902288 2.8818104771064416702586186147528 6.3796061134382995305713848210871 -1.7624968294699210336062833448523 0.35761127909672396629758850394865 -4.7101945257008130951703606115188 -4.2135319625430298628998571075499 6.0826238789735818102144548902288 2.8818104771064416702586186147528 6.3796061134382995305713848210871 -1.7624968294699210336062833448523 0.35761127909672396629758850394865 -4.7101945257008130951703606115188 -4.2135319625430298628998571075499 6.0826238789735818102144548902288 2.8818104771064416702586186147528 6.3796061134382995305713848210871 -1.7624968294699210336062833448523 0.35761127909672396629758850394865 -4.7101945257008130951703606115188 -4.2135319625430298628998571075499 6.0826238789735818102144548902288 2.8818104771064416702586186147528 6.3796061134382995305713848210871 -1.7624968294699210336062833448523 0.35761127909672396629758850394865 -4.7101945257008130951703606115188 -4.2135319625430298628998571075499 6.0826238789735818102144548902288 2.8818104771064416702586186147528 6.3796061134382995305713848210871 -1.7624968294699210336062833448523 

1 1 1 1 1 1 1 1 1 1 1 1 1 1 1 1 1 1 1 1 1 1 1 1 1 1 1 1 1 1 1 1 1 1 1 1 1 1 1 1 1 1 1 1 1 1 1 1 1 

-0.35761127909672396629758850394865 4.7101945257008130951703606115188 4.2135319625430298628998571075499 -6.0826238789735818102144548902288 -2.8818104771064416702586186147528 -6.3796061134382995305713848210871 1.7624968294699210336062833448523 -0.35761127909672396629758850394865 4.7101945257008130951703606115188 4.2135319625430298628998571075499 -6.0826238789735818102144548902288 -2.8818104771064416702586186147528 -6.3796061134382995305713848210871 1.7624968294699210336062833448523 -0.35761127909672396629758850394865 4.7101945257008130951703606115188 4.2135319625430298628998571075499 -6.0826238789735818102144548902288 -2.8818104771064416702586186147528 -6.3796061134382995305713848210871 1.7624968294699210336062833448523 -0.35761127909672396629758850394865 4.7101945257008130951703606115188 4.2135319625430298628998571075499 -6.0826238789735818102144548902288 -2.8818104771064416702586186147528 -6.3796061134382995305713848210871 1.7624968294699210336062833448523 -0.35761127909672396629758850394865 4.7101945257008130951703606115188 4.2135319625430298628998571075499 -6.0826238789735818102144548902288 -2.8818104771064416702586186147528 -6.3796061134382995305713848210871 1.7624968294699210336062833448523 -0.35761127909672396629758850394865 4.7101945257008130951703606115188 4.2135319625430298628998571075499 -6.0826238789735818102144548902288 -2.8818104771064416702586186147528 -6.3796061134382995305713848210871 1.7624968294699210336062833448523 -0.35761127909672396629758850394865 4.7101945257008130951703606115188 4.2135319625430298628998571075499 -6.0826238789735818102144548902288 -2.8818104771064416702586186147528 -6.3796061134382995305713848210871 1.7624968294699210336062833448523 

2  1 8.6084240813781640611068723956123  3 -13.58539773004698147929047991056  
2  2 1.0451849018142100877781786039122  1 14.880691206526176273428063723259  
2  3 -0.0022002791124475784556580038042739  2 14.826695182443241805003708577715  
5  4 7.7639461853436131377748097293079  2 5.5080313444296633562657916627359  6 -11.952693071023421822474119835533  7 2.7246109837687173538256502069999  14 -14.627129001527077178934632684104  
2  5 -10.720333261446281625239862478338  1 -7.8310484514594751459526378312148  
2  6 -8.2425629059986746938193391542882  5 -13.839138652235783766286658647005  
2  7 -14.838888519971686008602773654275  5 5.9229221209009867976647001341917  
2  8 8.6084240813781640611068723956123  10 -13.58539773004698147929047991056  
2  9 1.0451849018142100877781786039122  8 14.880691206526176273428063723259  
2  10 -0.0022002791124475784556580038042739  9 14.826695182443241805003708577715  
6  3 5.5138176099830413789959493442439  11 7.7639461853436131377748097293079  9 5.5080313444296633562657916627359  13 -11.952693071023421822474119835533  14 2.7246109837687173538256502069999  21 -14.627129001527077178934632684104  
2  12 -10.720333261446281625239862478338  8 -7.8310484514594751459526378312148  
2  13 -8.2425629059986746938193391542882  12 -13.839138652235783766286658647005  
2  14 -14.838888519971686008602773654275  12 5.9229221209009867976647001341917  
2  15 8.6084240813781640611068723956123  17 -13.58539773004698147929047991056  
2  16 1.0451849018142100877781786039122  15 14.880691206526176273428063723259  
2  17 -0.0022002791124475784556580038042739  16 14.826695182443241805003708577715  
6  10 5.5138176099830413789959493442439  18 7.7639461853436131377748097293079  16 5.5080313444296633562657916627359  20 -11.952693071023421822474119835533  21 2.7246109837687173538256502069999  28 -14.627129001527077178934632684104  
2  19 -10.720333261446281625239862478338  15 -7.8310484514594751459526378312148  
2  20 -8.2425629059986746938193391542882  19 -13.839138652235783766286658647005  
2  21 -14.838888519971686008602773654275  19 5.9229221209009867976647001341917  
2  22 8.6084240813781640611068723956123  24 -13.58539773004698147929047991056  
2  23 1.0451849018142100877781786039122  22 14.880691206526176273428063723259  
2  24 -0.0022002791124475784556580038042739  23 14.826695182443241805003708577715  
6  17 5.5138176099830413789959493442439  25 7.7639461853436131377748097293079  23 5.5080313444296633562657916627359  27 -11.952693071023421822474119835533  28 2.7246109837687173538256502069999  35 -14.627129001527077178934632684104  
2  26 -10.720333261446281625239862478338  22 -7.8310484514594751459526378312148  
2  27 -8.2425629059986746938193391542882  26 -13.839138652235783766286658647005  
2  28 -14.838888519971686008602773654275  26 5.9229221209009867976647001341917  
2  29 8.6084240813781640611068723956123  31 -13.58539773004698147929047991056  
2  30 1.0451849018142100877781786039122  29 14.880691206526176273428063723259  
2  31 -0.0022002791124475784556580038042739  30 14.826695182443241805003708577715  
6  24 5.5138176099830413789959493442439  32 7.7639461853436131377748097293079  30 5.5080313444296633562657916627359  34 -11.952693071023421822474119835533  35 2.7246109837687173538256502069999  42 -14.627129001527077178934632684104  
2  33 -10.720333261446281625239862478338  29 -7.8310484514594751459526378312148  
2  34 -8.2425629059986746938193391542882  33 -13.839138652235783766286658647005  
2  35 -14.838888519971686008602773654275  33 5.9229221209009867976647001341917  
2  36 8.6084240813781640611068723956123  38 -13.58539773004698147929047991056  
2  37 1.0451849018142100877781786039122  36 14.880691206526176273428063723259  
2  38 -0.0022002791124475784556580038042739  37 14.826695182443241805003708577715  
6  31 5.5138176099830413789959493442439  39 7.7639461853436131377748097293079  37 5.5080313444296633562657916627359  41 -11.952693071023421822474119835533  42 2.7246109837687173538256502069999  49 -14.627129001527077178934632684104  
2  40 -10.720333261446281625239862478338  36 -7.8310484514594751459526378312148  
2  41 -8.2425629059986746938193391542882  40 -13.839138652235783766286658647005  
2  42 -14.838888519971686008602773654275  40 5.9229221209009867976647001341917  
2  43 8.6084240813781640611068723956123  45 -13.58539773004698147929047991056  
2  44 1.0451849018142100877781786039122  43 14.880691206526176273428063723259  
2  45 -0.0022002791124475784556580038042739  44 14.826695182443241805003708577715  
5  38 5.5138176099830413789959493442439  46 7.7639461853436131377748097293079  44 5.5080313444296633562657916627359  48 -11.952693071023421822474119835533  49 2.7246109837687173538256502069999  
2  47 -10.720333261446281625239862478338  43 -7.8310484514594751459526378312148  
2  48 -8.2425629059986746938193391542882  47 -13.839138652235783766286658647005  
2  49 -14.838888519971686008602773654275  47 5.9229221209009867976647001341917  

1  14 1.3324756961645856101483786915196  
1  8 0.98058668132056170385624227492372  
0  
1  5 0.72698484543502461807662484716275  
1  4 0.72698484543502461807662484716275  
1  10 0.25480578954023136439843710832065  
0  
2  2 0.98058668132056170385624227492372  21 1.3324756961645856101483786915196  
1  15 0.98058668132056170385624227492372  
1  6 0.25480578954023136439843710832065  
1  12 0.72698484543502461807662484716275  
1  11 0.72698484543502461807662484716275  
1  17 0.25480578954023136439843710832065  
1  1 1.3324756961645856101483786915196  
2  9 0.98058668132056170385624227492372  28 1.3324756961645856101483786915196  
1  22 0.98058668132056170385624227492372  
1  13 0.25480578954023136439843710832065  
1  19 0.72698484543502461807662484716275  
1  18 0.72698484543502461807662484716275  
1  24 0.25480578954023136439843710832065  
1  8 1.3324756961645856101483786915196  
2  16 0.98058668132056170385624227492372  35 1.3324756961645856101483786915196  
1  29 0.98058668132056170385624227492372  
1  20 0.25480578954023136439843710832065  
1  26 0.72698484543502461807662484716275  
1  25 0.72698484543502461807662484716275  
1  31 0.25480578954023136439843710832065  
1  15 1.3324756961645856101483786915196  
2  23 0.98058668132056170385624227492372  42 1.3324756961645856101483786915196  
1  36 0.98058668132056170385624227492372  
1  27 0.25480578954023136439843710832065  
1  33 0.72698484543502461807662484716275  
1  32 0.72698484543502461807662484716275  
1  38 0.25480578954023136439843710832065  
1  22 1.3324756961645856101483786915196  
2  30 0.98058668132056170385624227492372  49 1.3324756961645856101483786915196  
1  43 0.98058668132056170385624227492372  
1  34 0.25480578954023136439843710832065  
1  40 0.72698484543502461807662484716275  
1  39 0.72698484543502461807662484716275  
1  45 0.25480578954023136439843710832065  
1  29 1.3324756961645856101483786915196  
1  37 0.98058668132056170385624227492372  
0  
1  41 0.25480578954023136439843710832065  
1  47 0.72698484543502461807662484716275  
1  46 0.72698484543502461807662484716275  
0  
1  36 1.3324756961645856101483786915196  
