50.005 0
50.055 5.39025e-07
50.105 7.29228e-07
50.155 9.25983e-07
50.205 1.11391e-06
50.255 1.28825e-06
50.305 1.44983e-06
50.355 1.58615e-06
50.405 1.68763e-06
50.455 1.74835e-06
50.505 1.76389e-06
50.555 1.73202e-06
50.605 1.66374e-06
50.655 1.57503e-06
50.705 1.4557e-06
50.755 1.30619e-06
50.805 1.13133e-06
50.855 9.36761e-07
50.905 7.33669e-07
50.955 5.32308e-07
51.005 3.47285e-07
51.055 3.04603e-07
51.105 4.32364e-07
51.155 6.09089e-07
51.205 7.97266e-07
51.255 9.08021e-07
51.305 1.02326e-06
51.355 1.15768e-06
51.405 1.25031e-06
51.455 1.31169e-06
51.505 1.34676e-06
51.555 1.35723e-06
51.605 1.34546e-06
51.655 1.31451e-06
51.705 1.26717e-06
51.755 1.20506e-06
51.805 1.12808e-06
51.855 1.03449e-06
51.905 9.21528e-07
51.955 7.86631e-07
52.005 6.29184e-07
52.055 4.53643e-07
52.105 2.80881e-07
52.155 2.09538e-07
52.205 3.46632e-07
52.255 5.58683e-07
52.305 7.80821e-07
52.355 9.97306e-07
52.405 1.20376e-06
52.455 1.39859e-06
52.505 1.57794e-06
52.555 1.73421e-06
52.605 1.85845e-06
52.655 1.94333e-06
52.705 1.98465e-06
52.755 1.98149e-06
52.805 1.93927e-06
52.855 1.85552e-06
52.905 1.73313e-06
52.955 1.58449e-06
53.005 1.41484e-06
53.055 1.22822e-06
53.105 1.03097e-06
53.155 8.30907e-07
53.205 6.39813e-07
53.255 4.77433e-07
53.305 3.76931e-07
53.355 3.70989e-07
53.405 4.42198e-07
53.455 5.43316e-07
53.505 6.43499e-07
53.555 7.29904e-07
53.605 8.15831e-07
53.655 8.95738e-07
53.705 9.70561e-07
53.755 1.04013e-06
53.805 1.10391e-06
53.855 1.16053e-06
53.905 1.20369e-06
53.955 1.22188e-06
54.005 1.22078e-06
54.055 1.19783e-06
54.105 1.15064e-06
54.155 1.07745e-06
54.205 9.78079e-07
54.255 8.54553e-07
54.305 7.11346e-07
54.355 5.55001e-07
54.405 3.79398e-07
54.455 1.96679e-07
54.505 5.05005e-08
54.555 1.87438e-07
54.605 3.59757e-07
54.655 5.15419e-07
54.705 6.4063e-07
54.755 7.25618e-07
54.805 7.61127e-07
54.855 7.69167e-07
54.905 7.55326e-07
54.955 7.0794e-07
55.005 6.29029e-07
55.055 5.237e-07
55.105 3.98807e-07
55.155 2.72034e-07
55.205 1.71154e-07
55.255 1.5686e-07
55.305 3.10243e-07
55.355 4.73949e-07
55.405 6.39999e-07
55.455 8.032e-07
55.505 9.59816e-07
55.555 1.09772e-06
55.605 1.20811e-06
55.655 1.32744e-06
55.705 1.40697e-06
55.755 1.46419e-06
55.805 1.50087e-06
55.855 1.51782e-06
55.905 1.51828e-06
55.955 1.5101e-06
56.005 1.49599e-06
56.055 1.47739e-06
56.105 1.45131e-06
56.155 1.41506e-06
56.205 1.36656e-06
56.255 1.30302e-06
56.305 1.22148e-06
56.355 1.11965e-06
56.405 9.97275e-07
56.455 8.57124e-07
56.505 7.05221e-07
56.555 5.46811e-07
56.605 3.79089e-07
56.655 2.14701e-07
56.705 7.83133e-08
56.755 1.18592e-07
56.805 2.4616e-07
56.855 3.68985e-07
56.905 4.81857e-07
56.955 5.8708e-07
57.005 6.6287e-07
57.055 7.02113e-07
57.105 7.01248e-07
57.155 6.59289e-07
57.205 5.78279e-07
57.255 4.57878e-07
57.305 3.05394e-07
57.355 1.45987e-07
57.405 1.95741e-07
57.455 3.97226e-07
57.505 6.00045e-07
57.555 8.14322e-07
57.605 1.02183e-06
57.655 1.23259e-06
57.705 1.45746e-06
57.755 1.68097e-06
57.805 1.86752e-06
57.855 2.0296e-06
57.905 2.15065e-06
57.955 2.23565e-06
58.005 2.31469e-06
58.055 2.35431e-06
58.105 2.35455e-06
58.155 2.31956e-06
58.205 2.25358e-06
58.255 2.16308e-06
58.305 2.05008e-06
58.355 1.93107e-06
58.405 1.80726e-06
58.455 1.67673e-06
58.505 1.53642e-06
58.555 1.38473e-06
58.605 1.21933e-06
58.655 1.03544e-06
58.705 8.33897e-07
58.755 6.20253e-07
58.805 4.08744e-07
58.855 2.32775e-07
58.905 2.03389e-07
58.955 3.31312e-07
59.005 4.8303e-07
59.055 6.21984e-07
59.105 7.43087e-07
59.155 8.55699e-07
59.205 9.52351e-07
59.255 1.01922e-06
59.305 1.0494e-06
59.355 1.03992e-06
59.405 1.01569e-06
59.455 9.55699e-07
59.505 8.62637e-07
59.555 7.41296e-07
59.605 5.99618e-07
59.655 4.5558e-07
59.705 3.54549e-07
59.755 3.73598e-07
59.805 5.30765e-07
59.855 7.62237e-07
59.905 1.031e-06
59.955 1.29701e-06
60.005 1.5343e-06
60.055 1.75466e-06
60.105 1.97195e-06
60.155 2.18892e-06
60.205 2.37117e-06
60.255 2.51309e-06
60.305 2.60124e-06
60.355 2.6593e-06
60.405 2.6932e-06
60.455 2.68091e-06
60.505 2.63015e-06
60.555 2.54481e-06
60.605 2.42889e-06
60.655 2.28798e-06
60.705 2.1287e-06
60.755 1.95679e-06
60.805 1.77209e-06
60.855 1.5802e-06
60.905 1.38298e-06
60.955 1.17518e-06
61.005 9.55634e-07
61.055 7.28534e-07
61.105 5.08043e-07
61.155 3.3775e-07
61.205 3.19388e-07
61.255 4.66374e-07
61.305 6.57199e-07
61.355 8.40176e-07
61.405 1.0023e-06
61.455 1.1412e-06
61.505 1.25501e-06
61.555 1.33835e-06
61.605 1.38625e-06
61.655 1.41012e-06
61.705 1.3962e-06
61.755 1.34104e-06
61.805 1.26015e-06
61.855 1.1564e-06
61.905 1.02376e-06
61.955 8.69785e-07
62.005 7.05506e-07
62.055 5.57019e-07
62.105 4.67658e-07
62.155 4.95211e-07
62.205 6.44288e-07
62.255 8.64362e-07
62.305 1.1197e-06
62.355 1.3925e-06
62.405 1.65118e-06
62.455 1.87223e-06
62.505 2.08107e-06
62.555 2.28122e-06
62.605 2.43443e-06
62.655 2.54396e-06
62.705 2.60465e-06
62.755 2.64739e-06
62.805 2.64709e-06
62.855 2.60665e-06
62.905 2.53101e-06
62.955 2.42414e-06
63.005 2.29041e-06
63.055 2.13456e-06
63.105 1.96126e-06
63.155 1.77426e-06
63.205 1.57563e-06
63.255 1.36578e-06
63.305 1.13843e-06
63.355 9.09046e-07
63.405 6.80355e-07
63.455 4.74616e-07
63.505 3.62976e-07
63.555 4.32673e-07
63.605 6.14705e-07
63.655 8.2008e-07
63.705 1.02032e-06
63.755 1.20182e-06
63.805 1.35991e-06
63.855 1.49281e-06
63.905 1.59641e-06
63.955 1.66385e-06
64.005 1.68809e-06
64.055 1.66523e-06
64.105 1.61841e-06
64.155 1.54792e-06
64.205 1.4491e-06
64.255 1.31956e-06
64.305 1.16413e-06
64.355 9.89314e-07
64.405 8.11684e-07
64.455 6.43188e-07
64.505 5.20678e-07
64.555 5.05709e-07
64.605 6.20613e-07
64.655 8.18365e-07
64.705 1.05312e-06
64.755 1.28789e-06
64.805 1.53021e-06
64.855 1.7433e-06
64.905 1.92401e-06
64.955 2.06393e-06
65.005 2.14924e-06
65.055 2.21663e-06
65.105 2.25694e-06
65.155 2.25673e-06
65.205 2.2228e-06
65.255 2.15849e-06
65.305 2.06686e-06
65.355 1.95129e-06
65.405 1.81509e-06
65.455 1.66098e-06
65.505 1.49085e-06
65.555 1.30554e-06
65.605 1.10542e-06
65.655 8.92006e-07
65.705 6.68261e-07
65.755 4.59652e-07
65.805 3.47226e-07
65.855 4.22241e-07
65.905 6.15911e-07
65.955 8.38301e-07
66.005 1.0561e-06
66.055 1.25791e-06
66.105 1.44347e-06
66.155 1.61096e-06
66.205 1.762e-06
66.255 1.88473e-06
66.305 1.97232e-06
66.355 2.01949e-06
66.405 2.02214e-06
66.455 1.97856e-06
66.505 1.90744e-06
66.555 1.81606e-06
66.605 1.69408e-06
66.655 1.54301e-06
66.705 1.3671e-06
66.755 1.17096e-06
66.805 9.62289e-07
66.855 7.53473e-07
66.905 5.20389e-07
66.955 3.47296e-07
67.005 2.98201e-07
67.055 3.97857e-07
67.105 5.80147e-07
67.155 6.62571e-07
67.205 7.48592e-07
67.255 8.74109e-07
67.305 9.61856e-07
67.355 1.01811e-06
67.405 1.04902e-06
67.455 1.05619e-06
67.505 1.0416e-06
67.555 1.00802e-06
67.605 9.58132e-07
67.655 8.936e-07
67.705 8.14502e-07
67.755 7.19338e-07
67.805 6.05698e-07
67.855 4.71824e-07
67.905 3.20248e-07
67.955 1.76667e-07
68.005 1.89927e-07
68.055 3.75656e-07
68.105 5.99745e-07
68.155 8.30779e-07
68.205 1.05715e-06
68.255 1.27317e-06
68.305 1.47723e-06
68.355 1.66886e-06
68.405 1.84486e-06
68.455 1.99819e-06
68.505 2.12028e-06
68.555 2.20405e-06
68.605 2.2454e-06
68.655 2.24747e-06
68.705 2.20443e-06
68.755 2.11872e-06
68.805 2.00223e-06
68.855 1.85917e-06
68.905 1.69342e-06
68.955 1.51027e-06
69.005 1.31493e-06
69.055 1.11308e-06
69.105 9.11707e-07
69.155 7.19284e-07
69.205 5.45996e-07
69.255 4.06054e-07
69.305 3.28898e-07
69.355 3.29934e-07
69.405 3.55078e-07
69.455 4.1943e-07
69.505 4.95465e-07
69.555 5.72929e-07
69.605 6.48379e-07
69.655 7.20096e-07
69.705 7.87007e-07
69.755 8.46131e-07
69.805 8.81098e-07
69.855 8.99298e-07
69.905 8.99065e-07
69.955 8.77649e-07
70.005 8.32157e-07
70.055 7.60567e-07
70.105 6.626e-07
70.155 5.40251e-07
70.205 3.97896e-07
70.255 2.41315e-07
70.305 7.35582e-08
70.355 1.20062e-07
70.405 2.99987e-07
70.455 4.78315e-07
70.505 6.45569e-07
70.555 7.92224e-07
70.605 9.07261e-07
70.655 9.80747e-07
70.705 1.01589e-06
70.755 1.03596e-06
70.805 1.02335e-06
70.855 9.76369e-07
70.905 8.98265e-07
70.955 7.93936e-07
71.005 6.68942e-07
71.055 5.37305e-07
71.105 3.90522e-07
71.155 2.30123e-07
71.205 1.41839e-07
71.255 2.03353e-07
71.305 3.42299e-07
71.355 4.93236e-07
71.405 6.46069e-07
71.455 7.71964e-07
71.505 8.77392e-07
71.555 9.87259e-07
71.605 1.06355e-06
71.655 1.12046e-06
71.705 1.15724e-06
71.755 1.17373e-06
71.805 1.17799e-06
71.855 1.17472e-06
71.905 1.1666e-06
71.955 1.15475e-06
72.005 1.13326e-06
72.055 1.10256e-06
72.105 1.06e-06
72.155 1.00245e-06
72.205 9.26685e-07
72.255 8.30449e-07
72.305 7.1381e-07
72.355 5.80002e-07
72.405 4.35399e-07
72.455 2.8262e-07
72.505 1.16368e-07
72.555 5.41523e-08
72.605 2.01072e-07
72.655 3.41579e-07
72.705 4.73028e-07
72.755 5.93306e-07
72.805 7.11408e-07
72.855 8.14051e-07
72.905 8.85888e-07
72.955 9.20793e-07
73.005 9.1554e-07
73.055 8.70033e-07
73.105 7.83889e-07
73.155 6.5801e-07
73.205 4.98551e-07
73.255 3.11432e-07
73.305 2.14724e-07
73.355 2.67935e-07
73.405 4.18429e-07
73.455 6.12206e-07
73.505 8.014e-07
73.555 1.00019e-06
73.605 1.21882e-06
73.655 1.42427e-06
73.705 1.59832e-06
73.755 1.75112e-06
73.805 1.85551e-06
73.855 1.93539e-06
73.905 2.009e-06
73.955 2.04071e-06
74.005 2.03546e-06
74.055 1.99699e-06
74.105 1.92995e-06
74.155 1.83983e-06
74.205 1.73041e-06
74.255 1.61827e-06
74.305 1.50067e-06
74.355 1.37593e-06
74.405 1.24054e-06
74.455 1.09424e-06
74.505 9.3287e-07
74.555 7.53414e-07
74.605 5.56112e-07
74.655 3.5277e-07
74.705 1.77968e-07
74.755 1.88339e-07
74.805 3.53485e-07
74.855 5.26763e-07
74.905 6.82809e-07
74.955 8.17172e-07
75.005 9.3365e-07
75.055 1.04625e-06
75.105 1.13623e-06
75.155 1.19501e-06
75.205 1.21686e-06
75.255 1.20607e-06
75.305 1.17709e-06
75.355 1.11172e-06
75.405 1.01362e-06
75.455 8.86757e-07
75.505 7.36921e-07
75.555 5.76776e-07
75.605 4.27841e-07
75.655 3.49807e-07
75.705 4.28415e-07
75.755 6.30776e-07
75.805 8.91467e-07
75.855 1.13801e-06
75.905 1.35954e-06
75.955 1.56879e-06
76.005 1.77792e-06
76.055 1.98904e-06
76.105 2.15109e-06
76.155 2.2802e-06
76.205 2.35402e-06
76.255 2.40824e-06
76.305 2.43094e-06
76.355 2.41079e-06
76.405 2.35421e-06
76.455 2.26469e-06
76.505 2.14644e-06
76.555 2.00536e-06
76.605 1.84789e-06
76.655 1.67925e-06
76.705 1.49651e-06
76.755 1.31099e-06
76.805 1.1188e-06
76.855 9.1605e-07
76.905 7.0383e-07
76.955 4.92215e-07
77.005 3.186e-07
77.055 2.94933e-07
77.105 4.43006e-07
77.155 6.4754e-07
77.205 8.48272e-07
77.255 1.02832e-06
77.305 1.18375e-06
77.355 1.31463e-06
77.405 1.41911e-06
77.455 1.49143e-06
77.505 1.5317e-06
77.555 1.54909e-06
77.605 1.52582e-06
77.655 1.46212e-06
77.705 1.38077e-06
77.755 1.27109e-06
77.805 1.13341e-06
77.855 9.73952e-07
77.905 8.01545e-07
77.955 6.37742e-07
78.005 5.09175e-07
78.055 4.75198e-07
78.105 5.74932e-07
78.155 7.6948e-07
78.205 1.0115e-06
78.255 1.28127e-06
78.305 1.51916e-06
78.355 1.728e-06
78.405 1.92781e-06
78.455 2.11732e-06
78.505 2.2566e-06
78.555 2.35108e-06
78.605 2.4036e-06
78.655 2.43851e-06
78.705 2.42909e-06
78.755 2.38167e-06
78.805 2.30062e-06
78.855 2.18983e-06
78.905 2.05365e-06
78.955 1.89685e-06
79.005 1.72395e-06
79.055 1.5384e-06
79.105 1.34195e-06
79.155 1.13178e-06
79.205 9.114e-07
79.255 6.91826e-07
79.305 4.85309e-07
79.355 3.47641e-07
79.405 3.85376e-07
79.455 5.62989e-07
79.505 7.78745e-07
79.555 9.9156e-07
79.605 1.18994e-06
79.655 1.36536e-06
79.705 1.51591e-06
79.755 1.64027e-06
79.805 1.734e-06
79.855 1.79012e-06
79.905 1.80206e-06
79.955 1.77063e-06
80.005 1.71845e-06
80.055 1.64371e-06
80.105 1.53902e-06
80.155 1.40452e-06
80.205 1.24479e-06
80.255 1.06582e-06
80.305 8.83641e-07
80.355 7.04583e-07
80.405 5.59038e-07
80.455 5.02714e-07
80.505 5.78013e-07
80.555 7.52911e-07
80.605 9.75165e-07
80.655 1.20513e-06
80.705 1.43415e-06
80.755 1.63704e-06
80.805 1.8063e-06
80.855 1.93625e-06
80.905 2.01187e-06
80.955 2.07439e-06
81.005 2.10612e-06
81.055 2.09918e-06
81.105 2.05955e-06
81.155 1.99036e-06
81.205 1.8947e-06
81.255 1.77595e-06
81.305 1.63739e-06
81.355 1.48169e-06
81.405 1.31065e-06
81.455 1.12519e-06
81.505 9.26117e-07
81.555 7.16723e-07
81.605 5.02946e-07
81.655 3.44859e-07
81.705 3.56447e-07
81.755 5.29007e-07
81.805 7.53626e-07
81.855 9.82831e-07
81.905 1.19937e-06
81.955 1.39745e-06
82.005 1.57786e-06
82.055 1.73904e-06
82.105 1.88106e-06
82.155 1.99364e-06
82.205 2.07078e-06
82.255 2.1074e-06
82.305 2.09964e-06
82.355 2.04661e-06
82.405 1.9761e-06
82.455 1.8785e-06
82.505 1.75237e-06
82.555 1.598e-06
82.605 1.41956e-06
82.655 1.22152e-06
82.705 1.00957e-06
82.755 8.03455e-07
82.805 5.70576e-07
82.855 3.7731e-07
82.905 2.93247e-07
82.955 3.68976e-07
83.005 5.48104e-07
83.055 6.22016e-07
83.105 6.95493e-07
83.155 8.14692e-07
83.205 8.98943e-07
83.255 9.51416e-07
83.305 9.78777e-07
83.355 9.82604e-07
83.405 9.64673e-07
83.455 9.27603e-07
83.505 8.74023e-07
83.555 8.05658e-07
83.605 7.22734e-07
83.655 6.23946e-07
83.705 5.0721e-07
83.755 3.71656e-07
83.805 2.24579e-07
83.855 1.36849e-07
83.905 2.63927e-07
83.955 4.74819e-07
84.005 7.05e-07
84.055 9.38145e-07
84.105 1.16512e-06
84.155 1.38102e-06
84.205 1.58457e-06
84.255 1.7755e-06
84.305 1.95076e-06
84.355 2.10346e-06
84.405 2.22515e-06
84.455 2.30885e-06
84.505 2.35453e-06
84.555 2.3539e-06
84.605 2.30737e-06
84.655 2.2254e-06
84.705 2.11187e-06
84.755 1.97045e-06
84.805 1.8064e-06
84.855 1.62475e-06
84.905 1.43042e-06
84.955 1.22867e-06
85.005 1.02572e-06
85.055 8.28607e-07
85.105 6.44666e-07
85.155 4.88741e-07
85.205 3.76244e-07
85.255 3.04783e-07
85.305 2.70092e-07
85.355 3.11076e-07
85.405 3.77263e-07
85.455 4.52803e-07
85.505 5.29115e-07
85.555 6.02881e-07
85.605 6.71602e-07
85.655 7.22246e-07
85.705 7.55197e-07
85.755 7.7278e-07
85.805 7.72501e-07
85.855 7.51039e-07
85.905 7.05224e-07
85.955 6.33028e-07
86.005 5.34283e-07
86.055 4.1109e-07
86.105 2.67896e-07
86.155 1.18982e-07
86.205 9.24387e-08
86.255 2.58711e-07
86.305 4.36931e-07
86.355 6.10335e-07
86.405 7.71201e-07
86.455 9.09729e-07
86.505 1.01649e-06
86.555 1.07988e-06
86.605 1.12589e-06
86.655 1.14672e-06
86.705 1.13249e-06
86.755 1.08394e-06
86.805 1.00485e-06
86.855 9.00192e-07
86.905 7.7535e-07
86.955 6.43937e-07
87.005 4.87577e-07
87.055 3.32574e-07
87.105 1.94586e-07
87.155 1.34663e-07
87.205 2.27378e-07
87.255 3.67333e-07
87.305 5.19893e-07
87.355 6.33317e-07
87.405 7.40914e-07
87.455 8.41028e-07
87.505 9.1734e-07
87.555 9.73513e-07
87.605 1.0089e-06
87.655 1.02588e-06
87.705 1.03295e-06
87.755 1.03351e-06
87.805 1.03e-06
87.855 1.02115e-06
87.905 1.00369e-06
87.955 9.76954e-07
88.005 9.38285e-07
88.055 8.8433e-07
88.105 8.11676e-07
88.155 7.18223e-07
88.205 6.0443e-07
88.255 4.73967e-07
88.305 3.31757e-07
88.355 1.76475e-07
88.405 1.31307e-08
88.455 1.44888e-07
88.505 2.9249e-07
88.555 4.30378e-07
88.605 5.59459e-07
88.655 6.77437e-07
88.705 8.01075e-07
88.755 9.01124e-07
88.805 9.69359e-07
88.855 9.99985e-07
88.905 9.90037e-07
88.955 9.39971e-07
89.005 8.481e-07
89.055 7.16952e-07
89.105 5.51825e-07
89.155 3.57681e-07
89.205 2.63833e-07
89.255 2.53545e-07
89.305 3.69432e-07
89.355 5.50432e-07
89.405 7.28442e-07
89.455 9.23313e-07
89.505 1.14172e-06
89.555 1.33222e-06
89.605 1.4977e-06
89.655 1.64214e-06
89.705 1.73526e-06
89.755 1.81525e-06
89.805 1.88202e-06
89.855 1.90684e-06
89.905 1.89624e-06
89.955 1.85388e-06
90.005 1.78484e-06
90.055 1.69116e-06
90.105 1.58706e-06
90.155 1.47869e-06
90.205 1.36426e-06
90.255 1.24162e-06
90.305 1.10903e-06
90.355 9.64954e-07
90.405 8.04138e-07
90.455 6.2523e-07
90.505 4.29737e-07
90.555 2.35012e-07
90.605 1.28506e-07
90.655 2.62388e-07
90.705 4.45018e-07
90.755 6.16329e-07
90.805 7.66732e-07
90.855 8.95252e-07
90.905 1.01222e-06
90.955 1.12065e-06
91.005 1.2046e-06
91.055 1.25624e-06
91.105 1.27067e-06
91.155 1.26078e-06
91.205 1.22532e-06
91.255 1.15456e-06
91.305 1.05158e-06
91.355 9.20202e-07
91.405 7.65915e-07
91.455 6.01175e-07
91.505 4.42515e-07
91.555 3.47723e-07
91.605 4.11335e-07
91.655 6.10645e-07
91.705 8.69329e-07
91.755 1.10406e-06
91.805 1.31545e-06
91.855 1.52004e-06
91.905 1.72666e-06
91.955 1.92722e-06
92.005 2.07967e-06
92.055 2.19667e-06
92.105 2.26135e-06
92.155 2.31232e-06
92.205 2.3251e-06
92.255 2.29746e-06
92.305 2.23459e-06
92.355 2.1399e-06
92.405 2.01796e-06
92.455 1.87494e-06
92.505 1.71713e-06
92.555 1.549e-06
92.605 1.36689e-06
92.655 1.18405e-06
92.705 9.93248e-07
92.755 7.91946e-07
92.805 5.83444e-07
92.855 3.85485e-07
92.905 2.66645e-07
92.955 3.42984e-07
93.005 5.33692e-07
93.055 7.44665e-07
93.105 9.42013e-07
93.155 1.11583e-06
93.205 1.2645e-06
93.255 1.38835e-06
93.305 1.4848e-06
93.355 1.54788e-06
93.405 1.58569e-06
93.455 1.59414e-06
93.505 1.56215e-06
93.555 1.49033e-06
93.605 1.40829e-06
93.655 1.29281e-06
93.705 1.15033e-06
93.755 9.86934e-07
93.805 8.11271e-07
93.855 6.45718e-07
93.905 5.13038e-07
93.955 4.74729e-07
94.005 5.71465e-07
94.055 7.64791e-07
94.105 1.00615e-06
94.155 1.27447e-06
94.205 1.49776e-06
94.255 1.7004e-06
94.305 1.89607e-06
94.355 2.0747e-06
94.405 2.20673e-06
94.455 2.28658e-06
94.505 2.33506e-06
94.555 2.36118e-06
94.605 2.34327e-06
94.655 2.28874e-06
94.705 2.20162e-06
94.755 2.08582e-06
94.805 1.94579e-06
94.855 1.78633e-06
94.905 1.61185e-06
94.955 1.42551e-06
95.005 1.22873e-06
95.055 1.01643e-06
95.105 7.99959e-07
95.155 5.86764e-07
95.205 4.00825e-07
95.255 3.2871e-07
95.305 4.43714e-07
95.355 6.48776e-07
95.405 8.69691e-07
95.455 1.08116e-06
95.505 1.27469e-06
95.555 1.44388e-06
95.605 1.58777e-06
95.655 1.70478e-06
95.705 1.78987e-06
95.755 1.8359e-06
95.805 1.83687e-06
95.855 1.80273e-06
95.905 1.74142e-06
95.955 1.66272e-06
96.005 1.55185e-06
96.055 1.41207e-06
96.105 1.24805e-06
96.155 1.06586e-06
96.205 8.82573e-07
96.255 7.02625e-07
96.305 5.58292e-07
96.355 5.05387e-07
96.405 5.83968e-07
96.455 7.60141e-07
96.505 9.80602e-07
96.555 1.21288e-06
96.605 1.43121e-06
96.655 1.62874e-06
96.705 1.78865e-06
96.755 1.90975e-06
96.805 1.97862e-06
96.855 2.03745e-06
96.905 2.06125e-06
96.955 2.04776e-06
97.005 2.00217e-06
97.055 1.92753e-06
97.105 1.827e-06
97.155 1.70403e-06
97.205 1.56188e-06
97.255 1.40315e-06
97.305 1.22958e-06
97.355 1.04209e-06
97.405 8.41945e-07
97.455 6.34082e-07
97.505 4.29396e-07
97.555 3.17219e-07
97.605 3.98054e-07
97.655 5.9921e-07
97.705 8.30488e-07
97.755 1.05921e-06
97.805 1.27247e-06
97.855 1.46684e-06
97.905 1.64255e-06
97.955 1.79801e-06
98.005 1.93215e-06
98.055 2.03603e-06
98.105 2.10398e-06
98.155 2.13107e-06
98.205 2.11373e-06
98.255 2.05619e-06
98.305 1.98194e-06
98.355 1.87821e-06
98.405 1.74724e-06
98.455 1.58879e-06
98.505 1.40709e-06
98.555 1.20665e-06
98.605 9.9278e-07
98.655 7.89041e-07
98.705 5.60257e-07
98.755 3.65807e-07
98.805 2.9854e-07
98.855 3.9011e-07
98.905 5.71429e-07
98.955 6.47162e-07
99.005 7.18226e-07
99.055 8.33069e-07
99.105 9.14053e-07
99.155 9.6312e-07
99.205 9.87033e-07
99.255 9.87385e-07
99.305 9.65863e-07
99.355 9.24985e-07
99.405 8.67357e-07
99.455 7.94739e-07
99.505 7.07452e-07
99.555 6.04349e-07
99.605 4.83608e-07
99.655 3.45113e-07
99.705 2.00266e-07
99.755 1.47567e-07
99.805 3.00962e-07
99.855 5.17588e-07
99.905 7.50495e-07
99.955 9.85268e-07
100.005 1.21323e-06
100.055 1.42977e-06
100.105 1.63378e-06
100.155 1.82501e-06
100.205 2.00043e-06
100.255 2.15314e-06
100.305 2.27477e-06
100.355 2.36205e-06
100.405 2.40477e-06
100.455 2.39994e-06
100.505 2.35567e-06
100.555 2.27553e-06
100.605 2.16246e-06
100.655 2.02162e-06
100.705 1.85811e-06
100.755 1.67682e-06
100.805 1.48255e-06
100.855 1.28048e-06
100.905 1.07667e-06
100.955 8.77779e-07
101.005 6.92682e-07
101.055 5.40776e-07
101.105 4.22356e-07
101.155 2.91925e-07
101.205 2.50985e-07
101.255 2.70578e-07
101.305 3.30883e-07
101.355 4.06201e-07
101.405 4.84175e-07
101.455 5.60027e-07
101.505 6.23801e-07
101.555 6.68291e-07
101.605 6.99836e-07
101.655 7.16626e-07
101.705 7.15518e-07
101.755 6.9282e-07
101.805 6.45341e-07
101.855 5.71208e-07
101.905 4.70443e-07
101.955 3.4537e-07
102.005 2.00757e-07
102.055 7.79318e-08
102.105 1.62356e-07
102.155 3.34846e-07
102.205 5.12057e-07
102.255 6.81573e-07
102.305 8.36766e-07
102.355 9.68666e-07
102.405 1.0669e-06
102.455 1.13032e-06
102.505 1.18137e-06
102.555 1.2004e-06
102.605 1.18352e-06
102.655 1.13263e-06
102.705 1.05186e-06
102.755 9.46274e-07
102.805 8.21183e-07
102.855 6.88575e-07
102.905 5.30241e-07
102.955 3.79754e-07
103.005 2.33554e-07
103.055 1.30529e-07
103.105 1.78475e-07
103.155 3.09274e-07
103.205 4.61582e-07
103.255 5.6369e-07
103.305 6.72635e-07
103.355 7.69205e-07
103.405 8.44733e-07
103.455 8.99638e-07
103.505 9.32535e-07
103.555 9.51132e-07
103.605 9.6071e-07
103.655 9.647e-07
103.705 9.65197e-07
103.755 9.58357e-07
103.805 9.43832e-07
103.855 9.20056e-07
103.905 8.84123e-07
103.955 8.32372e-07
104.005 7.61338e-07
104.055 6.69206e-07
104.105 5.56902e-07
104.155 4.28544e-07
104.205 2.87333e-07
104.255 1.291e-07
104.305 3.3731e-08
104.355 1.87415e-07
104.405 3.32176e-07
104.455 4.67996e-07
104.505 5.95585e-07
104.555 7.1917e-07
104.605 8.41432e-07
104.655 9.38798e-07
104.705 1.0032e-06
104.755 1.02916e-06
104.805 1.01437e-06
104.855 9.58477e-07
104.905 8.60248e-07
104.955 7.23591e-07
105.005 5.52325e-07
105.055 3.82669e-07
105.105 2.77751e-07
105.155 2.5319e-07
105.205 3.61562e-07
105.255 5.34349e-07
105.305 7.07974e-07
105.355 9.04158e-07
105.405 1.11757e-06
105.455 1.30014e-06
105.505 1.45879e-06
105.555 1.59386e-06
105.605 1.67973e-06
105.655 1.76196e-06
105.705 1.82009e-06
105.755 1.83839e-06
105.805 1.82247e-06
105.855 1.77611e-06
105.905 1.70487e-06
105.955 1.60916e-06
106.005 1.50848e-06
106.055 1.40249e-06
106.105 1.29003e-06
106.155 1.16841e-06
106.205 1.0374e-06
106.255 8.94116e-07
106.305 7.32309e-07
106.355 5.51897e-07
106.405 3.57938e-07
106.455 1.72355e-07
106.505 1.43604e-07
106.555 3.13172e-07
106.605 4.956e-07
106.655 6.61998e-07
106.705 8.06465e-07
106.755 9.30698e-07
106.805 1.04867e-06
106.855 1.15283e-06
106.905 1.23089e-06
106.955 1.27561e-06
107.005 1.28288e-06
107.055 1.27368e-06
107.105 1.23193e-06
107.155 1.15557e-06
107.205 1.0475e-06
107.255 9.11605e-07
107.305 7.53485e-07
107.355 5.86363e-07
107.405 4.264e-07
107.455 3.40279e-07
107.505 4.23001e-07
107.555 6.34729e-07
107.605 8.87082e-07
107.655 1.11352e-06
107.705 1.31916e-06
107.755 1.52226e-06
107.805 1.72891e-06
107.855 1.91839e-06
107.905 2.06379e-06
107.955 2.16686e-06
108.005 2.22577e-06
108.055 2.27208e-06
108.105 2.27561e-06
108.155 2.24054e-06
108.205 2.17116e-06
108.255 2.07094e-06
108.305 1.94491e-06
108.355 1.79946e-06
108.405 1.64069e-06
108.455 1.46889e-06
108.505 1.29037e-06
108.555 1.10844e-06
108.605 9.17442e-07
108.655 7.16134e-07
108.705 5.10109e-07
108.755 3.2601e-07
108.805 2.61659e-07
108.855 3.90426e-07
108.905 5.95899e-07
108.955 8.05949e-07
109.005 9.98039e-07
109.055 1.16547e-06
109.105 1.30778e-06
109.155 1.42506e-06
109.205 1.51384e-06
109.255 1.56973e-06
109.305 1.60411e-06
109.355 1.60388e-06
109.405 1.56325e-06
109.455 1.4898e-06
109.505 1.40068e-06
109.555 1.27937e-06
109.605 1.13218e-06
109.655 9.65305e-07
109.705 7.88512e-07
109.755 6.24861e-07
109.805 4.99588e-07
109.855 4.7815e-07
109.905 5.91422e-07
109.955 7.93956e-07
