49 9 6

0.70718867416401565151318209245801 0.31992444378142270711151695650187 0.50613802294237875134541582156089 0.91220740745200123988922769058263 0.46396320880630781413600516316365 1.4187788809921491051113662251737 0.63105772990619579676518924316042 0.70718867416401565151318209245801 0.31992444378142270711151695650187 0.50613802294237875134541582156089 0.91220740745200123988922769058263 0.46396320880630781413600516316365 1.4187788809921491051113662251737 0.63105772990619579676518924316042 0.70718867416401565151318209245801 0.31992444378142270711151695650187 0.50613802294237875134541582156089 0.91220740745200123988922769058263 0.46396320880630781413600516316365 1.4187788809921491051113662251737 0.63105772990619579676518924316042 0.70718867416401565151318209245801 0.31992444378142270711151695650187 0.50613802294237875134541582156089 0.91220740745200123988922769058263 0.46396320880630781413600516316365 1.4187788809921491051113662251737 0.63105772990619579676518924316042 0.70718867416401565151318209245801 0.31992444378142270711151695650187 0.50613802294237875134541582156089 0.91220740745200123988922769058263 0.46396320880630781413600516316365 1.4187788809921491051113662251737 0.63105772990619579676518924316042 0.70718867416401565151318209245801 0.31992444378142270711151695650187 0.50613802294237875134541582156089 0.91220740745200123988922769058263 0.46396320880630781413600516316365 1.4187788809921491051113662251737 0.63105772990619579676518924316042 0.70718867416401565151318209245801 0.31992444378142270711151695650187 0.50613802294237875134541582156089 0.91220740745200123988922769058263 0.46396320880630781413600516316365 1.4187788809921491051113662251737 0.63105772990619579676518924316042 

0.49344953291378379489628969167825 -2.2793605615042804579672974796267 -7.5050097156670556586277598398738 -2.7120601373898569619314002920873 -0.73808408275613457405484041373711 -1.8231374089259544390984046913218 14.528705821306617806953909166623 0.49344953291378379489628969167825 -2.2793605615042804579672974796267 -7.5050097156670556586277598398738 -2.7120601373898569619314002920873 -0.73808408275613457405484041373711 -1.8231374089259544390984046913218 14.528705821306617806953909166623 0.49344953291378379489628969167825 -2.2793605615042804579672974796267 -7.5050097156670556586277598398738 -2.7120601373898569619314002920873 -0.73808408275613457405484041373711 -1.8231374089259544390984046913218 14.528705821306617806953909166623 0.49344953291378379489628969167825 -2.2793605615042804579672974796267 -7.5050097156670556586277598398738 -2.7120601373898569619314002920873 -0.73808408275613457405484041373711 -1.8231374089259544390984046913218 14.528705821306617806953909166623 0.49344953291378379489628969167825 -2.2793605615042804579672974796267 -7.5050097156670556586277598398738 -2.7120601373898569619314002920873 -0.73808408275613457405484041373711 -1.8231374089259544390984046913218 14.528705821306617806953909166623 0.49344953291378379489628969167825 -2.2793605615042804579672974796267 -7.5050097156670556586277598398738 -2.7120601373898569619314002920873 -0.73808408275613457405484041373711 -1.8231374089259544390984046913218 14.528705821306617806953909166623 0.49344953291378379489628969167825 -2.2793605615042804579672974796267 -7.5050097156670556586277598398738 -2.7120601373898569619314002920873 -0.73808408275613457405484041373711 -1.8231374089259544390984046913218 14.528705821306617806953909166623 

1 1 1 1 1 1 1 1 1 1 1 1 1 1 1 1 1 1 1 1 1 1 1 1 1 1 1 1 1 1 1 1 1 1 1 1 1 1 1 1 1 1 1 1 1 1 1 1 1 

-0.49344953291378379489628969167825 2.2793605615042804579672974796267 7.5050097156670556586277598398738 2.7120601373898569619314002920873 0.73808408275613457405484041373711 1.8231374089259544390984046913218 -14.528705821306617806953909166623 -0.49344953291378379489628969167825 2.2793605615042804579672974796267 7.5050097156670556586277598398738 2.7120601373898569619314002920873 0.73808408275613457405484041373711 1.8231374089259544390984046913218 -14.528705821306617806953909166623 -0.49344953291378379489628969167825 2.2793605615042804579672974796267 7.5050097156670556586277598398738 2.7120601373898569619314002920873 0.73808408275613457405484041373711 1.8231374089259544390984046913218 -14.528705821306617806953909166623 -0.49344953291378379489628969167825 2.2793605615042804579672974796267 7.5050097156670556586277598398738 2.7120601373898569619314002920873 0.73808408275613457405484041373711 1.8231374089259544390984046913218 -14.528705821306617806953909166623 -0.49344953291378379489628969167825 2.2793605615042804579672974796267 7.5050097156670556586277598398738 2.7120601373898569619314002920873 0.73808408275613457405484041373711 1.8231374089259544390984046913218 -14.528705821306617806953909166623 -0.49344953291378379489628969167825 2.2793605615042804579672974796267 7.5050097156670556586277598398738 2.7120601373898569619314002920873 0.73808408275613457405484041373711 1.8231374089259544390984046913218 -14.528705821306617806953909166623 -0.49344953291378379489628969167825 2.2793605615042804579672974796267 7.5050097156670556586277598398738 2.7120601373898569619314002920873 0.73808408275613457405484041373711 1.8231374089259544390984046913218 -14.528705821306617806953909166623 

2  1 5.0120110262608088547153784020338  3 -13.826167182721436077486032445449  
2  2 -1.6530363336052860123714935980388  1 14.755443484748287374941355665214  
2  3 9.3518569262199928715517671662383  2 15  
5  4 -8.6949550687935879267342897946946  2 -14.727932433921132826526445569471  6 6.8352455255390243138435835135169  7 -12.766277585037075326113154005725  14 -5.2513816659247227747187025670428  
2  5 0.64457772259588519414563734244439  1 -14.975871659413723335774193401448  
2  6 -3.4784320975692586408456463686889  5 11.296229647611516710981049982365  
2  7 -6.2514079039121748238017062249128  5 10.275994991301153902441001264378  
2  8 5.0120110262608088547153784020338  10 -13.826167182721436077486032445449  
2  9 -1.6530363336052860123714935980388  8 14.755443484748287374941355665214  
2  10 9.3518569262199928715517671662383  9 15  
6  3 -1.1526923826246102677828275773209  11 -8.6949550687935879267342897946946  9 -14.727932433921132826526445569471  13 6.8352455255390243138435835135169  14 -12.766277585037075326113154005725  21 -5.2513816659247227747187025670428  
2  12 0.64457772259588519414563734244439  8 -14.975871659413723335774193401448  
2  13 -3.4784320975692586408456463686889  12 11.296229647611516710981049982365  
2  14 -6.2514079039121748238017062249128  12 10.275994991301153902441001264378  
2  15 5.0120110262608088547153784020338  17 -13.826167182721436077486032445449  
2  16 -1.6530363336052860123714935980388  15 14.755443484748287374941355665214  
2  17 9.3518569262199928715517671662383  16 15  
6  10 -1.1526923826246102677828275773209  18 -8.6949550687935879267342897946946  16 -14.727932433921132826526445569471  20 6.8352455255390243138435835135169  21 -12.766277585037075326113154005725  28 -5.2513816659247227747187025670428  
2  19 0.64457772259588519414563734244439  15 -14.975871659413723335774193401448  
2  20 -3.4784320975692586408456463686889  19 11.296229647611516710981049982365  
2  21 -6.2514079039121748238017062249128  19 10.275994991301153902441001264378  
2  22 5.0120110262608088547153784020338  24 -13.826167182721436077486032445449  
2  23 -1.6530363336052860123714935980388  22 14.755443484748287374941355665214  
2  24 9.3518569262199928715517671662383  23 15  
6  17 -1.1526923826246102677828275773209  25 -8.6949550687935879267342897946946  23 -14.727932433921132826526445569471  27 6.8352455255390243138435835135169  28 -12.766277585037075326113154005725  35 -5.2513816659247227747187025670428  
2  26 0.64457772259588519414563734244439  22 -14.975871659413723335774193401448  
2  27 -3.4784320975692586408456463686889  26 11.296229647611516710981049982365  
2  28 -6.2514079039121748238017062249128  26 10.275994991301153902441001264378  
2  29 5.0120110262608088547153784020338  31 -13.826167182721436077486032445449  
2  30 -1.6530363336052860123714935980388  29 14.755443484748287374941355665214  
2  31 9.3518569262199928715517671662383  30 15  
6  24 -1.1526923826246102677828275773209  32 -8.6949550687935879267342897946946  30 -14.727932433921132826526445569471  34 6.8352455255390243138435835135169  35 -12.766277585037075326113154005725  42 -5.2513816659247227747187025670428  
2  33 0.64457772259588519414563734244439  29 -14.975871659413723335774193401448  
2  34 -3.4784320975692586408456463686889  33 11.296229647611516710981049982365  
2  35 -6.2514079039121748238017062249128  33 10.275994991301153902441001264378  
2  36 5.0120110262608088547153784020338  38 -13.826167182721436077486032445449  
2  37 -1.6530363336052860123714935980388  36 14.755443484748287374941355665214  
2  38 9.3518569262199928715517671662383  37 15  
6  31 -1.1526923826246102677828275773209  39 -8.6949550687935879267342897946946  37 -14.727932433921132826526445569471  41 6.8352455255390243138435835135169  42 -12.766277585037075326113154005725  49 -5.2513816659247227747187025670428  
2  40 0.64457772259588519414563734244439  36 -14.975871659413723335774193401448  
2  41 -3.4784320975692586408456463686889  40 11.296229647611516710981049982365  
2  42 -6.2514079039121748238017062249128  40 10.275994991301153902441001264378  
2  43 5.0120110262608088547153784020338  45 -13.826167182721436077486032445449  
2  44 -1.6530363336052860123714935980388  43 14.755443484748287374941355665214  
2  45 9.3518569262199928715517671662383  44 15  
5  38 -1.1526923826246102677828275773209  46 -8.6949550687935879267342897946946  44 -14.727932433921132826526445569471  48 6.8352455255390243138435835135169  49 -12.766277585037075326113154005725  
2  47 0.64457772259588519414563734244439  43 -14.975871659413723335774193401448  
2  48 -3.4784320975692586408456463686889  47 11.296229647611516710981049982365  
2  49 -6.2514079039121748238017062249128  47 10.275994991301153902441001264378  

1  14 0.14358409218420598030263590771938  
1  8 0.66631693414092485472366433896241  
0  
1  5 0.98037426004404337742670350053231  
1  4 0.98037426004404337742670350053231  
1  10 1.0121940149381518647686561962473  
0  
2  2 0.66631693414092485472366433896241  21 0.14358409218420598030263590771938  
1  15 0.66631693414092485472366433896241  
1  6 1.0121940149381518647686561962473  
1  12 0.98037426004404337742670350053231  
1  11 0.98037426004404337742670350053231  
1  17 1.0121940149381518647686561962473  
1  1 0.14358409218420598030263590771938  
2  9 0.66631693414092485472366433896241  28 0.14358409218420598030263590771938  
1  22 0.66631693414092485472366433896241  
1  13 1.0121940149381518647686561962473  
1  19 0.98037426004404337742670350053231  
1  18 0.98037426004404337742670350053231  
1  24 1.0121940149381518647686561962473  
1  8 0.14358409218420598030263590771938  
2  16 0.66631693414092485472366433896241  35 0.14358409218420598030263590771938  
1  29 0.66631693414092485472366433896241  
1  20 1.0121940149381518647686561962473  
1  26 0.98037426004404337742670350053231  
1  25 0.98037426004404337742670350053231  
1  31 1.0121940149381518647686561962473  
1  15 0.14358409218420598030263590771938  
2  23 0.66631693414092485472366433896241  42 0.14358409218420598030263590771938  
1  36 0.66631693414092485472366433896241  
1  27 1.0121940149381518647686561962473  
1  33 0.98037426004404337742670350053231  
1  32 0.98037426004404337742670350053231  
1  38 1.0121940149381518647686561962473  
1  22 0.14358409218420598030263590771938  
2  30 0.66631693414092485472366433896241  49 0.14358409218420598030263590771938  
1  43 0.66631693414092485472366433896241  
1  34 1.0121940149381518647686561962473  
1  40 0.98037426004404337742670350053231  
1  39 0.98037426004404337742670350053231  
1  45 1.0121940149381518647686561962473  
1  29 0.14358409218420598030263590771938  
1  37 0.66631693414092485472366433896241  
0  
1  41 1.0121940149381518647686561962473  
1  47 0.98037426004404337742670350053231  
1  46 0.98037426004404337742670350053231  
0  
1  36 0.14358409218420598030263590771938  
