50.005 0
50.055 0.000198197
50.105 0.000208998
50.155 0.000219117
50.205 0.000226487
50.255 0.000229748
50.305 0.000228947
50.355 0.000226127
50.405 0.000224297
50.455 0.000226313
50.505 0.000231461
50.555 0.000234995
50.605 0.000234429
50.655 0.000231124
50.705 0.00022661
50.755 0.000222704
50.805 0.000221261
50.855 0.00022278
50.905 0.000223486
50.955 0.000217534
51.005 0.000204874
51.055 0.000189622
51.105 0.000175995
51.155 0.000167427
51.205 0.000166341
51.255 0.000173091
51.305 0.000187066
51.355 0.000205438
51.405 0.00022403
51.455 0.000240841
51.505 0.000255509
51.555 0.000267026
51.605 0.000274041
51.655 0.000276172
51.705 0.000274477
51.755 0.000270833
51.805 0.000265876
51.855 0.000258711
51.905 0.000248725
51.955 0.000235866
52.005 0.000221605
52.055 0.000208555
52.105 0.000199159
52.155 0.000193946
52.205 0.000191296
52.255 0.000190585
52.305 0.00019401
52.355 0.000203269
52.405 0.000214164
52.455 0.000223121
52.505 0.000228631
52.555 0.000229775
52.605 0.000227664
52.655 0.000224919
52.705 0.000224701
52.755 0.000228619
52.805 0.000233683
52.855 0.000235162
52.905 0.00023307
52.955 0.000228985
53.005 0.000224515
53.055 0.00022161
53.105 0.000221727
53.155 0.000223655
53.205 0.000221616
53.255 0.000212038
53.305 0.000197554
53.355 0.000182638
53.405 0.000171053
53.455 0.000165912
53.505 0.000168681
53.555 0.000179068
53.605 0.000195726
53.655 0.000214626
53.705 0.00023244
53.755 0.000248252
53.805 0.00026156
53.855 0.000271016
53.905 0.000275648
53.955 0.000275704
54.005 0.00027286
54.055 0.000268637
54.105 0.000262723
54.155 0.000254247
54.205 0.000242806
54.255 0.000228989
54.305 0.000214965
54.355 0.000203451
54.405 0.000196197
54.455 0.000192461
54.505 0.000190636
54.555 0.000191528
54.605 0.00019791
54.655 0.000208665
54.705 0.000218838
54.755 0.000226305
54.805 0.00022971
54.855 0.000229018
54.905 0.000226226
54.955 0.000224312
55.005 0.000226198
55.055 0.000231293
55.105 0.000234946
55.155 0.000234492
55.205 0.000231247
55.255 0.00022675
55.305 0.000222795
55.355 0.000221256
55.405 0.000222712
55.455 0.000223559
55.505 0.000217872
55.555 0.00020538
55.605 0.000190141
55.655 0.000176399
55.705 0.000167616
55.755 0.00016627
55.805 0.000172788
55.855 0.00018657
55.905 0.000204874
55.955 0.000223496
56.005 0.000240355
56.055 0.000255079
56.105 0.000266692
56.155 0.000273878
56.205 0.00027616
56.255 0.000274557
56.305 0.000270956
56.355 0.000266047
56.405 0.000258967
56.455 0.000249084
56.505 0.000236301
56.555 0.000222062
56.605 0.00020893
56.655 0.000199391
56.705 0.00019408
56.755 0.000191365
56.805 0.000190572
56.855 0.000193817
56.905 0.000202928
56.955 0.000213842
57.005 0.000222882
57.055 0.00022852
57.105 0.000229813
57.155 0.000227762
57.205 0.000224992
57.255 0.000224643
57.305 0.000228445
57.355 0.000233559
57.405 0.000235183
57.455 0.000233173
57.505 0.000229133
57.555 0.000224647
57.605 0.000221664
57.655 0.000221678
57.705 0.000223628
57.755 0.000221823
57.805 0.000212483
57.855 0.00019809
57.905 0.000183095
57.955 0.000171357
58.005 0.000165966
58.055 0.000168483
58.105 0.000178638
58.155 0.000195155
58.205 0.000214045
58.255 0.000231907
58.305 0.00024778
58.355 0.000261184
58.405 0.000270774
58.455 0.000275566
58.505 0.00027575
58.555 0.000272967
58.605 0.000268783
58.655 0.00026294
58.705 0.000254559
58.755 0.000243223
58.805 0.000229461
58.855 0.000215404
58.905 0.000203768
58.955 0.000196369
59.005 0.000192551
59.055 0.000190669
59.105 0.000191435
59.155 0.000197618
59.205 0.000208311
59.255 0.000218544
59.305 0.000226125
59.355 0.000229674
59.405 0.000229096
59.455 0.000226327
59.505 0.00022433
59.555 0.000226081
59.605 0.000231118
59.655 0.000234894
59.705 0.00023456
59.755 0.000231387
59.805 0.000226906
59.855 0.000222903
59.905 0.000221262
59.955 0.000222646
60.005 0.00022363
60.055 0.000218214
60.105 0.000205889
60.155 0.000190675
60.205 0.000176819
60.255 0.000167818
60.305 0.000166203
60.355 0.000172471
60.405 0.000186041
60.455 0.000204269
60.505 0.000222927
60.555 0.000239842
60.605 0.000254638
60.655 0.000266369
60.705 0.000273708
60.755 0.000276209
60.805 0.000274642
60.855 0.000271088
60.905 0.000266215
60.955 0.000259234
61.005 0.000249458
61.055 0.000236771
61.105 0.000222539
61.155 0.000209326
61.205 0.00019964
61.255 0.000194206
61.305 0.000191433
61.355 0.000190557
61.405 0.000193623
61.455 0.000202566
61.505 0.000213504
61.555 0.000222628
61.605 0.000228404
61.655 0.00022983
61.705 0.000227867
61.755 0.000225059
61.805 0.000224587
61.855 0.000228267
61.905 0.000233428
61.955 0.000235198
62.005 0.000233283
62.055 0.000229288
62.105 0.000224789
62.155 0.000221726
62.205 0.000221634
62.255 0.000223595
62.305 0.000222023
62.355 0.000212928
62.405 0.000198634
62.455 0.000183589
62.505 0.000171684
62.555 0.000166037
62.605 0.000168288
62.655 0.000178199
62.705 0.000194559
62.755 0.000213432
62.805 0.000231354
62.855 0.000247285
62.905 0.000260783
62.955 0.000270515
63.005 0.000275477
63.055 0.000275796
63.105 0.000273083
63.155 0.00026894
63.205 0.000263172
63.255 0.000254887
63.305 0.000243654
63.355 0.000229949
63.405 0.000215858
63.455 0.0002041
63.505 0.000196553
63.555 0.000192648
63.605 0.00019071
63.655 0.000191343
63.705 0.000197315
63.755 0.000207944
63.805 0.000218239
63.855 0.00022593
63.905 0.000229631
63.955 0.000229172
64.005 0.000226431
64.055 0.000224357
64.105 0.000225951
64.155 0.000230932
64.205 0.000234835
64.255 0.000234628
64.305 0.000231526
64.355 0.000227066
64.405 0.000223015
64.455 0.00022127
64.505 0.000222579
64.555 0.000223688
64.605 0.000218543
64.655 0.000206406
64.705 0.00019121
64.755 0.000177246
64.805 0.000168027
64.855 0.000166137
64.905 0.000172148
64.955 0.000185497
65.005 0.000203639
65.055 0.000222325
65.105 0.000239306
65.155 0.00025418
65.205 0.000266035
65.255 0.000273539
65.305 0.000276138
65.355 0.000274739
65.405 0.000271225
65.455 0.000266427
65.505 0.000259517
65.555 0.000249841
65.605 0.000237247
65.655 0.000223028
65.705 0.000209735
65.755 0.000199901
65.805 0.000194341
65.855 0.000191505
65.905 0.000190546
65.955 0.000193421
66.005 0.000202205
66.055 0.000213156
66.105 0.000222368
66.155 0.000228281
66.205 0.000229853
66.255 0.000227967
66.305 0.000225148
66.355 0.000224538
66.405 0.000228089
66.455 0.00023329
66.505 0.000235208
66.555 0.000233392
66.605 0.000229446
66.655 0.000224934
66.705 0.000221792
66.755 0.00022159
66.805 0.000223553
66.855 0.000222208
66.905 0.000213363
66.955 0.000199175
67.005 0.000184087
67.055 0.000172017
67.105 0.000166112
67.155 0.000168092
67.205 0.000177751
67.255 0.000193944
67.305 0.000212804
67.355 0.000230782
67.405 0.000246778
67.455 0.000260376
67.505 0.000270259
67.555 0.00027539
67.605 0.000275848
67.655 0.000273206
67.705 0.000269104
67.755 0.000263409
67.805 0.000255219
67.855 0.00024409
67.905 0.000230443
67.955 0.000216322
68.005 0.000204442
68.055 0.000196744
68.105 0.000192747
68.155 0.00019075
68.205 0.000191254
68.255 0.000197011
68.305 0.000207566
68.355 0.000217924
68.405 0.000225728
68.455 0.000229581
68.505 0.000229243
68.555 0.000226535
68.605 0.000224385
68.655 0.000225818
68.705 0.000230743
68.755 0.000234769
68.805 0.000234692
68.855 0.000231664
68.905 0.000227225
68.955 0.000223127
69.005 0.00022128
69.055 0.000222506
69.105 0.000223734
69.155 0.000218861
69.205 0.000206912
69.255 0.000191747
69.305 0.000177676
69.355 0.000168242
69.405 0.000166077
69.455 0.000171825
69.505 0.000184945
69.555 0.000202996
69.605 0.000221714
69.655 0.000238761
69.705 0.000253712
69.755 0.000265695
69.805 0.000273361
69.855 0.000276124
69.905 0.000274833
69.955 0.000271366
70.005 0.000266622
70.055 0.000259798
70.105 0.000250224
70.155 0.000237721
70.205 0.000223519
70.255 0.000210148
70.305 0.000200165
70.355 0.000194475
70.405 0.000191576
70.455 0.000190535
70.505 0.000193225
70.555 0.000201832
70.605 0.000212798
70.655 0.000222096
70.705 0.000228148
70.755 0.000229869
70.805 0.000228066
70.855 0.000225226
70.905 0.000224489
70.955 0.000227909
71.005 0.000233143
71.055 0.000235211
71.105 0.000233497
71.155 0.0002296
71.205 0.000225079
71.255 0.000221858
71.305 0.000221545
71.355 0.000223501
71.405 0.000222381
71.455 0.000213788
71.505 0.000199713
71.555 0.000184586
71.605 0.000172354
71.655 0.000166194
71.705 0.000167899
71.755 0.000177302
71.805 0.000193321
71.855 0.00021216
71.905 0.000230197
71.955 0.000246262
72.005 0.000259962
72.055 0.000269993
72.105 0.000275295
72.155 0.000275895
72.205 0.000273326
72.255 0.000269265
72.305 0.000263642
72.355 0.000255548
72.405 0.000244522
72.455 0.000230936
72.505 0.000216787
72.555 0.000204786
72.605 0.000196936
72.655 0.000192844
72.705 0.000190788
72.755 0.000191164
72.805 0.000196704
72.855 0.000207178
72.905 0.000217599
72.955 0.000225513
73.005 0.000229521
73.055 0.000229309
73.105 0.000226637
73.155 0.000224412
73.205 0.000225686
73.255 0.000230548
73.305 0.000234694
73.355 0.000234751
73.405 0.000231798
73.455 0.000227382
73.505 0.000223239
73.555 0.000221289
73.605 0.000222427
73.655 0.000223764
73.705 0.000219164
73.755 0.00020741
73.805 0.000192281
73.855 0.000178109
73.905 0.000168462
73.955 0.000166019
74.005 0.000171502
74.055 0.000184386
74.105 0.00020234
74.155 0.000221089
74.205 0.000238205
74.255 0.000253235
74.305 0.000265345
74.355 0.000273176
74.405 0.000276105
74.455 0.000274924
74.505 0.000271505
74.555 0.000266813
74.605 0.000260076
74.655 0.000250605
74.705 0.000238192
74.755 0.00022401
74.805 0.000210564
74.855 0.000200433
74.905 0.00019461
74.955 0.000191644
75.005 0.000190524
75.055 0.00019303
75.105 0.000201454
75.155 0.000212428
75.205 0.000221815
75.255 0.000228004
75.305 0.000229875
75.355 0.00022816
75.405 0.000225305
75.455 0.000224442
75.505 0.00022773
75.555 0.00023299
75.605 0.000235207
75.655 0.000233596
75.705 0.000229751
75.755 0.000225221
75.805 0.000221922
75.855 0.000221496
75.905 0.000223439
75.955 0.000222536
76.005 0.000214202
76.055 0.000200244
76.105 0.000185084
76.155 0.000172694
76.205 0.000166281
76.255 0.000167707
76.305 0.000176851
76.355 0.00019269
76.405 0.000211504
76.455 0.0002296
76.505 0.000245737
76.555 0.000259536
76.605 0.000269719
76.655 0.000275193
76.705 0.000275937
76.755 0.000273444
76.805 0.000269423
76.855 0.000263872
76.905 0.000255872
76.955 0.000244951
77.005 0.000231428
77.055 0.000217253
77.105 0.000205135
77.155 0.00019713
77.205 0.000192939
77.255 0.000190824
77.305 0.000191076
77.355 0.000196398
77.405 0.000206784
77.455 0.000217263
77.505 0.00022529
77.555 0.000229452
77.605 0.000229367
77.655 0.000226736
77.705 0.000224442
77.755 0.000225558
77.805 0.00023035
77.855 0.000234611
77.905 0.000234803
77.955 0.000231927
78.005 0.000227536
78.055 0.00022335
78.105 0.000221297
78.155 0.000222344
78.205 0.000223781
78.255 0.000219452
78.305 0.000207898
78.355 0.000192811
78.405 0.000178542
78.455 0.000168686
78.505 0.000165966
78.555 0.000171179
78.605 0.000183825
78.655 0.000201676
78.705 0.000220454
78.755 0.000237639
78.805 0.000252748
78.855 0.000264985
78.905 0.000272983
78.955 0.000276079
79.005 0.00027501
79.055 0.000271641
79.105 0.000267
79.155 0.000260349
79.205 0.000250979
79.255 0.000238659
79.305 0.000224501
79.355 0.000210982
79.405 0.000200703
79.455 0.000194745
79.505 0.00019171
79.555 0.000190511
79.605 0.000192837
79.655 0.000201074
79.705 0.000212052
79.755 0.000221523
79.805 0.00022785
79.855 0.000229873
79.905 0.00022825
79.955 0.000225385
80.005 0.000224401
80.055 0.000227552
80.105 0.000232831
80.155 0.000235197
80.205 0.000233692
80.255 0.0002299
80.305 0.000225363
80.355 0.000221987
80.405 0.000221448
80.455 0.000223369
80.505 0.000222677
80.555 0.000214602
80.605 0.00020077
80.655 0.000185581
80.705 0.000173036
80.755 0.000166371
80.805 0.000167519
80.855 0.000176401
80.905 0.000192054
80.955 0.00021084
81.005 0.000228995
81.055 0.000245203
81.105 0.000259103
81.155 0.000269435
81.205 0.000275083
81.255 0.000275973
81.305 0.000273559
81.355 0.000269578
81.405 0.000264097
81.455 0.000256191
81.505 0.000245374
81.555 0.000231917
81.605 0.00021772
81.655 0.000205487
81.705 0.000197327
81.755 0.000193034
81.805 0.000190859
81.855 0.000190991
81.905 0.000196095
81.955 0.000206384
82.005 0.000216921
82.055 0.000225057
82.105 0.000229373
82.155 0.000229419
82.205 0.000226834
82.255 0.000224474
82.305 0.000225434
82.355 0.000230151
82.405 0.000234523
82.455 0.000234852
82.505 0.000232054
82.555 0.000227689
82.605 0.000223462
82.655 0.000221307
82.705 0.000222259
82.755 0.000223787
82.805 0.000219727
82.855 0.000208378
82.905 0.000193338
82.955 0.000178977
83.005 0.000168915
83.055 0.000165918
83.105 0.000170861
83.155 0.000183264
83.205 0.000201006
83.255 0.000219811
83.305 0.000237066
83.355 0.000252255
83.405 0.000264618
83.455 0.00027278
83.505 0.000276045
83.555 0.000275091
83.605 0.000271774
83.655 0.000267182
83.705 0.000260616
83.755 0.000251349
83.805 0.000239123
83.855 0.000224992
83.905 0.000211403
83.955 0.000200979
84.005 0.000194882
84.055 0.000191777
84.105 0.000190501
84.155 0.000192651
84.205 0.000200694
84.255 0.00021167
84.305 0.000221226
84.355 0.000227688
84.405 0.000229865
84.455 0.000228336
84.505 0.000225466
84.555 0.000224364
84.605 0.000227378
84.655 0.000232667
84.705 0.000235182
84.755 0.000233785
84.805 0.000230047
84.855 0.000225505
84.905 0.000222055
84.955 0.000221402
85.005 0.000223295
85.055 0.000222806
85.105 0.000214994
85.155 0.000201292
85.205 0.000186078
85.255 0.000173383
85.305 0.000166469
85.355 0.000167336
85.405 0.000175955
85.455 0.000191417
85.505 0.000210169
85.555 0.000228384
85.605 0.000244665
85.655 0.000258662
85.705 0.000269142
85.755 0.000274964
85.805 0.000276004
85.855 0.00027367
85.905 0.000269729
85.955 0.000264317
86.005 0.000256506
86.055 0.000245794
86.105 0.000232406
86.155 0.00021819
86.205 0.000205845
86.255 0.000197527
86.305 0.000193131
86.355 0.000190896
86.405 0.000190911
86.455 0.000195798
86.505 0.000205984
86.555 0.000216574
86.605 0.000224818
86.655 0.000229288
86.705 0.000229468
86.755 0.000226932
86.805 0.000224512
86.855 0.000225317
86.905 0.000229952
86.955 0.00023443
87.005 0.000234899
87.055 0.000232181
87.105 0.000227844
87.155 0.000223577
87.205 0.000221322
87.255 0.000222176
87.305 0.000223786
87.355 0.000219993
87.405 0.000208853
87.455 0.000193865
87.505 0.000179415
87.555 0.00016915
87.605 0.000165878
87.655 0.00017055
87.705 0.000182707
87.755 0.000200334
87.805 0.000219163
87.855 0.000236489
87.905 0.000251756
87.955 0.000264243
88.005 0.00027257
88.055 0.000276004
88.105 0.000275169
88.155 0.000271903
88.205 0.000267361
88.255 0.00026088
88.305 0.000251714
88.355 0.000239586
88.405 0.000225485
88.455 0.00021183
88.505 0.000201261
88.555 0.000195023
88.605 0.000191846
88.655 0.000190495
88.705 0.000192474
88.755 0.000200318
88.805 0.000211287
88.855 0.000220925
88.905 0.00022752
88.955 0.000229853
89.005 0.000228422
89.055 0.000225549
89.105 0.000224335
89.155 0.000227209
89.205 0.000232502
89.255 0.000235165
89.305 0.000233878
89.355 0.000230195
89.405 0.000225651
89.455 0.000222129
89.505 0.000221362
89.555 0.000223219
89.605 0.000222926
89.655 0.00021538
89.705 0.000201811
89.755 0.000186577
89.805 0.000173736
89.855 0.000166575
89.905 0.000167162
89.955 0.000175516
90.005 0.000190782
90.055 0.000209497
90.105 0.00022777
90.155 0.000244123
90.205 0.000258216
90.255 0.000268843
90.305 0.000274838
90.355 0.000276028
90.405 0.000273777
90.455 0.000269876
90.505 0.000264532
90.555 0.000256815
90.605 0.00024621
90.655 0.000232894
90.705 0.000218663
90.755 0.000206207
90.805 0.000197734
90.855 0.00019323
90.905 0.000190936
90.955 0.000190837
91.005 0.000195509
91.055 0.000205583
91.105 0.000216225
91.155 0.000224575
91.205 0.000229197
91.255 0.000229513
91.305 0.000227031
91.355 0.000224555
91.405 0.000225208
91.455 0.000229755
91.505 0.000234335
91.555 0.000234944
91.605 0.000232308
91.655 0.000228001
91.705 0.000223698
91.755 0.000221343
91.805 0.000222098
91.855 0.00022378
91.905 0.000220252
91.955 0.000209324
92.005 0.000194393
92.055 0.000179859
92.105 0.000169394
92.155 0.000165847
92.205 0.000170248
92.255 0.000182156
92.305 0.000199664
92.355 0.000218514
92.405 0.000235911
92.455 0.000251255
92.505 0.000263863
92.555 0.000272352
92.605 0.000275956
92.655 0.000275241
92.705 0.00027203
92.755 0.000267535
92.805 0.000261138
92.855 0.000252074
92.905 0.000240045
92.955 0.000225977
93.005 0.000212261
93.055 0.000201549
93.105 0.000195169
93.155 0.000191917
93.205 0.000190494
93.255 0.000192304
93.305 0.000199948
93.355 0.000210903
93.405 0.000220622
93.455 0.00022735
93.505 0.000229837
93.555 0.000228506
93.605 0.000225637
93.655 0.000224313
93.705 0.000227048
93.755 0.000232336
93.805 0.000235147
93.855 0.000233973
93.905 0.000230348
93.955 0.000225802
94.005 0.000222211
94.055 0.00022133
94.105 0.000223146
94.155 0.000223042
94.205 0.000215761
94.255 0.000202332
94.305 0.000187083
94.355 0.000174098
94.405 0.000166692
94.455 0.000167
94.505 0.000175091
94.555 0.000190156
94.605 0.000208828
94.655 0.000227156
94.705 0.00024358
94.755 0.000257767
94.805 0.000268538
94.855 0.000274704
94.905 0.000276047
94.955 0.000273882
95.005 0.000270022
95.055 0.000264745
95.105 0.000257122
95.155 0.000246624
95.205 0.000233383
95.255 0.000219141
95.305 0.000206579
95.355 0.000197951
95.405 0.000193336
95.455 0.000190983
95.505 0.000190775
95.555 0.000195233
95.605 0.000205189
95.655 0.000215879
95.705 0.000224333
95.755 0.000229107
95.805 0.00022956
95.855 0.000227134
95.905 0.000224606
95.955 0.000225108
96.005 0.000229563
96.055 0.000234239
96.105 0.000234992
96.155 0.00023244
96.205 0.000228165
96.255 0.000223828
96.305 0.000221377
96.355 0.000222029
96.405 0.000223775
96.455 0.000220508
96.505 0.000209798
96.555 0.000194928
96.605 0.000180313
96.655 0.000169652
96.705 0.000165833
96.755 0.000169962
96.805 0.000181623
96.855 0.000199004
96.905 0.00021787
96.955 0.000235335
97.005 0.000250754
97.055 0.00026348
97.105 0.00027213
97.155 0.000275905
97.205 0.000275312
97.255 0.000272157
97.305 0.00026771
97.355 0.000261397
97.405 0.000252437
97.455 0.000240507
97.505 0.000226478
97.555 0.000212703
97.605 0.00020185
97.655 0.000195327
97.705 0.000191999
97.755 0.000190506
97.805 0.000192153
97.855 0.000199593
97.905 0.000210528
97.955 0.000220327
98.005 0.000227182
98.055 0.000229824
98.105 0.000228598
98.155 0.000225733
98.205 0.000224301
98.255 0.000226895
98.305 0.000232171
98.355 0.00023513
98.405 0.000234069
98.455 0.000230505
98.505 0.000225963
98.555 0.000222305
98.605 0.000221311
98.655 0.000223081
98.705 0.000223159
98.755 0.000216146
98.805 0.000202861
98.855 0.0001876
98.905 0.000174476
98.955 0.000166829
99.005 0.000166858
99.055 0.000174686
99.105 0.000189546
99.155 0.000208169
99.205 0.000226548
99.255 0.000243042
99.305 0.00025732
99.355 0.000268231
99.405 0.000274568
99.455 0.000276065
99.505 0.000273989
99.555 0.000270172
99.605 0.000264962
99.655 0.000257433
99.705 0.000247043
99.755 0.000233879
99.805 0.00021963
99.855 0.000206965
99.905 0.000198181
99.955 0.000193455
100.005 0.000191043
100.055 0.000190729
100.105 0.000194978
100.155 0.000204808
100.205 0.000215544
100.255 0.000224099
100.305 0.000229021
100.355 0.000229611
100.405 0.000227244
100.455 0.000224665
100.505 0.000225019
100.555 0.000229375
100.605 0.000234142
100.655 0.000235039
100.705 0.000232574
100.755 0.000228335
100.805 0.000223967
100.855 0.000221423
100.905 0.000221971
100.955 0.000223774
101.005 0.000220766
101.055 0.000210278
101.105 0.000195474
101.155 0.000180782
101.205 0.000169929
101.255 0.000165838
101.305 0.000169697
101.355 0.000181108
101.405 0.000198357
101.455 0.000217236
101.505 0.000234765
101.555 0.000250257
101.605 0.000263098
101.655 0.000271906
101.705 0.000275852
101.755 0.000275386
101.805 0.00027229
101.855 0.000267891
101.905 0.000261661
101.955 0.000252803
102.005 0.000240974
102.055 0.000226986
102.105 0.000213156
102.155 0.000202167
102.205 0.000195498
102.255 0.000192093
102.305 0.000190532
102.355 0.000192019
102.405 0.000199253
102.455 0.000210163
102.505 0.000220039
102.555 0.000227019
102.605 0.000229814
102.655 0.000228692
102.705 0.000225834
102.755 0.000224298
102.805 0.000226749
102.855 0.000232003
102.905 0.000235108
102.955 0.000234166
103.005 0.000230665
103.055 0.000226128
103.105 0.000222407
103.155 0.000221303
103.205 0.000223021
103.255 0.000223274
103.305 0.00021653
103.355 0.000203396
103.405 0.000188128
103.455 0.000174869
103.505 0.000166984
103.555 0.000166733
103.605 0.000174299
103.655 0.000188951
103.705 0.000207519
103.755 0.000225947
103.805 0.000242508
103.855 0.000256873
103.905 0.000267925
103.955 0.000274432
104.005 0.000276086
104.055 0.000274102
104.105 0.000270328
104.155 0.000265184
104.205 0.000257748
104.255 0.000247464
104.305 0.00023438
104.355 0.000220127
104.405 0.000207361
104.455 0.000198423
104.505 0.000193584
104.555 0.000191112
104.605 0.000190696
104.655 0.000194736
104.705 0.000204435
104.755 0.000215212
104.805 0.000223867
104.855 0.000228936
104.905 0.000229665
104.955 0.000227357
105.005 0.000224731
105.055 0.000224935
105.105 0.000229187
105.155 0.000234038
105.205 0.000235082
105.255 0.000232706
105.305 0.000228506
105.355 0.000224111
105.405 0.000221475
105.455 0.000221919
105.505 0.00022377
105.555 0.000221018
105.605 0.000210757
105.655 0.000196026
105.705 0.000181262
105.755 0.000170219
105.805 0.000165859
105.855 0.000169448
105.905 0.000180608
105.955 0.000197719
106.005 0.000216604
106.055 0.000234198
106.105 0.000249762
106.155 0.000262717
106.205 0.000271683
106.255 0.000275801
106.305 0.000275463
106.355 0.000272429
106.405 0.000268076
106.455 0.000261929
106.505 0.000253171
106.555 0.000241444
106.605 0.000227498
106.655 0.000213617
106.705 0.000202491
106.755 0.000195677
106.805 0.000192193
106.855 0.000190565
106.905 0.000191898
106.955 0.000198921
107.005 0.0002098
107.055 0.000219751
107.105 0.000226856
107.155 0.000229803
107.205 0.000228787
107.255 0.000225938
107.305 0.000224301
107.355 0.000226606
107.405 0.000231831
107.455 0.000235078
107.505 0.000234257
107.555 0.000230821
107.605 0.000226293
107.655 0.000222512
107.705 0.000221297
107.755 0.000222959
107.805 0.000223379
107.855 0.000216908
107.905 0.00020393
107.955 0.000188661
108.005 0.000175271
108.055 0.00016715
108.105 0.000166621
108.155 0.000173924
108.205 0.000188364
108.255 0.00020687
108.305 0.000225345
108.355 0.000241975
108.405 0.000256428
108.455 0.000267618
108.505 0.000274296
108.555 0.000276108
108.605 0.000274218
108.655 0.000270488
108.705 0.000265407
108.755 0.000258064
108.805 0.000247886
108.855 0.000234881
108.905 0.000220626
108.955 0.000207764
109.005 0.000198671
109.055 0.000193716
109.105 0.000191185
109.155 0.000190669
109.205 0.000194504
109.255 0.000204063
109.305 0.000214879
109.355 0.000223632
109.405 0.000228847
109.455 0.000229714
109.505 0.000227468
109.555 0.000224799
109.605 0.000224856
109.655 0.000228998
109.705 0.000233925
109.755 0.000235116
109.805 0.000232832
109.855 0.000228672
109.905 0.000224253
109.955 0.000221528
