49 9 6

0.31053510148084073616558953290223 0.28766068497609409426729598635575 2.3916851648655748086014227737905 1.85902170966668900398133246199 2.2796898189664633882500766048906 0.48246029652561939204957752735936 1.7856956365323743973760883818613 0.31053510148084073616558953290223 0.28766068497609409426729598635575 2.3916851648655748086014227737905 1.85902170966668900398133246199 2.2796898189664633882500766048906 0.48246029652561939204957752735936 1.7856956365323743973760883818613 0.31053510148084073616558953290223 0.28766068497609409426729598635575 2.3916851648655748086014227737905 1.85902170966668900398133246199 2.2796898189664633882500766048906 0.48246029652561939204957752735936 1.7856956365323743973760883818613 0.31053510148084073616558953290223 0.28766068497609409426729598635575 2.3916851648655748086014227737905 1.85902170966668900398133246199 2.2796898189664633882500766048906 0.48246029652561939204957752735936 1.7856956365323743973760883818613 0.31053510148084073616558953290223 0.28766068497609409426729598635575 2.3916851648655748086014227737905 1.85902170966668900398133246199 2.2796898189664633882500766048906 0.48246029652561939204957752735936 1.7856956365323743973760883818613 0.31053510148084073616558953290223 0.28766068497609409426729598635575 2.3916851648655748086014227737905 1.85902170966668900398133246199 2.2796898189664633882500766048906 0.48246029652561939204957752735936 1.7856956365323743973760883818613 0.31053510148084073616558953290223 0.28766068497609409426729598635575 2.3916851648655748086014227737905 1.85902170966668900398133246199 2.2796898189664633882500766048906 0.48246029652561939204957752735936 1.7856956365323743973760883818613 

4.1226119795408724399976563290693 3.7934400672666974685398599831387 8.0931859765351461533100518863648 1.1465339607702094149033200665144 6.2803965145630327171488715976011 4.993656550693803986007424100535 -10.25982943841437489140844263602 4.1226119795408724399976563290693 3.7934400672666974685398599831387 8.0931859765351461533100518863648 1.1465339607702094149033200665144 6.2803965145630327171488715976011 4.993656550693803986007424100535 -10.25982943841437489140844263602 4.1226119795408724399976563290693 3.7934400672666974685398599831387 8.0931859765351461533100518863648 1.1465339607702094149033200665144 6.2803965145630327171488715976011 4.993656550693803986007424100535 -10.25982943841437489140844263602 4.1226119795408724399976563290693 3.7934400672666974685398599831387 8.0931859765351461533100518863648 1.1465339607702094149033200665144 6.2803965145630327171488715976011 4.993656550693803986007424100535 -10.25982943841437489140844263602 4.1226119795408724399976563290693 3.7934400672666974685398599831387 8.0931859765351461533100518863648 1.1465339607702094149033200665144 6.2803965145630327171488715976011 4.993656550693803986007424100535 -10.25982943841437489140844263602 4.1226119795408724399976563290693 3.7934400672666974685398599831387 8.0931859765351461533100518863648 1.1465339607702094149033200665144 6.2803965145630327171488715976011 4.993656550693803986007424100535 -10.25982943841437489140844263602 4.1226119795408724399976563290693 3.7934400672666974685398599831387 8.0931859765351461533100518863648 1.1465339607702094149033200665144 6.2803965145630327171488715976011 4.993656550693803986007424100535 -10.25982943841437489140844263602 

1 1 1 1 1 1 1 1 1 1 1 1 1 1 1 1 1 1 1 1 1 1 1 1 1 1 1 1 1 1 1 1 1 1 1 1 1 1 1 1 1 1 1 1 1 1 1 1 1 

-4.1226119795408724399976563290693 -3.7934400672666974685398599831387 -8.0931859765351461533100518863648 -1.1465339607702094149033200665144 -6.2803965145630327171488715976011 -4.993656550693803986007424100535 10.25982943841437489140844263602 -4.1226119795408724399976563290693 -3.7934400672666974685398599831387 -8.0931859765351461533100518863648 -1.1465339607702094149033200665144 -6.2803965145630327171488715976011 -4.993656550693803986007424100535 10.25982943841437489140844263602 -4.1226119795408724399976563290693 -3.7934400672666974685398599831387 -8.0931859765351461533100518863648 -1.1465339607702094149033200665144 -6.2803965145630327171488715976011 -4.993656550693803986007424100535 10.25982943841437489140844263602 -4.1226119795408724399976563290693 -3.7934400672666974685398599831387 -8.0931859765351461533100518863648 -1.1465339607702094149033200665144 -6.2803965145630327171488715976011 -4.993656550693803986007424100535 10.25982943841437489140844263602 -4.1226119795408724399976563290693 -3.7934400672666974685398599831387 -8.0931859765351461533100518863648 -1.1465339607702094149033200665144 -6.2803965145630327171488715976011 -4.993656550693803986007424100535 10.25982943841437489140844263602 -4.1226119795408724399976563290693 -3.7934400672666974685398599831387 -8.0931859765351461533100518863648 -1.1465339607702094149033200665144 -6.2803965145630327171488715976011 -4.993656550693803986007424100535 10.25982943841437489140844263602 -4.1226119795408724399976563290693 -3.7934400672666974685398599831387 -8.0931859765351461533100518863648 -1.1465339607702094149033200665144 -6.2803965145630327171488715976011 -4.993656550693803986007424100535 10.25982943841437489140844263602 

2  1 2.1366439137800705694303360360209  3 -13.418707351447618947304363246076  
2  2 7.923591245340228184090847207699  1 -14.420808472063562533094227546826  
2  3 -1.3462354350589551543748711992521  2 -14.833406727991453877280036977027  
5  4 0.8752975865220422591050919436384  2 3.6097208973774965734548914042534  6 9.6558170880868381402706290828064  7 10.506408279791731530394827132113  14 13.691234521755879072202333190944  
2  5 -15  1 -10.901878077406948364114214200526  
2  6 -5.0970515055876202126228236011229  5 -14.305465081257789705659888568334  
2  7 0.93053600077638809473512537806528  5 -2.2766957364145441466973807109753  
2  8 2.1366439137800705694303360360209  10 -13.418707351447618947304363246076  
2  9 7.923591245340228184090847207699  8 -14.420808472063562533094227546826  
2  10 -1.3462354350589551543748711992521  9 -14.833406727991453877280036977027  
6  3 -4.3994821689250604990206738875713  11 0.8752975865220422591050919436384  9 3.6097208973774965734548914042534  13 9.6558170880868381402706290828064  14 10.506408279791731530394827132113  21 13.691234521755879072202333190944  
2  12 -15  8 -10.901878077406948364114214200526  
2  13 -5.0970515055876202126228236011229  12 -14.305465081257789705659888568334  
2  14 0.93053600077638809473512537806528  12 -2.2766957364145441466973807109753  
2  15 2.1366439137800705694303360360209  17 -13.418707351447618947304363246076  
2  16 7.923591245340228184090847207699  15 -14.420808472063562533094227546826  
2  17 -1.3462354350589551543748711992521  16 -14.833406727991453877280036977027  
6  10 -4.3994821689250604990206738875713  18 0.8752975865220422591050919436384  16 3.6097208973774965734548914042534  20 9.6558170880868381402706290828064  21 10.506408279791731530394827132113  28 13.691234521755879072202333190944  
2  19 -15  15 -10.901878077406948364114214200526  
2  20 -5.0970515055876202126228236011229  19 -14.305465081257789705659888568334  
2  21 0.93053600077638809473512537806528  19 -2.2766957364145441466973807109753  
2  22 2.1366439137800705694303360360209  24 -13.418707351447618947304363246076  
2  23 7.923591245340228184090847207699  22 -14.420808472063562533094227546826  
2  24 -1.3462354350589551543748711992521  23 -14.833406727991453877280036977027  
6  17 -4.3994821689250604990206738875713  25 0.8752975865220422591050919436384  23 3.6097208973774965734548914042534  27 9.6558170880868381402706290828064  28 10.506408279791731530394827132113  35 13.691234521755879072202333190944  
2  26 -15  22 -10.901878077406948364114214200526  
2  27 -5.0970515055876202126228236011229  26 -14.305465081257789705659888568334  
2  28 0.93053600077638809473512537806528  26 -2.2766957364145441466973807109753  
2  29 2.1366439137800705694303360360209  31 -13.418707351447618947304363246076  
2  30 7.923591245340228184090847207699  29 -14.420808472063562533094227546826  
2  31 -1.3462354350589551543748711992521  30 -14.833406727991453877280036977027  
6  24 -4.3994821689250604990206738875713  32 0.8752975865220422591050919436384  30 3.6097208973774965734548914042534  34 9.6558170880868381402706290828064  35 10.506408279791731530394827132113  42 13.691234521755879072202333190944  
2  33 -15  29 -10.901878077406948364114214200526  
2  34 -5.0970515055876202126228236011229  33 -14.305465081257789705659888568334  
2  35 0.93053600077638809473512537806528  33 -2.2766957364145441466973807109753  
2  36 2.1366439137800705694303360360209  38 -13.418707351447618947304363246076  
2  37 7.923591245340228184090847207699  36 -14.420808472063562533094227546826  
2  38 -1.3462354350589551543748711992521  37 -14.833406727991453877280036977027  
6  31 -4.3994821689250604990206738875713  39 0.8752975865220422591050919436384  37 3.6097208973774965734548914042534  41 9.6558170880868381402706290828064  42 10.506408279791731530394827132113  49 13.691234521755879072202333190944  
2  40 -15  36 -10.901878077406948364114214200526  
2  41 -5.0970515055876202126228236011229  40 -14.305465081257789705659888568334  
2  42 0.93053600077638809473512537806528  40 -2.2766957364145441466973807109753  
2  43 2.1366439137800705694303360360209  45 -13.418707351447618947304363246076  
2  44 7.923591245340228184090847207699  43 -14.420808472063562533094227546826  
2  45 -1.3462354350589551543748711992521  44 -14.833406727991453877280036977027  
5  38 -4.3994821689250604990206738875713  46 0.8752975865220422591050919436384  44 3.6097208973774965734548914042534  48 9.6558170880868381402706290828064  49 10.506408279791731530394827132113  
2  47 -15  43 -10.901878077406948364114214200526  
2  48 -5.0970515055876202126228236011229  47 -14.305465081257789705659888568334  
2  49 0.93053600077638809473512537806528  47 -2.2766957364145441466973807109753  

1  14 0.21549207042305806858450978324981  
1  8 0.97891607701658145401779620442539  
0  
1  5 0.43559487534934748786952241061954  
1  4 0.43559487534934748786952241061954  
1  10 0.70485129918680322624879863724345  
0  
2  2 0.97891607701658145401779620442539  21 0.21549207042305806858450978324981  
1  15 0.97891607701658145401779620442539  
1  6 0.70485129918680322624879863724345  
1  12 0.43559487534934748786952241061954  
1  11 0.43559487534934748786952241061954  
1  17 0.70485129918680322624879863724345  
1  1 0.21549207042305806858450978324981  
2  9 0.97891607701658145401779620442539  28 0.21549207042305806858450978324981  
1  22 0.97891607701658145401779620442539  
1  13 0.70485129918680322624879863724345  
1  19 0.43559487534934748786952241061954  
1  18 0.43559487534934748786952241061954  
1  24 0.70485129918680322624879863724345  
1  8 0.21549207042305806858450978324981  
2  16 0.97891607701658145401779620442539  35 0.21549207042305806858450978324981  
1  29 0.97891607701658145401779620442539  
1  20 0.70485129918680322624879863724345  
1  26 0.43559487534934748786952241061954  
1  25 0.43559487534934748786952241061954  
1  31 0.70485129918680322624879863724345  
1  15 0.21549207042305806858450978324981  
2  23 0.97891607701658145401779620442539  42 0.21549207042305806858450978324981  
1  36 0.97891607701658145401779620442539  
1  27 0.70485129918680322624879863724345  
1  33 0.43559487534934748786952241061954  
1  32 0.43559487534934748786952241061954  
1  38 0.70485129918680322624879863724345  
1  22 0.21549207042305806858450978324981  
2  30 0.97891607701658145401779620442539  49 0.21549207042305806858450978324981  
1  43 0.97891607701658145401779620442539  
1  34 0.70485129918680322624879863724345  
1  40 0.43559487534934748786952241061954  
1  39 0.43559487534934748786952241061954  
1  45 0.70485129918680322624879863724345  
1  29 0.21549207042305806858450978324981  
1  37 0.97891607701658145401779620442539  
0  
1  41 0.70485129918680322624879863724345  
1  47 0.43559487534934748786952241061954  
1  46 0.43559487534934748786952241061954  
0  
1  36 0.21549207042305806858450978324981  
