49 9 6

0.18004522392823396614858211250976 0.46821931281090600762695430603344 1.2703211944996053439638217241736 0.85579001938441934260737298245658 0.81139822254960458636219300387893 0.44397958664776315806932416307973 1.7322680539936778920662163727684 0.18004522392823396614858211250976 0.46821931281090600762695430603344 1.2703211944996053439638217241736 0.85579001938441934260737298245658 0.81139822254960458636219300387893 0.44397958664776315806932416307973 1.7322680539936778920662163727684 0.18004522392823396614858211250976 0.46821931281090600762695430603344 1.2703211944996053439638217241736 0.85579001938441934260737298245658 0.81139822254960458636219300387893 0.44397958664776315806932416307973 1.7322680539936778920662163727684 0.18004522392823396614858211250976 0.46821931281090600762695430603344 1.2703211944996053439638217241736 0.85579001938441934260737298245658 0.81139822254960458636219300387893 0.44397958664776315806932416307973 1.7322680539936778920662163727684 0.18004522392823396614858211250976 0.46821931281090600762695430603344 1.2703211944996053439638217241736 0.85579001938441934260737298245658 0.81139822254960458636219300387893 0.44397958664776315806932416307973 1.7322680539936778920662163727684 0.18004522392823396614858211250976 0.46821931281090600762695430603344 1.2703211944996053439638217241736 0.85579001938441934260737298245658 0.81139822254960458636219300387893 0.44397958664776315806932416307973 1.7322680539936778920662163727684 0.18004522392823396614858211250976 0.46821931281090600762695430603344 1.2703211944996053439638217241736 0.85579001938441934260737298245658 0.81139822254960458636219300387893 0.44397958664776315806932416307973 1.7322680539936778920662163727684 

2.3790964661293632076421999954619 2.8901947859971031107306771446019 1.6129417842204671895700585082523 8.0322445159177426887708861613646 0.71517987380230441107897831898299 -9.9120334195506938357311810250394 6.6707152922375065884352807188407 2.3790964661293632076421999954619 2.8901947859971031107306771446019 1.6129417842204671895700585082523 8.0322445159177426887708861613646 0.71517987380230441107897831898299 -9.9120334195506938357311810250394 6.6707152922375065884352807188407 2.3790964661293632076421999954619 2.8901947859971031107306771446019 1.6129417842204671895700585082523 8.0322445159177426887708861613646 0.71517987380230441107897831898299 -9.9120334195506938357311810250394 6.6707152922375065884352807188407 2.3790964661293632076421999954619 2.8901947859971031107306771446019 1.6129417842204671895700585082523 8.0322445159177426887708861613646 0.71517987380230441107897831898299 -9.9120334195506938357311810250394 6.6707152922375065884352807188407 2.3790964661293632076421999954619 2.8901947859971031107306771446019 1.6129417842204671895700585082523 8.0322445159177426887708861613646 0.71517987380230441107897831898299 -9.9120334195506938357311810250394 6.6707152922375065884352807188407 2.3790964661293632076421999954619 2.8901947859971031107306771446019 1.6129417842204671895700585082523 8.0322445159177426887708861613646 0.71517987380230441107897831898299 -9.9120334195506938357311810250394 6.6707152922375065884352807188407 2.3790964661293632076421999954619 2.8901947859971031107306771446019 1.6129417842204671895700585082523 8.0322445159177426887708861613646 0.71517987380230441107897831898299 -9.9120334195506938357311810250394 6.6707152922375065884352807188407 

1 1 1 1 1 1 1 1 1 1 1 1 1 1 1 1 1 1 1 1 1 1 1 1 1 1 1 1 1 1 1 1 1 1 1 1 1 1 1 1 1 1 1 1 1 1 1 1 1 

-2.3790964661293632076421999954619 -2.8901947859971031107306771446019 -1.6129417842204671895700585082523 -8.0322445159177426887708861613646 -0.71517987380230441107897831898299 9.9120334195506938357311810250394 -6.6707152922375065884352807188407 -2.3790964661293632076421999954619 -2.8901947859971031107306771446019 -1.6129417842204671895700585082523 -8.0322445159177426887708861613646 -0.71517987380230441107897831898299 9.9120334195506938357311810250394 -6.6707152922375065884352807188407 -2.3790964661293632076421999954619 -2.8901947859971031107306771446019 -1.6129417842204671895700585082523 -8.0322445159177426887708861613646 -0.71517987380230441107897831898299 9.9120334195506938357311810250394 -6.6707152922375065884352807188407 -2.3790964661293632076421999954619 -2.8901947859971031107306771446019 -1.6129417842204671895700585082523 -8.0322445159177426887708861613646 -0.71517987380230441107897831898299 9.9120334195506938357311810250394 -6.6707152922375065884352807188407 -2.3790964661293632076421999954619 -2.8901947859971031107306771446019 -1.6129417842204671895700585082523 -8.0322445159177426887708861613646 -0.71517987380230441107897831898299 9.9120334195506938357311810250394 -6.6707152922375065884352807188407 -2.3790964661293632076421999954619 -2.8901947859971031107306771446019 -1.6129417842204671895700585082523 -8.0322445159177426887708861613646 -0.71517987380230441107897831898299 9.9120334195506938357311810250394 -6.6707152922375065884352807188407 -2.3790964661293632076421999954619 -2.8901947859971031107306771446019 -1.6129417842204671895700585082523 -8.0322445159177426887708861613646 -0.71517987380230441107897831898299 9.9120334195506938357311810250394 -6.6707152922375065884352807188407 

2  1 -0.085692940209853199484690833287459  3 -11.245677955898903732645521813538  
2  2 6.1201913352223353825820595375262  1 -13.443367223591788928160895011388  
2  3 4.4766819838828189048740568978246  2 -14.991960436954331115089189552236  
5  4 -8.0559523211389709729246533242986  2 3.724459793244140115575646632351  6 -9.8223811434696379762954165926203  7 -12.968031682735128740091568033677  14 10.141099993889135078006802359596  
2  5 -3.0085513245967674400560554204276  1 14.781763071499534945019149745349  
2  6 8.7949497150093556285810336703435  5 8.3718780817005153949139639735222  
2  7 7.9156804323394256428514381696004  5 -3.4338866730726804732398704800289  
2  8 -0.085692940209853199484690833287459  10 -11.245677955898903732645521813538  
2  9 6.1201913352223353825820595375262  8 -13.443367223591788928160895011388  
2  10 4.4766819838828189048740568978246  9 -14.991960436954331115089189552236  
6  3 4.1202575246223513971699503599666  11 -8.0559523211389709729246533242986  9 3.724459793244140115575646632351  13 -9.8223811434696379762954165926203  14 -12.968031682735128740091568033677  21 10.141099993889135078006802359596  
2  12 -3.0085513245967674400560554204276  8 14.781763071499534945019149745349  
2  13 8.7949497150093556285810336703435  12 8.3718780817005153949139639735222  
2  14 7.9156804323394256428514381696004  12 -3.4338866730726804732398704800289  
2  15 -0.085692940209853199484690833287459  17 -11.245677955898903732645521813538  
2  16 6.1201913352223353825820595375262  15 -13.443367223591788928160895011388  
2  17 4.4766819838828189048740568978246  16 -14.991960436954331115089189552236  
6  10 4.1202575246223513971699503599666  18 -8.0559523211389709729246533242986  16 3.724459793244140115575646632351  20 -9.8223811434696379762954165926203  21 -12.968031682735128740091568033677  28 10.141099993889135078006802359596  
2  19 -3.0085513245967674400560554204276  15 14.781763071499534945019149745349  
2  20 8.7949497150093556285810336703435  19 8.3718780817005153949139639735222  
2  21 7.9156804323394256428514381696004  19 -3.4338866730726804732398704800289  
2  22 -0.085692940209853199484690833287459  24 -11.245677955898903732645521813538  
2  23 6.1201913352223353825820595375262  22 -13.443367223591788928160895011388  
2  24 4.4766819838828189048740568978246  23 -14.991960436954331115089189552236  
6  17 4.1202575246223513971699503599666  25 -8.0559523211389709729246533242986  23 3.724459793244140115575646632351  27 -9.8223811434696379762954165926203  28 -12.968031682735128740091568033677  35 10.141099993889135078006802359596  
2  26 -3.0085513245967674400560554204276  22 14.781763071499534945019149745349  
2  27 8.7949497150093556285810336703435  26 8.3718780817005153949139639735222  
2  28 7.9156804323394256428514381696004  26 -3.4338866730726804732398704800289  
2  29 -0.085692940209853199484690833287459  31 -11.245677955898903732645521813538  
2  30 6.1201913352223353825820595375262  29 -13.443367223591788928160895011388  
2  31 4.4766819838828189048740568978246  30 -14.991960436954331115089189552236  
6  24 4.1202575246223513971699503599666  32 -8.0559523211389709729246533242986  30 3.724459793244140115575646632351  34 -9.8223811434696379762954165926203  35 -12.968031682735128740091568033677  42 10.141099993889135078006802359596  
2  33 -3.0085513245967674400560554204276  29 14.781763071499534945019149745349  
2  34 8.7949497150093556285810336703435  33 8.3718780817005153949139639735222  
2  35 7.9156804323394256428514381696004  33 -3.4338866730726804732398704800289  
2  36 -0.085692940209853199484690833287459  38 -11.245677955898903732645521813538  
2  37 6.1201913352223353825820595375262  36 -13.443367223591788928160895011388  
2  38 4.4766819838828189048740568978246  37 -14.991960436954331115089189552236  
6  31 4.1202575246223513971699503599666  39 -8.0559523211389709729246533242986  37 3.724459793244140115575646632351  41 -9.8223811434696379762954165926203  42 -12.968031682735128740091568033677  49 10.141099993889135078006802359596  
2  40 -3.0085513245967674400560554204276  36 14.781763071499534945019149745349  
2  41 8.7949497150093556285810336703435  40 8.3718780817005153949139639735222  
2  42 7.9156804323394256428514381696004  40 -3.4338866730726804732398704800289  
2  43 -0.085692940209853199484690833287459  45 -11.245677955898903732645521813538  
2  44 6.1201913352223353825820595375262  43 -13.443367223591788928160895011388  
2  45 4.4766819838828189048740568978246  44 -14.991960436954331115089189552236  
5  38 4.1202575246223513971699503599666  46 -8.0559523211389709729246533242986  44 3.724459793244140115575646632351  48 -9.8223811434696379762954165926203  49 -12.968031682735128740091568033677  
2  47 -3.0085513245967674400560554204276  43 14.781763071499534945019149745349  
2  48 8.7949497150093556285810336703435  47 8.3718780817005153949139639735222  
2  49 7.9156804323394256428514381696004  47 -3.4338866730726804732398704800289  

1  14 1.8487389175741213431791720722686  
1  8 1.1502766379888753611737683968386  
0  
1  5 1.5517592287025243624754011761979  
1  4 1.5517592287025243624754011761979  
1  10 0.019320466351214871103536552254809  
0  
2  2 1.1502766379888753611737683968386  21 1.8487389175741213431791720722686  
1  15 1.1502766379888753611737683968386  
1  6 0.019320466351214871103536552254809  
1  12 1.5517592287025243624754011761979  
1  11 1.5517592287025243624754011761979  
1  17 0.019320466351214871103536552254809  
1  1 1.8487389175741213431791720722686  
2  9 1.1502766379888753611737683968386  28 1.8487389175741213431791720722686  
1  22 1.1502766379888753611737683968386  
1  13 0.019320466351214871103536552254809  
1  19 1.5517592287025243624754011761979  
1  18 1.5517592287025243624754011761979  
1  24 0.019320466351214871103536552254809  
1  8 1.8487389175741213431791720722686  
2  16 1.1502766379888753611737683968386  35 1.8487389175741213431791720722686  
1  29 1.1502766379888753611737683968386  
1  20 0.019320466351214871103536552254809  
1  26 1.5517592287025243624754011761979  
1  25 1.5517592287025243624754011761979  
1  31 0.019320466351214871103536552254809  
1  15 1.8487389175741213431791720722686  
2  23 1.1502766379888753611737683968386  42 1.8487389175741213431791720722686  
1  36 1.1502766379888753611737683968386  
1  27 0.019320466351214871103536552254809  
1  33 1.5517592287025243624754011761979  
1  32 1.5517592287025243624754011761979  
1  38 0.019320466351214871103536552254809  
1  22 1.8487389175741213431791720722686  
2  30 1.1502766379888753611737683968386  49 1.8487389175741213431791720722686  
1  43 1.1502766379888753611737683968386  
1  34 0.019320466351214871103536552254809  
1  40 1.5517592287025243624754011761979  
1  39 1.5517592287025243624754011761979  
1  45 0.019320466351214871103536552254809  
1  29 1.8487389175741213431791720722686  
1  37 1.1502766379888753611737683968386  
0  
1  41 0.019320466351214871103536552254809  
1  47 1.5517592287025243624754011761979  
1  46 1.5517592287025243624754011761979  
0  
1  36 1.8487389175741213431791720722686  
