49 9 6

1.6041170424521991044741753285052 1.3433204871604680352703553580795 0.12357189370071841594267425534781 0.14181892352862446315953093289863 1.4580439563284037784995916808839 1.4083679964202961976127426169114 1.1092987867381112199183235134115 1.6041170424521991044741753285052 1.3433204871604680352703553580795 0.12357189370071841594267425534781 0.14181892352862446315953093289863 1.4580439563284037784995916808839 1.4083679964202961976127426169114 1.1092987867381112199183235134115 1.6041170424521991044741753285052 1.3433204871604680352703553580795 0.12357189370071841594267425534781 0.14181892352862446315953093289863 1.4580439563284037784995916808839 1.4083679964202961976127426169114 1.1092987867381112199183235134115 1.6041170424521991044741753285052 1.3433204871604680352703553580795 0.12357189370071841594267425534781 0.14181892352862446315953093289863 1.4580439563284037784995916808839 1.4083679964202961976127426169114 1.1092987867381112199183235134115 1.6041170424521991044741753285052 1.3433204871604680352703553580795 0.12357189370071841594267425534781 0.14181892352862446315953093289863 1.4580439563284037784995916808839 1.4083679964202961976127426169114 1.1092987867381112199183235134115 1.6041170424521991044741753285052 1.3433204871604680352703553580795 0.12357189370071841594267425534781 0.14181892352862446315953093289863 1.4580439563284037784995916808839 1.4083679964202961976127426169114 1.1092987867381112199183235134115 1.6041170424521991044741753285052 1.3433204871604680352703553580795 0.12357189370071841594267425534781 0.14181892352862446315953093289863 1.4580439563284037784995916808839 1.4083679964202961976127426169114 1.1092987867381112199183235134115 

-0.34954852094181138033590627856029 3.1875909823846710899886147672078 -7.8866381206950553206525000859983 11.413204726270770095197804039344 -15 3.8202128282063467779039456218015 -14.503220826154388234385805844795 -0.34954852094181138033590627856029 3.1875909823846710899886147672078 -7.8866381206950553206525000859983 11.413204726270770095197804039344 -15 3.8202128282063467779039456218015 -14.503220826154388234385805844795 -0.34954852094181138033590627856029 3.1875909823846710899886147672078 -7.8866381206950553206525000859983 11.413204726270770095197804039344 -15 3.8202128282063467779039456218015 -14.503220826154388234385805844795 -0.34954852094181138033590627856029 3.1875909823846710899886147672078 -7.8866381206950553206525000859983 11.413204726270770095197804039344 -15 3.8202128282063467779039456218015 -14.503220826154388234385805844795 -0.34954852094181138033590627856029 3.1875909823846710899886147672078 -7.8866381206950553206525000859983 11.413204726270770095197804039344 -15 3.8202128282063467779039456218015 -14.503220826154388234385805844795 -0.34954852094181138033590627856029 3.1875909823846710899886147672078 -7.8866381206950553206525000859983 11.413204726270770095197804039344 -15 3.8202128282063467779039456218015 -14.503220826154388234385805844795 -0.34954852094181138033590627856029 3.1875909823846710899886147672078 -7.8866381206950553206525000859983 11.413204726270770095197804039344 -15 3.8202128282063467779039456218015 -14.503220826154388234385805844795 

1 1 1 1 1 1 1 1 1 1 1 1 1 1 1 1 1 1 1 1 1 1 1 1 1 1 1 1 1 1 1 1 1 1 1 1 1 1 1 1 1 1 1 1 1 1 1 1 1 

0.34954852094181138033590627856029 -3.1875909823846710899886147672078 7.8866381206950553206525000859983 -11.413204726270770095197804039344 15 -3.8202128282063467779039456218015 14.503220826154388234385805844795 0.34954852094181138033590627856029 -3.1875909823846710899886147672078 7.8866381206950553206525000859983 -11.413204726270770095197804039344 15 -3.8202128282063467779039456218015 14.503220826154388234385805844795 0.34954852094181138033590627856029 -3.1875909823846710899886147672078 7.8866381206950553206525000859983 -11.413204726270770095197804039344 15 -3.8202128282063467779039456218015 14.503220826154388234385805844795 0.34954852094181138033590627856029 -3.1875909823846710899886147672078 7.8866381206950553206525000859983 -11.413204726270770095197804039344 15 -3.8202128282063467779039456218015 14.503220826154388234385805844795 0.34954852094181138033590627856029 -3.1875909823846710899886147672078 7.8866381206950553206525000859983 -11.413204726270770095197804039344 15 -3.8202128282063467779039456218015 14.503220826154388234385805844795 0.34954852094181138033590627856029 -3.1875909823846710899886147672078 7.8866381206950553206525000859983 -11.413204726270770095197804039344 15 -3.8202128282063467779039456218015 14.503220826154388234385805844795 0.34954852094181138033590627856029 -3.1875909823846710899886147672078 7.8866381206950553206525000859983 -11.413204726270770095197804039344 15 -3.8202128282063467779039456218015 14.503220826154388234385805844795 

2  1 -4.0355526630239770824459810683038  3 12.850933048017839865906353225  
2  2 0.93719320518843918232931855527568  1 -12.969629724701263739916612394154  
2  3 3.5074963207176415025401183811482  2 9.331151777747802356088868691586  
5  4 15  2 -3.9060281212216692026117925706785  6 14.891883852892583206539711682126  7 -0.53840858552569903494600112026092  14 -1.6208807618516347659465282049496  
2  5 4.8879816043457173790898195875343  1 13.526549218474894331620816956274  
2  6 1.4598238846954521008569827245083  5 -11.940261102490220324057190737221  
2  7 -5.1440242117032832780409989936743  5 8.9988303491582701809647915069945  
2  8 -4.0355526630239770824459810683038  10 12.850933048017839865906353225  
2  9 0.93719320518843918232931855527568  8 -12.969629724701263739916612394154  
2  10 3.5074963207176415025401183811482  9 9.331151777747802356088868691586  
6  3 -6.912246129502817026946104306262  11 15  9 -3.9060281212216692026117925706785  13 14.891883852892583206539711682126  14 -0.53840858552569903494600112026092  21 -1.6208807618516347659465282049496  
2  12 4.8879816043457173790898195875343  8 13.526549218474894331620816956274  
2  13 1.4598238846954521008569827245083  12 -11.940261102490220324057190737221  
2  14 -5.1440242117032832780409989936743  12 8.9988303491582701809647915069945  
2  15 -4.0355526630239770824459810683038  17 12.850933048017839865906353225  
2  16 0.93719320518843918232931855527568  15 -12.969629724701263739916612394154  
2  17 3.5074963207176415025401183811482  16 9.331151777747802356088868691586  
6  10 -6.912246129502817026946104306262  18 15  16 -3.9060281212216692026117925706785  20 14.891883852892583206539711682126  21 -0.53840858552569903494600112026092  28 -1.6208807618516347659465282049496  
2  19 4.8879816043457173790898195875343  15 13.526549218474894331620816956274  
2  20 1.4598238846954521008569827245083  19 -11.940261102490220324057190737221  
2  21 -5.1440242117032832780409989936743  19 8.9988303491582701809647915069945  
2  22 -4.0355526630239770824459810683038  24 12.850933048017839865906353225  
2  23 0.93719320518843918232931855527568  22 -12.969629724701263739916612394154  
2  24 3.5074963207176415025401183811482  23 9.331151777747802356088868691586  
6  17 -6.912246129502817026946104306262  25 15  23 -3.9060281212216692026117925706785  27 14.891883852892583206539711682126  28 -0.53840858552569903494600112026092  35 -1.6208807618516347659465282049496  
2  26 4.8879816043457173790898195875343  22 13.526549218474894331620816956274  
2  27 1.4598238846954521008569827245083  26 -11.940261102490220324057190737221  
2  28 -5.1440242117032832780409989936743  26 8.9988303491582701809647915069945  
2  29 -4.0355526630239770824459810683038  31 12.850933048017839865906353225  
2  30 0.93719320518843918232931855527568  29 -12.969629724701263739916612394154  
2  31 3.5074963207176415025401183811482  30 9.331151777747802356088868691586  
6  24 -6.912246129502817026946104306262  32 15  30 -3.9060281212216692026117925706785  34 14.891883852892583206539711682126  35 -0.53840858552569903494600112026092  42 -1.6208807618516347659465282049496  
2  33 4.8879816043457173790898195875343  29 13.526549218474894331620816956274  
2  34 1.4598238846954521008569827245083  33 -11.940261102490220324057190737221  
2  35 -5.1440242117032832780409989936743  33 8.9988303491582701809647915069945  
2  36 -4.0355526630239770824459810683038  38 12.850933048017839865906353225  
2  37 0.93719320518843918232931855527568  36 -12.969629724701263739916612394154  
2  38 3.5074963207176415025401183811482  37 9.331151777747802356088868691586  
6  31 -6.912246129502817026946104306262  39 15  37 -3.9060281212216692026117925706785  41 14.891883852892583206539711682126  42 -0.53840858552569903494600112026092  49 -1.6208807618516347659465282049496  
2  40 4.8879816043457173790898195875343  36 13.526549218474894331620816956274  
2  41 1.4598238846954521008569827245083  40 -11.940261102490220324057190737221  
2  42 -5.1440242117032832780409989936743  40 8.9988303491582701809647915069945  
2  43 -4.0355526630239770824459810683038  45 12.850933048017839865906353225  
2  44 0.93719320518843918232931855527568  43 -12.969629724701263739916612394154  
2  45 3.5074963207176415025401183811482  44 9.331151777747802356088868691586  
5  38 -6.912246129502817026946104306262  46 15  44 -3.9060281212216692026117925706785  48 14.891883852892583206539711682126  49 -0.53840858552569903494600112026092  
2  47 4.8879816043457173790898195875343  43 13.526549218474894331620816956274  
2  48 1.4598238846954521008569827245083  47 -11.940261102490220324057190737221  
2  49 -5.1440242117032832780409989936743  47 8.9988303491582701809647915069945  

1  14 0.78656602405506004238588957377942  
1  8 1.3587259751943840946353248000378  
0  
1  5 1.9783310375499656430520190042444  
1  4 1.9783310375499656430520190042444  
1  10 0.010901571816291699690282257506624  
0  
2  2 1.3587259751943840946353248000378  21 0.78656602405506004238588957377942  
1  15 1.3587259751943840946353248000378  
1  6 0.010901571816291699690282257506624  
1  12 1.9783310375499656430520190042444  
1  11 1.9783310375499656430520190042444  
1  17 0.010901571816291699690282257506624  
1  1 0.78656602405506004238588957377942  
2  9 1.3587259751943840946353248000378  28 0.78656602405506004238588957377942  
1  22 1.3587259751943840946353248000378  
1  13 0.010901571816291699690282257506624  
1  19 1.9783310375499656430520190042444  
1  18 1.9783310375499656430520190042444  
1  24 0.010901571816291699690282257506624  
1  8 0.78656602405506004238588957377942  
2  16 1.3587259751943840946353248000378  35 0.78656602405506004238588957377942  
1  29 1.3587259751943840946353248000378  
1  20 0.010901571816291699690282257506624  
1  26 1.9783310375499656430520190042444  
1  25 1.9783310375499656430520190042444  
1  31 0.010901571816291699690282257506624  
1  15 0.78656602405506004238588957377942  
2  23 1.3587259751943840946353248000378  42 0.78656602405506004238588957377942  
1  36 1.3587259751943840946353248000378  
1  27 0.010901571816291699690282257506624  
1  33 1.9783310375499656430520190042444  
1  32 1.9783310375499656430520190042444  
1  38 0.010901571816291699690282257506624  
1  22 0.78656602405506004238588957377942  
2  30 1.3587259751943840946353248000378  49 0.78656602405506004238588957377942  
1  43 1.3587259751943840946353248000378  
1  34 0.010901571816291699690282257506624  
1  40 1.9783310375499656430520190042444  
1  39 1.9783310375499656430520190042444  
1  45 0.010901571816291699690282257506624  
1  29 0.78656602405506004238588957377942  
1  37 1.3587259751943840946353248000378  
0  
1  41 0.010901571816291699690282257506624  
1  47 1.9783310375499656430520190042444  
1  46 1.9783310375499656430520190042444  
0  
1  36 0.78656602405506004238588957377942  
