49 9 6

0.13151431276557712379826625692658 0.47298216514792323916793748139753 1.6676381430724243060126354976092 0.66057458826230042170379874733044 1.8890848200175636151243452331983 1.1730047310716111841344400090748 0.59931675283219043581794949204777 0.13151431276557712379826625692658 0.47298216514792323916793748139753 1.6676381430724243060126354976092 0.66057458826230042170379874733044 1.8890848200175636151243452331983 1.1730047310716111841344400090748 0.59931675283219043581794949204777 0.13151431276557712379826625692658 0.47298216514792323916793748139753 1.6676381430724243060126354976092 0.66057458826230042170379874733044 1.8890848200175636151243452331983 1.1730047310716111841344400090748 0.59931675283219043581794949204777 0.13151431276557712379826625692658 0.47298216514792323916793748139753 1.6676381430724243060126354976092 0.66057458826230042170379874733044 1.8890848200175636151243452331983 1.1730047310716111841344400090748 0.59931675283219043581794949204777 0.13151431276557712379826625692658 0.47298216514792323916793748139753 1.6676381430724243060126354976092 0.66057458826230042170379874733044 1.8890848200175636151243452331983 1.1730047310716111841344400090748 0.59931675283219043581794949204777 0.13151431276557712379826625692658 0.47298216514792323916793748139753 1.6676381430724243060126354976092 0.66057458826230042170379874733044 1.8890848200175636151243452331983 1.1730047310716111841344400090748 0.59931675283219043581794949204777 0.13151431276557712379826625692658 0.47298216514792323916793748139753 1.6676381430724243060126354976092 0.66057458826230042170379874733044 1.8890848200175636151243452331983 1.1730047310716111841344400090748 0.59931675283219043581794949204777 

-6.4266211650666393850883650884498 -3.9835916431055382602721692819614 2.6560149430483734889207880769391 7.7746991075784315228247578488663 1.764209314986083798615368323226 2.2270908592344555998465693846811 -5.9540828753723049615587115113158 -6.4266211650666393850883650884498 -3.9835916431055382602721692819614 2.6560149430483734889207880769391 7.7746991075784315228247578488663 1.764209314986083798615368323226 2.2270908592344555998465693846811 -5.9540828753723049615587115113158 -6.4266211650666393850883650884498 -3.9835916431055382602721692819614 2.6560149430483734889207880769391 7.7746991075784315228247578488663 1.764209314986083798615368323226 2.2270908592344555998465693846811 -5.9540828753723049615587115113158 -6.4266211650666393850883650884498 -3.9835916431055382602721692819614 2.6560149430483734889207880769391 7.7746991075784315228247578488663 1.764209314986083798615368323226 2.2270908592344555998465693846811 -5.9540828753723049615587115113158 -6.4266211650666393850883650884498 -3.9835916431055382602721692819614 2.6560149430483734889207880769391 7.7746991075784315228247578488663 1.764209314986083798615368323226 2.2270908592344555998465693846811 -5.9540828753723049615587115113158 -6.4266211650666393850883650884498 -3.9835916431055382602721692819614 2.6560149430483734889207880769391 7.7746991075784315228247578488663 1.764209314986083798615368323226 2.2270908592344555998465693846811 -5.9540828753723049615587115113158 -6.4266211650666393850883650884498 -3.9835916431055382602721692819614 2.6560149430483734889207880769391 7.7746991075784315228247578488663 1.764209314986083798615368323226 2.2270908592344555998465693846811 -5.9540828753723049615587115113158 

1 1 1 1 1 1 1 1 1 1 1 1 1 1 1 1 1 1 1 1 1 1 1 1 1 1 1 1 1 1 1 1 1 1 1 1 1 1 1 1 1 1 1 1 1 1 1 1 1 

6.4266211650666393850883650884498 3.9835916431055382602721692819614 -2.6560149430483734889207880769391 -7.7746991075784315228247578488663 -1.764209314986083798615368323226 -2.2270908592344555998465693846811 5.9540828753723049615587115113158 6.4266211650666393850883650884498 3.9835916431055382602721692819614 -2.6560149430483734889207880769391 -7.7746991075784315228247578488663 -1.764209314986083798615368323226 -2.2270908592344555998465693846811 5.9540828753723049615587115113158 6.4266211650666393850883650884498 3.9835916431055382602721692819614 -2.6560149430483734889207880769391 -7.7746991075784315228247578488663 -1.764209314986083798615368323226 -2.2270908592344555998465693846811 5.9540828753723049615587115113158 6.4266211650666393850883650884498 3.9835916431055382602721692819614 -2.6560149430483734889207880769391 -7.7746991075784315228247578488663 -1.764209314986083798615368323226 -2.2270908592344555998465693846811 5.9540828753723049615587115113158 6.4266211650666393850883650884498 3.9835916431055382602721692819614 -2.6560149430483734889207880769391 -7.7746991075784315228247578488663 -1.764209314986083798615368323226 -2.2270908592344555998465693846811 5.9540828753723049615587115113158 6.4266211650666393850883650884498 3.9835916431055382602721692819614 -2.6560149430483734889207880769391 -7.7746991075784315228247578488663 -1.764209314986083798615368323226 -2.2270908592344555998465693846811 5.9540828753723049615587115113158 6.4266211650666393850883650884498 3.9835916431055382602721692819614 -2.6560149430483734889207880769391 -7.7746991075784315228247578488663 -1.764209314986083798615368323226 -2.2270908592344555998465693846811 5.9540828753723049615587115113158 

2  1 13.785918009359582114825570897665  3 12.944677467435832696196484903339  
2  2 -7.3238776612358416073789157962892  1 13.712348424841486860259465174749  
2  3 7.4423025864709497767535140155815  2 -15  
5  4 -2.1131217232267158756542357878061  2 6.5656534892140863135523431992624  6 -9.8336630108419136320208053803071  7 -3.4250707050900617289812544186134  14 4.6589606204334561567748096422292  
2  5 -6.04181729194954275641293861554  1 -8.9268712269360950273267008014955  
2  6 -0.74911999653767036289053748987499  5 9.9919194110596567526272338000126  
2  7 -14.420943988551169212541935849003  5 -13.689486638027796416849923843984  
2  8 13.785918009359582114825570897665  10 12.944677467435832696196484903339  
2  9 -7.3238776612358416073789157962892  8 13.712348424841486860259465174749  
2  10 7.4423025864709497767535140155815  9 -15  
6  3 -8.8117550309408709807712511974387  11 -2.1131217232267158756542357878061  9 6.5656534892140863135523431992624  13 -9.8336630108419136320208053803071  14 -3.4250707050900617289812544186134  21 4.6589606204334561567748096422292  
2  12 -6.04181729194954275641293861554  8 -8.9268712269360950273267008014955  
2  13 -0.74911999653767036289053748987499  12 9.9919194110596567526272338000126  
2  14 -14.420943988551169212541935849003  12 -13.689486638027796416849923843984  
2  15 13.785918009359582114825570897665  17 12.944677467435832696196484903339  
2  16 -7.3238776612358416073789157962892  15 13.712348424841486860259465174749  
2  17 7.4423025864709497767535140155815  16 -15  
6  10 -8.8117550309408709807712511974387  18 -2.1131217232267158756542357878061  16 6.5656534892140863135523431992624  20 -9.8336630108419136320208053803071  21 -3.4250707050900617289812544186134  28 4.6589606204334561567748096422292  
2  19 -6.04181729194954275641293861554  15 -8.9268712269360950273267008014955  
2  20 -0.74911999653767036289053748987499  19 9.9919194110596567526272338000126  
2  21 -14.420943988551169212541935849003  19 -13.689486638027796416849923843984  
2  22 13.785918009359582114825570897665  24 12.944677467435832696196484903339  
2  23 -7.3238776612358416073789157962892  22 13.712348424841486860259465174749  
2  24 7.4423025864709497767535140155815  23 -15  
6  17 -8.8117550309408709807712511974387  25 -2.1131217232267158756542357878061  23 6.5656534892140863135523431992624  27 -9.8336630108419136320208053803071  28 -3.4250707050900617289812544186134  35 4.6589606204334561567748096422292  
2  26 -6.04181729194954275641293861554  22 -8.9268712269360950273267008014955  
2  27 -0.74911999653767036289053748987499  26 9.9919194110596567526272338000126  
2  28 -14.420943988551169212541935849003  26 -13.689486638027796416849923843984  
2  29 13.785918009359582114825570897665  31 12.944677467435832696196484903339  
2  30 -7.3238776612358416073789157962892  29 13.712348424841486860259465174749  
2  31 7.4423025864709497767535140155815  30 -15  
6  24 -8.8117550309408709807712511974387  32 -2.1131217232267158756542357878061  30 6.5656534892140863135523431992624  34 -9.8336630108419136320208053803071  35 -3.4250707050900617289812544186134  42 4.6589606204334561567748096422292  
2  33 -6.04181729194954275641293861554  29 -8.9268712269360950273267008014955  
2  34 -0.74911999653767036289053748987499  33 9.9919194110596567526272338000126  
2  35 -14.420943988551169212541935849003  33 -13.689486638027796416849923843984  
2  36 13.785918009359582114825570897665  38 12.944677467435832696196484903339  
2  37 -7.3238776612358416073789157962892  36 13.712348424841486860259465174749  
2  38 7.4423025864709497767535140155815  37 -15  
6  31 -8.8117550309408709807712511974387  39 -2.1131217232267158756542357878061  37 6.5656534892140863135523431992624  41 -9.8336630108419136320208053803071  42 -3.4250707050900617289812544186134  49 4.6589606204334561567748096422292  
2  40 -6.04181729194954275641293861554  36 -8.9268712269360950273267008014955  
2  41 -0.74911999653767036289053748987499  40 9.9919194110596567526272338000126  
2  42 -14.420943988551169212541935849003  40 -13.689486638027796416849923843984  
2  43 13.785918009359582114825570897665  45 12.944677467435832696196484903339  
2  44 -7.3238776612358416073789157962892  43 13.712348424841486860259465174749  
2  45 7.4423025864709497767535140155815  44 -15  
5  38 -8.8117550309408709807712511974387  46 -2.1131217232267158756542357878061  44 6.5656534892140863135523431992624  48 -9.8336630108419136320208053803071  49 -3.4250707050900617289812544186134  
2  47 -6.04181729194954275641293861554  43 -8.9268712269360950273267008014955  
2  48 -0.74911999653767036289053748987499  47 9.9919194110596567526272338000126  
2  49 -14.420943988551169212541935849003  47 -13.689486638027796416849923843984  

1  14 0.94372854281976137347243138719932  
1  8 1.0752048186271652152612432473688  
0  
1  5 1.7522690959326523429950839272351  
1  4 1.7522690959326523429950839272351  
1  10 1.6463646915920109314868113870034  
0  
2  2 1.0752048186271652152612432473688  21 0.94372854281976137347243138719932  
1  15 1.0752048186271652152612432473688  
1  6 1.6463646915920109314868113870034  
1  12 1.7522690959326523429950839272351  
1  11 1.7522690959326523429950839272351  
1  17 1.6463646915920109314868113870034  
1  1 0.94372854281976137347243138719932  
2  9 1.0752048186271652152612432473688  28 0.94372854281976137347243138719932  
1  22 1.0752048186271652152612432473688  
1  13 1.6463646915920109314868113870034  
1  19 1.7522690959326523429950839272351  
1  18 1.7522690959326523429950839272351  
1  24 1.6463646915920109314868113870034  
1  8 0.94372854281976137347243138719932  
2  16 1.0752048186271652152612432473688  35 0.94372854281976137347243138719932  
1  29 1.0752048186271652152612432473688  
1  20 1.6463646915920109314868113870034  
1  26 1.7522690959326523429950839272351  
1  25 1.7522690959326523429950839272351  
1  31 1.6463646915920109314868113870034  
1  15 0.94372854281976137347243138719932  
2  23 1.0752048186271652152612432473688  42 0.94372854281976137347243138719932  
1  36 1.0752048186271652152612432473688  
1  27 1.6463646915920109314868113870034  
1  33 1.7522690959326523429950839272351  
1  32 1.7522690959326523429950839272351  
1  38 1.6463646915920109314868113870034  
1  22 0.94372854281976137347243138719932  
2  30 1.0752048186271652152612432473688  49 0.94372854281976137347243138719932  
1  43 1.0752048186271652152612432473688  
1  34 1.6463646915920109314868113870034  
1  40 1.7522690959326523429950839272351  
1  39 1.7522690959326523429950839272351  
1  45 1.6463646915920109314868113870034  
1  29 0.94372854281976137347243138719932  
1  37 1.0752048186271652152612432473688  
0  
1  41 1.6463646915920109314868113870034  
1  47 1.7522690959326523429950839272351  
1  46 1.7522690959326523429950839272351  
0  
1  36 0.94372854281976137347243138719932  
