49 9 6

0.64354259709343331063990945040132 0.10000000000000008881784197001252 2.0238741864339284681761910178466 0.97519932081462878947775152482791 2.5 1.6948708313088187704664733246318 1.8070145586745329779887470067479 0.64354259709343331063990945040132 0.10000000000000008881784197001252 2.0238741864339284681761910178466 0.97519932081462878947775152482791 2.5 1.6948708313088187704664733246318 1.8070145586745329779887470067479 0.64354259709343331063990945040132 0.10000000000000008881784197001252 2.0238741864339284681761910178466 0.97519932081462878947775152482791 2.5 1.6948708313088187704664733246318 1.8070145586745329779887470067479 0.64354259709343331063990945040132 0.10000000000000008881784197001252 2.0238741864339284681761910178466 0.97519932081462878947775152482791 2.5 1.6948708313088187704664733246318 1.8070145586745329779887470067479 0.64354259709343331063990945040132 0.10000000000000008881784197001252 2.0238741864339284681761910178466 0.97519932081462878947775152482791 2.5 1.6948708313088187704664733246318 1.8070145586745329779887470067479 0.64354259709343331063990945040132 0.10000000000000008881784197001252 2.0238741864339284681761910178466 0.97519932081462878947775152482791 2.5 1.6948708313088187704664733246318 1.8070145586745329779887470067479 0.64354259709343331063990945040132 0.10000000000000008881784197001252 2.0238741864339284681761910178466 0.97519932081462878947775152482791 2.5 1.6948708313088187704664733246318 1.8070145586745329779887470067479 

0.57295999720028767399071512045339 -7.1208027390962964631171416840516 0.30532080451637233498018986210809 -6.970341085760328958542686450528 7.8909394760529210088861873373389 4.5792239153132330287121476430912 -3.2081113292735965458746250078548 0.57295999720028767399071512045339 -7.1208027390962964631171416840516 0.30532080451637233498018986210809 -6.970341085760328958542686450528 7.8909394760529210088861873373389 4.5792239153132330287121476430912 -3.2081113292735965458746250078548 0.57295999720028767399071512045339 -7.1208027390962964631171416840516 0.30532080451637233498018986210809 -6.970341085760328958542686450528 7.8909394760529210088861873373389 4.5792239153132330287121476430912 -3.2081113292735965458746250078548 0.57295999720028767399071512045339 -7.1208027390962964631171416840516 0.30532080451637233498018986210809 -6.970341085760328958542686450528 7.8909394760529210088861873373389 4.5792239153132330287121476430912 -3.2081113292735965458746250078548 0.57295999720028767399071512045339 -7.1208027390962964631171416840516 0.30532080451637233498018986210809 -6.970341085760328958542686450528 7.8909394760529210088861873373389 4.5792239153132330287121476430912 -3.2081113292735965458746250078548 0.57295999720028767399071512045339 -7.1208027390962964631171416840516 0.30532080451637233498018986210809 -6.970341085760328958542686450528 7.8909394760529210088861873373389 4.5792239153132330287121476430912 -3.2081113292735965458746250078548 0.57295999720028767399071512045339 -7.1208027390962964631171416840516 0.30532080451637233498018986210809 -6.970341085760328958542686450528 7.8909394760529210088861873373389 4.5792239153132330287121476430912 -3.2081113292735965458746250078548 

1 1 1 1 1 1 1 1 1 1 1 1 1 1 1 1 1 1 1 1 1 1 1 1 1 1 1 1 1 1 1 1 1 1 1 1 1 1 1 1 1 1 1 1 1 1 1 1 1 

-0.57295999720028767399071512045339 7.1208027390962964631171416840516 -0.30532080451637233498018986210809 6.970341085760328958542686450528 -7.8909394760529210088861873373389 -4.5792239153132330287121476430912 3.2081113292735965458746250078548 -0.57295999720028767399071512045339 7.1208027390962964631171416840516 -0.30532080451637233498018986210809 6.970341085760328958542686450528 -7.8909394760529210088861873373389 -4.5792239153132330287121476430912 3.2081113292735965458746250078548 -0.57295999720028767399071512045339 7.1208027390962964631171416840516 -0.30532080451637233498018986210809 6.970341085760328958542686450528 -7.8909394760529210088861873373389 -4.5792239153132330287121476430912 3.2081113292735965458746250078548 -0.57295999720028767399071512045339 7.1208027390962964631171416840516 -0.30532080451637233498018986210809 6.970341085760328958542686450528 -7.8909394760529210088861873373389 -4.5792239153132330287121476430912 3.2081113292735965458746250078548 -0.57295999720028767399071512045339 7.1208027390962964631171416840516 -0.30532080451637233498018986210809 6.970341085760328958542686450528 -7.8909394760529210088861873373389 -4.5792239153132330287121476430912 3.2081113292735965458746250078548 -0.57295999720028767399071512045339 7.1208027390962964631171416840516 -0.30532080451637233498018986210809 6.970341085760328958542686450528 -7.8909394760529210088861873373389 -4.5792239153132330287121476430912 3.2081113292735965458746250078548 -0.57295999720028767399071512045339 7.1208027390962964631171416840516 -0.30532080451637233498018986210809 6.970341085760328958542686450528 -7.8909394760529210088861873373389 -4.5792239153132330287121476430912 3.2081113292735965458746250078548 

2  1 6.6822932346223069544066675007343  3 -13.71799385986729191699851071462  
2  2 5.1252199561328843913088348926976  1 14.145607530389444406182519742288  
2  3 -2.5302261896934949980675355618587  2 15  
5  4 8.4959329712181350657829170813784  2 -5.7952287194718969942641706438735  6 10.438164421066767673096364887897  7 -7.2981723007903473998680965451058  14 7.6917575724002986703453643713146  
2  5 -7.8848787140463887368468931526877  1 -9.7463287540977372458428362733684  
2  6 0.45207811371653339183040998250362  5 -14.866311356001977728169549664017  
2  7 2.0954768075794079074114506511251  5 -5.3033647483251593612862961890642  
2  8 6.6822932346223069544066675007343  10 -13.71799385986729191699851071462  
2  9 5.1252199561328843913088348926976  8 14.145607530389444406182519742288  
2  10 -2.5302261896934949980675355618587  9 15  
6  3 -3.9090144741645160841869710566243  11 8.4959329712181350657829170813784  9 -5.7952287194718969942641706438735  13 10.438164421066767673096364887897  14 -7.2981723007903473998680965451058  21 7.6917575724002986703453643713146  
2  12 -7.8848787140463887368468931526877  8 -9.7463287540977372458428362733684  
2  13 0.45207811371653339183040998250362  12 -14.866311356001977728169549664017  
2  14 2.0954768075794079074114506511251  12 -5.3033647483251593612862961890642  
2  15 6.6822932346223069544066675007343  17 -13.71799385986729191699851071462  
2  16 5.1252199561328843913088348926976  15 14.145607530389444406182519742288  
2  17 -2.5302261896934949980675355618587  16 15  
6  10 -3.9090144741645160841869710566243  18 8.4959329712181350657829170813784  16 -5.7952287194718969942641706438735  20 10.438164421066767673096364887897  21 -7.2981723007903473998680965451058  28 7.6917575724002986703453643713146  
2  19 -7.8848787140463887368468931526877  15 -9.7463287540977372458428362733684  
2  20 0.45207811371653339183040998250362  19 -14.866311356001977728169549664017  
2  21 2.0954768075794079074114506511251  19 -5.3033647483251593612862961890642  
2  22 6.6822932346223069544066675007343  24 -13.71799385986729191699851071462  
2  23 5.1252199561328843913088348926976  22 14.145607530389444406182519742288  
2  24 -2.5302261896934949980675355618587  23 15  
6  17 -3.9090144741645160841869710566243  25 8.4959329712181350657829170813784  23 -5.7952287194718969942641706438735  27 10.438164421066767673096364887897  28 -7.2981723007903473998680965451058  35 7.6917575724002986703453643713146  
2  26 -7.8848787140463887368468931526877  22 -9.7463287540977372458428362733684  
2  27 0.45207811371653339183040998250362  26 -14.866311356001977728169549664017  
2  28 2.0954768075794079074114506511251  26 -5.3033647483251593612862961890642  
2  29 6.6822932346223069544066675007343  31 -13.71799385986729191699851071462  
2  30 5.1252199561328843913088348926976  29 14.145607530389444406182519742288  
2  31 -2.5302261896934949980675355618587  30 15  
6  24 -3.9090144741645160841869710566243  32 8.4959329712181350657829170813784  30 -5.7952287194718969942641706438735  34 10.438164421066767673096364887897  35 -7.2981723007903473998680965451058  42 7.6917575724002986703453643713146  
2  33 -7.8848787140463887368468931526877  29 -9.7463287540977372458428362733684  
2  34 0.45207811371653339183040998250362  33 -14.866311356001977728169549664017  
2  35 2.0954768075794079074114506511251  33 -5.3033647483251593612862961890642  
2  36 6.6822932346223069544066675007343  38 -13.71799385986729191699851071462  
2  37 5.1252199561328843913088348926976  36 14.145607530389444406182519742288  
2  38 -2.5302261896934949980675355618587  37 15  
6  31 -3.9090144741645160841869710566243  39 8.4959329712181350657829170813784  37 -5.7952287194718969942641706438735  41 10.438164421066767673096364887897  42 -7.2981723007903473998680965451058  49 7.6917575724002986703453643713146  
2  40 -7.8848787140463887368468931526877  36 -9.7463287540977372458428362733684  
2  41 0.45207811371653339183040998250362  40 -14.866311356001977728169549664017  
2  42 2.0954768075794079074114506511251  40 -5.3033647483251593612862961890642  
2  43 6.6822932346223069544066675007343  45 -13.71799385986729191699851071462  
2  44 5.1252199561328843913088348926976  43 14.145607530389444406182519742288  
2  45 -2.5302261896934949980675355618587  44 15  
5  38 -3.9090144741645160841869710566243  46 8.4959329712181350657829170813784  44 -5.7952287194718969942641706438735  48 10.438164421066767673096364887897  49 -7.2981723007903473998680965451058  
2  47 -7.8848787140463887368468931526877  43 -9.7463287540977372458428362733684  
2  48 0.45207811371653339183040998250362  47 -14.866311356001977728169549664017  
2  49 2.0954768075794079074114506511251  47 -5.3033647483251593612862961890642  

1  14 0.56337771282817372675566502948641  
1  8 0.19307657758353458099520594259957  
0  
1  5 1.7101984289500460345578858323279  
1  4 1.7101984289500460345578858323279  
1  10 1.9366918739393743642551726225065  
0  
2  2 0.19307657758353458099520594259957  21 0.56337771282817372675566502948641  
1  15 0.19307657758353458099520594259957  
1  6 1.9366918739393743642551726225065  
1  12 1.7101984289500460345578858323279  
1  11 1.7101984289500460345578858323279  
1  17 1.9366918739393743642551726225065  
1  1 0.56337771282817372675566502948641  
2  9 0.19307657758353458099520594259957  28 0.56337771282817372675566502948641  
1  22 0.19307657758353458099520594259957  
1  13 1.9366918739393743642551726225065  
1  19 1.7101984289500460345578858323279  
1  18 1.7101984289500460345578858323279  
1  24 1.9366918739393743642551726225065  
1  8 0.56337771282817372675566502948641  
2  16 0.19307657758353458099520594259957  35 0.56337771282817372675566502948641  
1  29 0.19307657758353458099520594259957  
1  20 1.9366918739393743642551726225065  
1  26 1.7101984289500460345578858323279  
1  25 1.7101984289500460345578858323279  
1  31 1.9366918739393743642551726225065  
1  15 0.56337771282817372675566502948641  
2  23 0.19307657758353458099520594259957  42 0.56337771282817372675566502948641  
1  36 0.19307657758353458099520594259957  
1  27 1.9366918739393743642551726225065  
1  33 1.7101984289500460345578858323279  
1  32 1.7101984289500460345578858323279  
1  38 1.9366918739393743642551726225065  
1  22 0.56337771282817372675566502948641  
2  30 0.19307657758353458099520594259957  49 0.56337771282817372675566502948641  
1  43 0.19307657758353458099520594259957  
1  34 1.9366918739393743642551726225065  
1  40 1.7101984289500460345578858323279  
1  39 1.7101984289500460345578858323279  
1  45 1.9366918739393743642551726225065  
1  29 0.56337771282817372675566502948641  
1  37 0.19307657758353458099520594259957  
0  
1  41 1.9366918739393743642551726225065  
1  47 1.7101984289500460345578858323279  
1  46 1.7101984289500460345578858323279  
0  
1  36 0.56337771282817372675566502948641  
