49 9 6

0.10000000000000008881784197001252 0.1051776216668018903988013335038 1.9382579071045247243176845586277 0.31415970239086166149178325213143 1.3386047506930569550576137771714 0.75697913259538862629227651268593 1.7022564183563511086560993135208 0.10000000000000008881784197001252 0.1051776216668018903988013335038 1.9382579071045247243176845586277 0.31415970239086166149178325213143 1.3386047506930569550576137771714 0.75697913259538862629227651268593 1.7022564183563511086560993135208 0.10000000000000008881784197001252 0.1051776216668018903988013335038 1.9382579071045247243176845586277 0.31415970239086166149178325213143 1.3386047506930569550576137771714 0.75697913259538862629227651268593 1.7022564183563511086560993135208 0.10000000000000008881784197001252 0.1051776216668018903988013335038 1.9382579071045247243176845586277 0.31415970239086166149178325213143 1.3386047506930569550576137771714 0.75697913259538862629227651268593 1.7022564183563511086560993135208 0.10000000000000008881784197001252 0.1051776216668018903988013335038 1.9382579071045247243176845586277 0.31415970239086166149178325213143 1.3386047506930569550576137771714 0.75697913259538862629227651268593 1.7022564183563511086560993135208 0.10000000000000008881784197001252 0.1051776216668018903988013335038 1.9382579071045247243176845586277 0.31415970239086166149178325213143 1.3386047506930569550576137771714 0.75697913259538862629227651268593 1.7022564183563511086560993135208 0.10000000000000008881784197001252 0.1051776216668018903988013335038 1.9382579071045247243176845586277 0.31415970239086166149178325213143 1.3386047506930569550576137771714 0.75697913259538862629227651268593 1.7022564183563511086560993135208 

4.440259299326624997661383531522 3.2651641791661498714915978780482 7.7175444947912890114594119950198 7.8412759654674353271275322185829 4.5980883309604365649647661484778 8.0552403372147285409710093517788 8.339788938256059935838493402116 4.440259299326624997661383531522 3.2651641791661498714915978780482 7.7175444947912890114594119950198 7.8412759654674353271275322185829 4.5980883309604365649647661484778 8.0552403372147285409710093517788 8.339788938256059935838493402116 4.440259299326624997661383531522 3.2651641791661498714915978780482 7.7175444947912890114594119950198 7.8412759654674353271275322185829 4.5980883309604365649647661484778 8.0552403372147285409710093517788 8.339788938256059935838493402116 4.440259299326624997661383531522 3.2651641791661498714915978780482 7.7175444947912890114594119950198 7.8412759654674353271275322185829 4.5980883309604365649647661484778 8.0552403372147285409710093517788 8.339788938256059935838493402116 4.440259299326624997661383531522 3.2651641791661498714915978780482 7.7175444947912890114594119950198 7.8412759654674353271275322185829 4.5980883309604365649647661484778 8.0552403372147285409710093517788 8.339788938256059935838493402116 4.440259299326624997661383531522 3.2651641791661498714915978780482 7.7175444947912890114594119950198 7.8412759654674353271275322185829 4.5980883309604365649647661484778 8.0552403372147285409710093517788 8.339788938256059935838493402116 4.440259299326624997661383531522 3.2651641791661498714915978780482 7.7175444947912890114594119950198 7.8412759654674353271275322185829 4.5980883309604365649647661484778 8.0552403372147285409710093517788 8.339788938256059935838493402116 

1 1 1 1 1 1 1 1 1 1 1 1 1 1 1 1 1 1 1 1 1 1 1 1 1 1 1 1 1 1 1 1 1 1 1 1 1 1 1 1 1 1 1 1 1 1 1 1 1 

-4.440259299326624997661383531522 -3.2651641791661498714915978780482 -7.7175444947912890114594119950198 -7.8412759654674353271275322185829 -4.5980883309604365649647661484778 -8.0552403372147285409710093517788 -8.339788938256059935838493402116 -4.440259299326624997661383531522 -3.2651641791661498714915978780482 -7.7175444947912890114594119950198 -7.8412759654674353271275322185829 -4.5980883309604365649647661484778 -8.0552403372147285409710093517788 -8.339788938256059935838493402116 -4.440259299326624997661383531522 -3.2651641791661498714915978780482 -7.7175444947912890114594119950198 -7.8412759654674353271275322185829 -4.5980883309604365649647661484778 -8.0552403372147285409710093517788 -8.339788938256059935838493402116 -4.440259299326624997661383531522 -3.2651641791661498714915978780482 -7.7175444947912890114594119950198 -7.8412759654674353271275322185829 -4.5980883309604365649647661484778 -8.0552403372147285409710093517788 -8.339788938256059935838493402116 -4.440259299326624997661383531522 -3.2651641791661498714915978780482 -7.7175444947912890114594119950198 -7.8412759654674353271275322185829 -4.5980883309604365649647661484778 -8.0552403372147285409710093517788 -8.339788938256059935838493402116 -4.440259299326624997661383531522 -3.2651641791661498714915978780482 -7.7175444947912890114594119950198 -7.8412759654674353271275322185829 -4.5980883309604365649647661484778 -8.0552403372147285409710093517788 -8.339788938256059935838493402116 -4.440259299326624997661383531522 -3.2651641791661498714915978780482 -7.7175444947912890114594119950198 -7.8412759654674353271275322185829 -4.5980883309604365649647661484778 -8.0552403372147285409710093517788 -8.339788938256059935838493402116 

2  1 7.1863520550004409415123518556356  3 -11.830511174003369490037584910169  
2  2 9.482201544600229681236669421196  1 -10.844523512021888578260586655233  
2  3 -0.87469440447929092119494498547283  2 -14.87976486401895215294644003734  
5  4 -13.6989820025670105962944944622  2 -9.4266829869998538526942866155878  6 -8.1792398703859827691076134215109  7 10.897913100717506296177816693671  14 -0.065928516608045120706016462008847  
2  5 -4.1957240799603221503843997197691  1 -4.3415310203488255424986164143775  
2  6 -9.1260206108334855912289640400559  5 -10.296804886327933559186931233853  
2  7 0.1922042402646366998641980217144  5 -2.0439143575707556799159192451043  
2  8 7.1863520550004409415123518556356  10 -11.830511174003369490037584910169  
2  9 9.482201544600229681236669421196  8 -10.844523512021888578260586655233  
2  10 -0.87469440447929092119494498547283  9 -14.87976486401895215294644003734  
6  3 10.814392556605675110859010601416  11 -13.6989820025670105962944944622  9 -9.4266829869998538526942866155878  13 -8.1792398703859827691076134215109  14 10.897913100717506296177816693671  21 -0.065928516608045120706016462008847  
2  12 -4.1957240799603221503843997197691  8 -4.3415310203488255424986164143775  
2  13 -9.1260206108334855912289640400559  12 -10.296804886327933559186931233853  
2  14 0.1922042402646366998641980217144  12 -2.0439143575707556799159192451043  
2  15 7.1863520550004409415123518556356  17 -11.830511174003369490037584910169  
2  16 9.482201544600229681236669421196  15 -10.844523512021888578260586655233  
2  17 -0.87469440447929092119494498547283  16 -14.87976486401895215294644003734  
6  10 10.814392556605675110859010601416  18 -13.6989820025670105962944944622  16 -9.4266829869998538526942866155878  20 -8.1792398703859827691076134215109  21 10.897913100717506296177816693671  28 -0.065928516608045120706016462008847  
2  19 -4.1957240799603221503843997197691  15 -4.3415310203488255424986164143775  
2  20 -9.1260206108334855912289640400559  19 -10.296804886327933559186931233853  
2  21 0.1922042402646366998641980217144  19 -2.0439143575707556799159192451043  
2  22 7.1863520550004409415123518556356  24 -11.830511174003369490037584910169  
2  23 9.482201544600229681236669421196  22 -10.844523512021888578260586655233  
2  24 -0.87469440447929092119494498547283  23 -14.87976486401895215294644003734  
6  17 10.814392556605675110859010601416  25 -13.6989820025670105962944944622  23 -9.4266829869998538526942866155878  27 -8.1792398703859827691076134215109  28 10.897913100717506296177816693671  35 -0.065928516608045120706016462008847  
2  26 -4.1957240799603221503843997197691  22 -4.3415310203488255424986164143775  
2  27 -9.1260206108334855912289640400559  26 -10.296804886327933559186931233853  
2  28 0.1922042402646366998641980217144  26 -2.0439143575707556799159192451043  
2  29 7.1863520550004409415123518556356  31 -11.830511174003369490037584910169  
2  30 9.482201544600229681236669421196  29 -10.844523512021888578260586655233  
2  31 -0.87469440447929092119494498547283  30 -14.87976486401895215294644003734  
6  24 10.814392556605675110859010601416  32 -13.6989820025670105962944944622  30 -9.4266829869998538526942866155878  34 -8.1792398703859827691076134215109  35 10.897913100717506296177816693671  42 -0.065928516608045120706016462008847  
2  33 -4.1957240799603221503843997197691  29 -4.3415310203488255424986164143775  
2  34 -9.1260206108334855912289640400559  33 -10.296804886327933559186931233853  
2  35 0.1922042402646366998641980217144  33 -2.0439143575707556799159192451043  
2  36 7.1863520550004409415123518556356  38 -11.830511174003369490037584910169  
2  37 9.482201544600229681236669421196  36 -10.844523512021888578260586655233  
2  38 -0.87469440447929092119494498547283  37 -14.87976486401895215294644003734  
6  31 10.814392556605675110859010601416  39 -13.6989820025670105962944944622  37 -9.4266829869998538526942866155878  41 -8.1792398703859827691076134215109  42 10.897913100717506296177816693671  49 -0.065928516608045120706016462008847  
2  40 -4.1957240799603221503843997197691  36 -4.3415310203488255424986164143775  
2  41 -9.1260206108334855912289640400559  40 -10.296804886327933559186931233853  
2  42 0.1922042402646366998641980217144  40 -2.0439143575707556799159192451043  
2  43 7.1863520550004409415123518556356  45 -11.830511174003369490037584910169  
2  44 9.482201544600229681236669421196  43 -10.844523512021888578260586655233  
2  45 -0.87469440447929092119494498547283  44 -14.87976486401895215294644003734  
5  38 10.814392556605675110859010601416  46 -13.6989820025670105962944944622  44 -9.4266829869998538526942866155878  48 -8.1792398703859827691076134215109  49 10.897913100717506296177816693671  
2  47 -4.1957240799603221503843997197691  43 -4.3415310203488255424986164143775  
2  48 -9.1260206108334855912289640400559  47 -10.296804886327933559186931233853  
2  49 0.1922042402646366998641980217144  47 -2.0439143575707556799159192451043  

1  14 0.0056468922916684816115662215452176  
1  8 1.5960266183237266091055062133819  
0  
1  5 1.7943798205272294410406175302342  
1  4 1.7943798205272294410406175302342  
1  10 1.9652827878907448422296511125751  
0  
2  2 1.5960266183237266091055062133819  21 0.0056468922916684816115662215452176  
1  15 1.5960266183237266091055062133819  
1  6 1.9652827878907448422296511125751  
1  12 1.7943798205272294410406175302342  
1  11 1.7943798205272294410406175302342  
1  17 1.9652827878907448422296511125751  
1  1 0.0056468922916684816115662215452176  
2  9 1.5960266183237266091055062133819  28 0.0056468922916684816115662215452176  
1  22 1.5960266183237266091055062133819  
1  13 1.9652827878907448422296511125751  
1  19 1.7943798205272294410406175302342  
1  18 1.7943798205272294410406175302342  
1  24 1.9652827878907448422296511125751  
1  8 0.0056468922916684816115662215452176  
2  16 1.5960266183237266091055062133819  35 0.0056468922916684816115662215452176  
1  29 1.5960266183237266091055062133819  
1  20 1.9652827878907448422296511125751  
1  26 1.7943798205272294410406175302342  
1  25 1.7943798205272294410406175302342  
1  31 1.9652827878907448422296511125751  
1  15 0.0056468922916684816115662215452176  
2  23 1.5960266183237266091055062133819  42 0.0056468922916684816115662215452176  
1  36 1.5960266183237266091055062133819  
1  27 1.9652827878907448422296511125751  
1  33 1.7943798205272294410406175302342  
1  32 1.7943798205272294410406175302342  
1  38 1.9652827878907448422296511125751  
1  22 0.0056468922916684816115662215452176  
2  30 1.5960266183237266091055062133819  49 0.0056468922916684816115662215452176  
1  43 1.5960266183237266091055062133819  
1  34 1.9652827878907448422296511125751  
1  40 1.7943798205272294410406175302342  
1  39 1.7943798205272294410406175302342  
1  45 1.9652827878907448422296511125751  
1  29 0.0056468922916684816115662215452176  
1  37 1.5960266183237266091055062133819  
0  
1  41 1.9652827878907448422296511125751  
1  47 1.7943798205272294410406175302342  
1  46 1.7943798205272294410406175302342  
0  
1  36 0.0056468922916684816115662215452176  
