49 9 6

0.36641562712035458115877872842248 2.4779955835093820937231612333562 0.80099974259663686559918005514191 0.18475845174575145080098081962205 0.2469389401545951656657962303143 0.89859568291409042117834360396955 1.5029050839706523667871351790382 0.36641562712035458115877872842248 2.4779955835093820937231612333562 0.80099974259663686559918005514191 0.18475845174575145080098081962205 0.2469389401545951656657962303143 0.89859568291409042117834360396955 1.5029050839706523667871351790382 0.36641562712035458115877872842248 2.4779955835093820937231612333562 0.80099974259663686559918005514191 0.18475845174575145080098081962205 0.2469389401545951656657962303143 0.89859568291409042117834360396955 1.5029050839706523667871351790382 0.36641562712035458115877872842248 2.4779955835093820937231612333562 0.80099974259663686559918005514191 0.18475845174575145080098081962205 0.2469389401545951656657962303143 0.89859568291409042117834360396955 1.5029050839706523667871351790382 0.36641562712035458115877872842248 2.4779955835093820937231612333562 0.80099974259663686559918005514191 0.18475845174575145080098081962205 0.2469389401545951656657962303143 0.89859568291409042117834360396955 1.5029050839706523667871351790382 0.36641562712035458115877872842248 2.4779955835093820937231612333562 0.80099974259663686559918005514191 0.18475845174575145080098081962205 0.2469389401545951656657962303143 0.89859568291409042117834360396955 1.5029050839706523667871351790382 0.36641562712035458115877872842248 2.4779955835093820937231612333562 0.80099974259663686559918005514191 0.18475845174575145080098081962205 0.2469389401545951656657962303143 0.89859568291409042117834360396955 1.5029050839706523667871351790382 

5.6227402539033422002034967590589 11.014643606088023730649183562491 7.2743581975995486033070847042836 7.7428511177447507662918724236079 9.3780110766240376563018799060956 -6.187887278039931437945142533863 -9.6968832197378560522338375449181 5.6227402539033422002034967590589 11.014643606088023730649183562491 7.2743581975995486033070847042836 7.7428511177447507662918724236079 9.3780110766240376563018799060956 -6.187887278039931437945142533863 -9.6968832197378560522338375449181 5.6227402539033422002034967590589 11.014643606088023730649183562491 7.2743581975995486033070847042836 7.7428511177447507662918724236079 9.3780110766240376563018799060956 -6.187887278039931437945142533863 -9.6968832197378560522338375449181 5.6227402539033422002034967590589 11.014643606088023730649183562491 7.2743581975995486033070847042836 7.7428511177447507662918724236079 9.3780110766240376563018799060956 -6.187887278039931437945142533863 -9.6968832197378560522338375449181 5.6227402539033422002034967590589 11.014643606088023730649183562491 7.2743581975995486033070847042836 7.7428511177447507662918724236079 9.3780110766240376563018799060956 -6.187887278039931437945142533863 -9.6968832197378560522338375449181 5.6227402539033422002034967590589 11.014643606088023730649183562491 7.2743581975995486033070847042836 7.7428511177447507662918724236079 9.3780110766240376563018799060956 -6.187887278039931437945142533863 -9.6968832197378560522338375449181 5.6227402539033422002034967590589 11.014643606088023730649183562491 7.2743581975995486033070847042836 7.7428511177447507662918724236079 9.3780110766240376563018799060956 -6.187887278039931437945142533863 -9.6968832197378560522338375449181 

1 1 1 1 1 1 1 1 1 1 1 1 1 1 1 1 1 1 1 1 1 1 1 1 1 1 1 1 1 1 1 1 1 1 1 1 1 1 1 1 1 1 1 1 1 1 1 1 1 

-5.6227402539033422002034967590589 -11.014643606088023730649183562491 -7.2743581975995486033070847042836 -7.7428511177447507662918724236079 -9.3780110766240376563018799060956 6.187887278039931437945142533863 9.6968832197378560522338375449181 -5.6227402539033422002034967590589 -11.014643606088023730649183562491 -7.2743581975995486033070847042836 -7.7428511177447507662918724236079 -9.3780110766240376563018799060956 6.187887278039931437945142533863 9.6968832197378560522338375449181 -5.6227402539033422002034967590589 -11.014643606088023730649183562491 -7.2743581975995486033070847042836 -7.7428511177447507662918724236079 -9.3780110766240376563018799060956 6.187887278039931437945142533863 9.6968832197378560522338375449181 -5.6227402539033422002034967590589 -11.014643606088023730649183562491 -7.2743581975995486033070847042836 -7.7428511177447507662918724236079 -9.3780110766240376563018799060956 6.187887278039931437945142533863 9.6968832197378560522338375449181 -5.6227402539033422002034967590589 -11.014643606088023730649183562491 -7.2743581975995486033070847042836 -7.7428511177447507662918724236079 -9.3780110766240376563018799060956 6.187887278039931437945142533863 9.6968832197378560522338375449181 -5.6227402539033422002034967590589 -11.014643606088023730649183562491 -7.2743581975995486033070847042836 -7.7428511177447507662918724236079 -9.3780110766240376563018799060956 6.187887278039931437945142533863 9.6968832197378560522338375449181 -5.6227402539033422002034967590589 -11.014643606088023730649183562491 -7.2743581975995486033070847042836 -7.7428511177447507662918724236079 -9.3780110766240376563018799060956 6.187887278039931437945142533863 9.6968832197378560522338375449181 

2  1 -1.338515582507268764089758406044  3 -4.5155532760829197869156814704183  
2  2 -6.8668476189816303190127655398101  1 -13.326155927939810297289113805164  
2  3 7.0785654706788498913283547153696  2 -13.951373772186563826380734099075  
5  4 -5.1511569633129470346943890035618  2 -8.4091688680054250681905614328571  6 10.173704210294729932684276718646  7 10.27425139214100013873576244805  14 -8.2718368850830348293357019429095  
2  5 -11.999036509131387973070559382904  1 -6.9816712070986017835139136877842  
2  6 4.9867530389796765888377194642089  5 -3.4543482907910574297716266300995  
2  7 4.6961135438927321672508696792647  5 -14.999335670718368263010233931709  
2  8 -1.338515582507268764089758406044  10 -4.5155532760829197869156814704183  
2  9 -6.8668476189816303190127655398101  8 -13.326155927939810297289113805164  
2  10 7.0785654706788498913283547153696  9 -13.951373772186563826380734099075  
6  3 3.7717714214581214982047185912961  11 -5.1511569633129470346943890035618  9 -8.4091688680054250681905614328571  13 10.173704210294729932684276718646  14 10.27425139214100013873576244805  21 -8.2718368850830348293357019429095  
2  12 -11.999036509131387973070559382904  8 -6.9816712070986017835139136877842  
2  13 4.9867530389796765888377194642089  12 -3.4543482907910574297716266300995  
2  14 4.6961135438927321672508696792647  12 -14.999335670718368263010233931709  
2  15 -1.338515582507268764089758406044  17 -4.5155532760829197869156814704183  
2  16 -6.8668476189816303190127655398101  15 -13.326155927939810297289113805164  
2  17 7.0785654706788498913283547153696  16 -13.951373772186563826380734099075  
6  10 3.7717714214581214982047185912961  18 -5.1511569633129470346943890035618  16 -8.4091688680054250681905614328571  20 10.173704210294729932684276718646  21 10.27425139214100013873576244805  28 -8.2718368850830348293357019429095  
2  19 -11.999036509131387973070559382904  15 -6.9816712070986017835139136877842  
2  20 4.9867530389796765888377194642089  19 -3.4543482907910574297716266300995  
2  21 4.6961135438927321672508696792647  19 -14.999335670718368263010233931709  
2  22 -1.338515582507268764089758406044  24 -4.5155532760829197869156814704183  
2  23 -6.8668476189816303190127655398101  22 -13.326155927939810297289113805164  
2  24 7.0785654706788498913283547153696  23 -13.951373772186563826380734099075  
6  17 3.7717714214581214982047185912961  25 -5.1511569633129470346943890035618  23 -8.4091688680054250681905614328571  27 10.173704210294729932684276718646  28 10.27425139214100013873576244805  35 -8.2718368850830348293357019429095  
2  26 -11.999036509131387973070559382904  22 -6.9816712070986017835139136877842  
2  27 4.9867530389796765888377194642089  26 -3.4543482907910574297716266300995  
2  28 4.6961135438927321672508696792647  26 -14.999335670718368263010233931709  
2  29 -1.338515582507268764089758406044  31 -4.5155532760829197869156814704183  
2  30 -6.8668476189816303190127655398101  29 -13.326155927939810297289113805164  
2  31 7.0785654706788498913283547153696  30 -13.951373772186563826380734099075  
6  24 3.7717714214581214982047185912961  32 -5.1511569633129470346943890035618  30 -8.4091688680054250681905614328571  34 10.173704210294729932684276718646  35 10.27425139214100013873576244805  42 -8.2718368850830348293357019429095  
2  33 -11.999036509131387973070559382904  29 -6.9816712070986017835139136877842  
2  34 4.9867530389796765888377194642089  33 -3.4543482907910574297716266300995  
2  35 4.6961135438927321672508696792647  33 -14.999335670718368263010233931709  
2  36 -1.338515582507268764089758406044  38 -4.5155532760829197869156814704183  
2  37 -6.8668476189816303190127655398101  36 -13.326155927939810297289113805164  
2  38 7.0785654706788498913283547153696  37 -13.951373772186563826380734099075  
6  31 3.7717714214581214982047185912961  39 -5.1511569633129470346943890035618  37 -8.4091688680054250681905614328571  41 10.173704210294729932684276718646  42 10.27425139214100013873576244805  49 -8.2718368850830348293357019429095  
2  40 -11.999036509131387973070559382904  36 -6.9816712070986017835139136877842  
2  41 4.9867530389796765888377194642089  40 -3.4543482907910574297716266300995  
2  42 4.6961135438927321672508696792647  40 -14.999335670718368263010233931709  
2  43 -1.338515582507268764089758406044  45 -4.5155532760829197869156814704183  
2  44 -6.8668476189816303190127655398101  43 -13.326155927939810297289113805164  
2  45 7.0785654706788498913283547153696  44 -13.951373772186563826380734099075  
5  38 3.7717714214581214982047185912961  46 -5.1511569633129470346943890035618  44 -8.4091688680054250681905614328571  48 10.173704210294729932684276718646  49 10.27425139214100013873576244805  
2  47 -11.999036509131387973070559382904  43 -6.9816712070986017835139136877842  
2  48 4.9867530389796765888377194642089  47 -3.4543482907910574297716266300995  
2  49 4.6961135438927321672508696792647  47 -14.999335670718368263010233931709  

1  14 1.3286500025886969211796895251609  
1  8 1.4756550996188197988345791600295  
0  
1  5 1.0039383948228213228048844030127  
1  4 1.0039383948228213228048844030127  
1  10 1.3489231927625000562187551622628  
0  
2  2 1.4756550996188197988345791600295  21 1.3286500025886969211796895251609  
1  15 1.4756550996188197988345791600295  
1  6 1.3489231927625000562187551622628  
1  12 1.0039383948228213228048844030127  
1  11 1.0039383948228213228048844030127  
1  17 1.3489231927625000562187551622628  
1  1 1.3286500025886969211796895251609  
2  9 1.4756550996188197988345791600295  28 1.3286500025886969211796895251609  
1  22 1.4756550996188197988345791600295  
1  13 1.3489231927625000562187551622628  
1  19 1.0039383948228213228048844030127  
1  18 1.0039383948228213228048844030127  
1  24 1.3489231927625000562187551622628  
1  8 1.3286500025886969211796895251609  
2  16 1.4756550996188197988345791600295  35 1.3286500025886969211796895251609  
1  29 1.4756550996188197988345791600295  
1  20 1.3489231927625000562187551622628  
1  26 1.0039383948228213228048844030127  
1  25 1.0039383948228213228048844030127  
1  31 1.3489231927625000562187551622628  
1  15 1.3286500025886969211796895251609  
2  23 1.4756550996188197988345791600295  42 1.3286500025886969211796895251609  
1  36 1.4756550996188197988345791600295  
1  27 1.3489231927625000562187551622628  
1  33 1.0039383948228213228048844030127  
1  32 1.0039383948228213228048844030127  
1  38 1.3489231927625000562187551622628  
1  22 1.3286500025886969211796895251609  
2  30 1.4756550996188197988345791600295  49 1.3286500025886969211796895251609  
1  43 1.4756550996188197988345791600295  
1  34 1.3489231927625000562187551622628  
1  40 1.0039383948228213228048844030127  
1  39 1.0039383948228213228048844030127  
1  45 1.3489231927625000562187551622628  
1  29 1.3286500025886969211796895251609  
1  37 1.4756550996188197988345791600295  
0  
1  41 1.3489231927625000562187551622628  
1  47 1.0039383948228213228048844030127  
1  46 1.0039383948228213228048844030127  
0  
1  36 1.3286500025886969211796895251609  
