49 9 6

0.33386661435273301545834101489163 0.75975361525555173969337374728639 1.0608847633312334934885257098358 0.2515008339619198007852673981688 2.3223060042159806570793989521917 0.82121248539284930068049561668886 0.39943098490800854616367132621235 0.33386661435273301545834101489163 0.75975361525555173969337374728639 1.0608847633312334934885257098358 0.2515008339619198007852673981688 2.3223060042159806570793989521917 0.82121248539284930068049561668886 0.39943098490800854616367132621235 0.33386661435273301545834101489163 0.75975361525555173969337374728639 1.0608847633312334934885257098358 0.2515008339619198007852673981688 2.3223060042159806570793989521917 0.82121248539284930068049561668886 0.39943098490800854616367132621235 0.33386661435273301545834101489163 0.75975361525555173969337374728639 1.0608847633312334934885257098358 0.2515008339619198007852673981688 2.3223060042159806570793989521917 0.82121248539284930068049561668886 0.39943098490800854616367132621235 0.33386661435273301545834101489163 0.75975361525555173969337374728639 1.0608847633312334934885257098358 0.2515008339619198007852673981688 2.3223060042159806570793989521917 0.82121248539284930068049561668886 0.39943098490800854616367132621235 0.33386661435273301545834101489163 0.75975361525555173969337374728639 1.0608847633312334934885257098358 0.2515008339619198007852673981688 2.3223060042159806570793989521917 0.82121248539284930068049561668886 0.39943098490800854616367132621235 0.33386661435273301545834101489163 0.75975361525555173969337374728639 1.0608847633312334934885257098358 0.2515008339619198007852673981688 2.3223060042159806570793989521917 0.82121248539284930068049561668886 0.39943098490800854616367132621235 

-7.0552372462284189680303825298324 8.9593438068691639841745200101286 -5.1630533377526734994944490608759 -4.6944875321863879236161665176041 8.1959752252871407307566187228076 -3.4743036560029247894476611691061 -9.0676476044362406270238352590241 -7.0552372462284189680303825298324 8.9593438068691639841745200101286 -5.1630533377526734994944490608759 -4.6944875321863879236161665176041 8.1959752252871407307566187228076 -3.4743036560029247894476611691061 -9.0676476044362406270238352590241 -7.0552372462284189680303825298324 8.9593438068691639841745200101286 -5.1630533377526734994944490608759 -4.6944875321863879236161665176041 8.1959752252871407307566187228076 -3.4743036560029247894476611691061 -9.0676476044362406270238352590241 -7.0552372462284189680303825298324 8.9593438068691639841745200101286 -5.1630533377526734994944490608759 -4.6944875321863879236161665176041 8.1959752252871407307566187228076 -3.4743036560029247894476611691061 -9.0676476044362406270238352590241 -7.0552372462284189680303825298324 8.9593438068691639841745200101286 -5.1630533377526734994944490608759 -4.6944875321863879236161665176041 8.1959752252871407307566187228076 -3.4743036560029247894476611691061 -9.0676476044362406270238352590241 -7.0552372462284189680303825298324 8.9593438068691639841745200101286 -5.1630533377526734994944490608759 -4.6944875321863879236161665176041 8.1959752252871407307566187228076 -3.4743036560029247894476611691061 -9.0676476044362406270238352590241 -7.0552372462284189680303825298324 8.9593438068691639841745200101286 -5.1630533377526734994944490608759 -4.6944875321863879236161665176041 8.1959752252871407307566187228076 -3.4743036560029247894476611691061 -9.0676476044362406270238352590241 

1 1 1 1 1 1 1 1 1 1 1 1 1 1 1 1 1 1 1 1 1 1 1 1 1 1 1 1 1 1 1 1 1 1 1 1 1 1 1 1 1 1 1 1 1 1 1 1 1 

7.0552372462284189680303825298324 -8.9593438068691639841745200101286 5.1630533377526734994944490608759 4.6944875321863879236161665176041 -8.1959752252871407307566187228076 3.4743036560029247894476611691061 9.0676476044362406270238352590241 7.0552372462284189680303825298324 -8.9593438068691639841745200101286 5.1630533377526734994944490608759 4.6944875321863879236161665176041 -8.1959752252871407307566187228076 3.4743036560029247894476611691061 9.0676476044362406270238352590241 7.0552372462284189680303825298324 -8.9593438068691639841745200101286 5.1630533377526734994944490608759 4.6944875321863879236161665176041 -8.1959752252871407307566187228076 3.4743036560029247894476611691061 9.0676476044362406270238352590241 7.0552372462284189680303825298324 -8.9593438068691639841745200101286 5.1630533377526734994944490608759 4.6944875321863879236161665176041 -8.1959752252871407307566187228076 3.4743036560029247894476611691061 9.0676476044362406270238352590241 7.0552372462284189680303825298324 -8.9593438068691639841745200101286 5.1630533377526734994944490608759 4.6944875321863879236161665176041 -8.1959752252871407307566187228076 3.4743036560029247894476611691061 9.0676476044362406270238352590241 7.0552372462284189680303825298324 -8.9593438068691639841745200101286 5.1630533377526734994944490608759 4.6944875321863879236161665176041 -8.1959752252871407307566187228076 3.4743036560029247894476611691061 9.0676476044362406270238352590241 7.0552372462284189680303825298324 -8.9593438068691639841745200101286 5.1630533377526734994944490608759 4.6944875321863879236161665176041 -8.1959752252871407307566187228076 3.4743036560029247894476611691061 9.0676476044362406270238352590241 

2  1 4.2105569518046106480824164464138  3 12.18545466761908002695236064028  
2  2 -0.50289889147854693884909238477121  1 -14.938183579589159322154046094511  
2  3 -4.8116984514679828066618938464671  2 14.842844368131137500199656642508  
5  4 -11.406340690191337117198600026313  2 14.983930755902727938178031763528  6 -14.981481382746940411720970587339  7 4.7790862392248749657142070645932  14 14.511688582337690434087562607601  
2  5 -12.071772606382056736151753284503  1 -14.745779365962514262378135754261  
2  6 5.3229125939984216486777768295724  5 13.618477754652712263805369730107  
2  7 -2.7556258916436009442918475542683  5 0.75798579642906038777994126576232  
2  8 4.2105569518046106480824164464138  10 12.18545466761908002695236064028  
2  9 -0.50289889147854693884909238477121  8 -14.938183579589159322154046094511  
2  10 -4.8116984514679828066618938464671  9 14.842844368131137500199656642508  
6  3 -2.6930994786513826610985233855899  11 -11.406340690191337117198600026313  9 14.983930755902727938178031763528  13 -14.981481382746940411720970587339  14 4.7790862392248749657142070645932  21 14.511688582337690434087562607601  
2  12 -12.071772606382056736151753284503  8 -14.745779365962514262378135754261  
2  13 5.3229125939984216486777768295724  12 13.618477754652712263805369730107  
2  14 -2.7556258916436009442918475542683  12 0.75798579642906038777994126576232  
2  15 4.2105569518046106480824164464138  17 12.18545466761908002695236064028  
2  16 -0.50289889147854693884909238477121  15 -14.938183579589159322154046094511  
2  17 -4.8116984514679828066618938464671  16 14.842844368131137500199656642508  
6  10 -2.6930994786513826610985233855899  18 -11.406340690191337117198600026313  16 14.983930755902727938178031763528  20 -14.981481382746940411720970587339  21 4.7790862392248749657142070645932  28 14.511688582337690434087562607601  
2  19 -12.071772606382056736151753284503  15 -14.745779365962514262378135754261  
2  20 5.3229125939984216486777768295724  19 13.618477754652712263805369730107  
2  21 -2.7556258916436009442918475542683  19 0.75798579642906038777994126576232  
2  22 4.2105569518046106480824164464138  24 12.18545466761908002695236064028  
2  23 -0.50289889147854693884909238477121  22 -14.938183579589159322154046094511  
2  24 -4.8116984514679828066618938464671  23 14.842844368131137500199656642508  
6  17 -2.6930994786513826610985233855899  25 -11.406340690191337117198600026313  23 14.983930755902727938178031763528  27 -14.981481382746940411720970587339  28 4.7790862392248749657142070645932  35 14.511688582337690434087562607601  
2  26 -12.071772606382056736151753284503  22 -14.745779365962514262378135754261  
2  27 5.3229125939984216486777768295724  26 13.618477754652712263805369730107  
2  28 -2.7556258916436009442918475542683  26 0.75798579642906038777994126576232  
2  29 4.2105569518046106480824164464138  31 12.18545466761908002695236064028  
2  30 -0.50289889147854693884909238477121  29 -14.938183579589159322154046094511  
2  31 -4.8116984514679828066618938464671  30 14.842844368131137500199656642508  
6  24 -2.6930994786513826610985233855899  32 -11.406340690191337117198600026313  30 14.983930755902727938178031763528  34 -14.981481382746940411720970587339  35 4.7790862392248749657142070645932  42 14.511688582337690434087562607601  
2  33 -12.071772606382056736151753284503  29 -14.745779365962514262378135754261  
2  34 5.3229125939984216486777768295724  33 13.618477754652712263805369730107  
2  35 -2.7556258916436009442918475542683  33 0.75798579642906038777994126576232  
2  36 4.2105569518046106480824164464138  38 12.18545466761908002695236064028  
2  37 -0.50289889147854693884909238477121  36 -14.938183579589159322154046094511  
2  38 -4.8116984514679828066618938464671  37 14.842844368131137500199656642508  
6  31 -2.6930994786513826610985233855899  39 -11.406340690191337117198600026313  37 14.983930755902727938178031763528  41 -14.981481382746940411720970587339  42 4.7790862392248749657142070645932  49 14.511688582337690434087562607601  
2  40 -12.071772606382056736151753284503  36 -14.745779365962514262378135754261  
2  41 5.3229125939984216486777768295724  40 13.618477754652712263805369730107  
2  42 -2.7556258916436009442918475542683  40 0.75798579642906038777994126576232  
2  43 4.2105569518046106480824164464138  45 12.18545466761908002695236064028  
2  44 -0.50289889147854693884909238477121  43 -14.938183579589159322154046094511  
2  45 -4.8116984514679828066618938464671  44 14.842844368131137500199656642508  
5  38 -2.6930994786513826610985233855899  46 -11.406340690191337117198600026313  44 14.983930755902727938178031763528  48 -14.981481382746940411720970587339  49 4.7790862392248749657142070645932  
2  47 -12.071772606382056736151753284503  43 -14.745779365962514262378135754261  
2  48 5.3229125939984216486777768295724  47 13.618477754652712263805369730107  
2  49 -2.7556258916436009442918475542683  47 0.75798579642906038777994126576232  

1  14 0.020521817698841648969221296283649  
1  8 0  
0  
1  5 1.9101587620927140687143719333108  
1  4 1.9101587620927140687143719333108  
1  10 1.9714384830789279945406633487437  
0  
2  2 0  21 0.020521817698841648969221296283649  
1  15 0  
1  6 1.9714384830789279945406633487437  
1  12 1.9101587620927140687143719333108  
1  11 1.9101587620927140687143719333108  
1  17 1.9714384830789279945406633487437  
1  1 0.020521817698841648969221296283649  
2  9 0  28 0.020521817698841648969221296283649  
1  22 0  
1  13 1.9714384830789279945406633487437  
1  19 1.9101587620927140687143719333108  
1  18 1.9101587620927140687143719333108  
1  24 1.9714384830789279945406633487437  
1  8 0.020521817698841648969221296283649  
2  16 0  35 0.020521817698841648969221296283649  
1  29 0  
1  20 1.9714384830789279945406633487437  
1  26 1.9101587620927140687143719333108  
1  25 1.9101587620927140687143719333108  
1  31 1.9714384830789279945406633487437  
1  15 0.020521817698841648969221296283649  
2  23 0  42 0.020521817698841648969221296283649  
1  36 0  
1  27 1.9714384830789279945406633487437  
1  33 1.9101587620927140687143719333108  
1  32 1.9101587620927140687143719333108  
1  38 1.9714384830789279945406633487437  
1  22 0.020521817698841648969221296283649  
2  30 0  49 0.020521817698841648969221296283649  
1  43 0  
1  34 1.9714384830789279945406633487437  
1  40 1.9101587620927140687143719333108  
1  39 1.9101587620927140687143719333108  
1  45 1.9714384830789279945406633487437  
1  29 0.020521817698841648969221296283649  
1  37 0  
0  
1  41 1.9714384830789279945406633487437  
1  47 1.9101587620927140687143719333108  
1  46 1.9101587620927140687143719333108  
0  
1  36 0.020521817698841648969221296283649  
