49 9 6

0.1829148159287843355969016556628 0.56562395052151015484298568480881 1.2413786744633490410905096723582 1.0681677392573345475312862618011 0.6331107038367919104260295171116 0.15985232612357602732799932709895 0.22783523741606437340578850125894 0.1829148159287843355969016556628 0.56562395052151015484298568480881 1.2413786744633490410905096723582 1.0681677392573345475312862618011 0.6331107038367919104260295171116 0.15985232612357602732799932709895 0.22783523741606437340578850125894 0.1829148159287843355969016556628 0.56562395052151015484298568480881 1.2413786744633490410905096723582 1.0681677392573345475312862618011 0.6331107038367919104260295171116 0.15985232612357602732799932709895 0.22783523741606437340578850125894 0.1829148159287843355969016556628 0.56562395052151015484298568480881 1.2413786744633490410905096723582 1.0681677392573345475312862618011 0.6331107038367919104260295171116 0.15985232612357602732799932709895 0.22783523741606437340578850125894 0.1829148159287843355969016556628 0.56562395052151015484298568480881 1.2413786744633490410905096723582 1.0681677392573345475312862618011 0.6331107038367919104260295171116 0.15985232612357602732799932709895 0.22783523741606437340578850125894 0.1829148159287843355969016556628 0.56562395052151015484298568480881 1.2413786744633490410905096723582 1.0681677392573345475312862618011 0.6331107038367919104260295171116 0.15985232612357602732799932709895 0.22783523741606437340578850125894 0.1829148159287843355969016556628 0.56562395052151015484298568480881 1.2413786744633490410905096723582 1.0681677392573345475312862618011 0.6331107038367919104260295171116 0.15985232612357602732799932709895 0.22783523741606437340578850125894 

-9.6900493710430009031142617459409 -5.5284266631354688215083115210291 5.4642504653040617768056108616292 -3.5581448707559286681600951851578 3.9748091287709645946790715242969 -1.7717052798312062922292398070567 11.281934702580754148470987274777 -9.6900493710430009031142617459409 -5.5284266631354688215083115210291 5.4642504653040617768056108616292 -3.5581448707559286681600951851578 3.9748091287709645946790715242969 -1.7717052798312062922292398070567 11.281934702580754148470987274777 -9.6900493710430009031142617459409 -5.5284266631354688215083115210291 5.4642504653040617768056108616292 -3.5581448707559286681600951851578 3.9748091287709645946790715242969 -1.7717052798312062922292398070567 11.281934702580754148470987274777 -9.6900493710430009031142617459409 -5.5284266631354688215083115210291 5.4642504653040617768056108616292 -3.5581448707559286681600951851578 3.9748091287709645946790715242969 -1.7717052798312062922292398070567 11.281934702580754148470987274777 -9.6900493710430009031142617459409 -5.5284266631354688215083115210291 5.4642504653040617768056108616292 -3.5581448707559286681600951851578 3.9748091287709645946790715242969 -1.7717052798312062922292398070567 11.281934702580754148470987274777 -9.6900493710430009031142617459409 -5.5284266631354688215083115210291 5.4642504653040617768056108616292 -3.5581448707559286681600951851578 3.9748091287709645946790715242969 -1.7717052798312062922292398070567 11.281934702580754148470987274777 -9.6900493710430009031142617459409 -5.5284266631354688215083115210291 5.4642504653040617768056108616292 -3.5581448707559286681600951851578 3.9748091287709645946790715242969 -1.7717052798312062922292398070567 11.281934702580754148470987274777 

1 1 1 1 1 1 1 1 1 1 1 1 1 1 1 1 1 1 1 1 1 1 1 1 1 1 1 1 1 1 1 1 1 1 1 1 1 1 1 1 1 1 1 1 1 1 1 1 1 

9.6900493710430009031142617459409 5.5284266631354688215083115210291 -5.4642504653040617768056108616292 3.5581448707559286681600951851578 -3.9748091287709645946790715242969 1.7717052798312062922292398070567 -11.281934702580754148470987274777 9.6900493710430009031142617459409 5.5284266631354688215083115210291 -5.4642504653040617768056108616292 3.5581448707559286681600951851578 -3.9748091287709645946790715242969 1.7717052798312062922292398070567 -11.281934702580754148470987274777 9.6900493710430009031142617459409 5.5284266631354688215083115210291 -5.4642504653040617768056108616292 3.5581448707559286681600951851578 -3.9748091287709645946790715242969 1.7717052798312062922292398070567 -11.281934702580754148470987274777 9.6900493710430009031142617459409 5.5284266631354688215083115210291 -5.4642504653040617768056108616292 3.5581448707559286681600951851578 -3.9748091287709645946790715242969 1.7717052798312062922292398070567 -11.281934702580754148470987274777 9.6900493710430009031142617459409 5.5284266631354688215083115210291 -5.4642504653040617768056108616292 3.5581448707559286681600951851578 -3.9748091287709645946790715242969 1.7717052798312062922292398070567 -11.281934702580754148470987274777 9.6900493710430009031142617459409 5.5284266631354688215083115210291 -5.4642504653040617768056108616292 3.5581448707559286681600951851578 -3.9748091287709645946790715242969 1.7717052798312062922292398070567 -11.281934702580754148470987274777 9.6900493710430009031142617459409 5.5284266631354688215083115210291 -5.4642504653040617768056108616292 3.5581448707559286681600951851578 -3.9748091287709645946790715242969 1.7717052798312062922292398070567 -11.281934702580754148470987274777 

2  1 10.040554234755163065528904553503  3 12.74101857311993235555291903438  
2  2 -2.6679951947645004217690711811883  1 12.494898442060952348242608422879  
2  3 3.4596247467827456745226299972273  2 -14.403350604727521044878812972456  
5  4 -7.8007646542574189396646033856086  2 9.2731889398918347922062821453437  6 9.5342471686009808706785406684503  7 5.71219350716920093447015460697  14 7.1210575270366760491924651432782  
2  5 -11.043527705558201290614306344651  1 -9.5379616158015352311849710531533  
2  6 0.47275721657436475808822251565289  5 14.581143115285998490548990957905  
2  7 9.4331641543522639636876192525961  5 10.577248977464776658052869606763  
2  8 10.040554234755163065528904553503  10 12.74101857311993235555291903438  
2  9 -2.6679951947645004217690711811883  8 12.494898442060952348242608422879  
2  10 3.4596247467827456745226299972273  9 -14.403350604727521044878812972456  
6  3 -6.8752593931242023117533790355083  11 -7.8007646542574189396646033856086  9 9.2731889398918347922062821453437  13 9.5342471686009808706785406684503  14 5.71219350716920093447015460697  21 7.1210575270366760491924651432782  
2  12 -11.043527705558201290614306344651  8 -9.5379616158015352311849710531533  
2  13 0.47275721657436475808822251565289  12 14.581143115285998490548990957905  
2  14 9.4331641543522639636876192525961  12 10.577248977464776658052869606763  
2  15 10.040554234755163065528904553503  17 12.74101857311993235555291903438  
2  16 -2.6679951947645004217690711811883  15 12.494898442060952348242608422879  
2  17 3.4596247467827456745226299972273  16 -14.403350604727521044878812972456  
6  10 -6.8752593931242023117533790355083  18 -7.8007646542574189396646033856086  16 9.2731889398918347922062821453437  20 9.5342471686009808706785406684503  21 5.71219350716920093447015460697  28 7.1210575270366760491924651432782  
2  19 -11.043527705558201290614306344651  15 -9.5379616158015352311849710531533  
2  20 0.47275721657436475808822251565289  19 14.581143115285998490548990957905  
2  21 9.4331641543522639636876192525961  19 10.577248977464776658052869606763  
2  22 10.040554234755163065528904553503  24 12.74101857311993235555291903438  
2  23 -2.6679951947645004217690711811883  22 12.494898442060952348242608422879  
2  24 3.4596247467827456745226299972273  23 -14.403350604727521044878812972456  
6  17 -6.8752593931242023117533790355083  25 -7.8007646542574189396646033856086  23 9.2731889398918347922062821453437  27 9.5342471686009808706785406684503  28 5.71219350716920093447015460697  35 7.1210575270366760491924651432782  
2  26 -11.043527705558201290614306344651  22 -9.5379616158015352311849710531533  
2  27 0.47275721657436475808822251565289  26 14.581143115285998490548990957905  
2  28 9.4331641543522639636876192525961  26 10.577248977464776658052869606763  
2  29 10.040554234755163065528904553503  31 12.74101857311993235555291903438  
2  30 -2.6679951947645004217690711811883  29 12.494898442060952348242608422879  
2  31 3.4596247467827456745226299972273  30 -14.403350604727521044878812972456  
6  24 -6.8752593931242023117533790355083  32 -7.8007646542574189396646033856086  30 9.2731889398918347922062821453437  34 9.5342471686009808706785406684503  35 5.71219350716920093447015460697  42 7.1210575270366760491924651432782  
2  33 -11.043527705558201290614306344651  29 -9.5379616158015352311849710531533  
2  34 0.47275721657436475808822251565289  33 14.581143115285998490548990957905  
2  35 9.4331641543522639636876192525961  33 10.577248977464776658052869606763  
2  36 10.040554234755163065528904553503  38 12.74101857311993235555291903438  
2  37 -2.6679951947645004217690711811883  36 12.494898442060952348242608422879  
2  38 3.4596247467827456745226299972273  37 -14.403350604727521044878812972456  
6  31 -6.8752593931242023117533790355083  39 -7.8007646542574189396646033856086  37 9.2731889398918347922062821453437  41 9.5342471686009808706785406684503  42 5.71219350716920093447015460697  49 7.1210575270366760491924651432782  
2  40 -11.043527705558201290614306344651  36 -9.5379616158015352311849710531533  
2  41 0.47275721657436475808822251565289  40 14.581143115285998490548990957905  
2  42 9.4331641543522639636876192525961  40 10.577248977464776658052869606763  
2  43 10.040554234755163065528904553503  45 12.74101857311993235555291903438  
2  44 -2.6679951947645004217690711811883  43 12.494898442060952348242608422879  
2  45 3.4596247467827456745226299972273  44 -14.403350604727521044878812972456  
5  38 -6.8752593931242023117533790355083  46 -7.8007646542574189396646033856086  44 9.2731889398918347922062821453437  48 9.5342471686009808706785406684503  49 5.71219350716920093447015460697  
2  47 -11.043527705558201290614306344651  43 -9.5379616158015352311849710531533  
2  48 0.47275721657436475808822251565289  47 14.581143115285998490548990957905  
2  49 9.4331641543522639636876192525961  47 10.577248977464776658052869606763  

1  14 0.55904785425922864927628097575507  
1  8 0.79083553991205235433881171047688  
0  
1  5 0.11911688158765187939280849604984  
1  4 0.11911688158765187939280849604984  
1  10 0.10761441216319500568943112739362  
0  
2  2 0.79083553991205235433881171047688  21 0.55904785425922864927628097575507  
1  15 0.79083553991205235433881171047688  
1  6 0.10761441216319500568943112739362  
1  12 0.11911688158765187939280849604984  
1  11 0.11911688158765187939280849604984  
1  17 0.10761441216319500568943112739362  
1  1 0.55904785425922864927628097575507  
2  9 0.79083553991205235433881171047688  28 0.55904785425922864927628097575507  
1  22 0.79083553991205235433881171047688  
1  13 0.10761441216319500568943112739362  
1  19 0.11911688158765187939280849604984  
1  18 0.11911688158765187939280849604984  
1  24 0.10761441216319500568943112739362  
1  8 0.55904785425922864927628097575507  
2  16 0.79083553991205235433881171047688  35 0.55904785425922864927628097575507  
1  29 0.79083553991205235433881171047688  
1  20 0.10761441216319500568943112739362  
1  26 0.11911688158765187939280849604984  
1  25 0.11911688158765187939280849604984  
1  31 0.10761441216319500568943112739362  
1  15 0.55904785425922864927628097575507  
2  23 0.79083553991205235433881171047688  42 0.55904785425922864927628097575507  
1  36 0.79083553991205235433881171047688  
1  27 0.10761441216319500568943112739362  
1  33 0.11911688158765187939280849604984  
1  32 0.11911688158765187939280849604984  
1  38 0.10761441216319500568943112739362  
1  22 0.55904785425922864927628097575507  
2  30 0.79083553991205235433881171047688  49 0.55904785425922864927628097575507  
1  43 0.79083553991205235433881171047688  
1  34 0.10761441216319500568943112739362  
1  40 0.11911688158765187939280849604984  
1  39 0.11911688158765187939280849604984  
1  45 0.10761441216319500568943112739362  
1  29 0.55904785425922864927628097575507  
1  37 0.79083553991205235433881171047688  
0  
1  41 0.10761441216319500568943112739362  
1  47 0.11911688158765187939280849604984  
1  46 0.11911688158765187939280849604984  
0  
1  36 0.55904785425922864927628097575507  
