49 9 6

0.29044579608094212019864244211931 0.26757003902470732903395855828421 1.2891193747862790264235854920116 2.2057789814566581831911662447965 1.6038501781642033883201747812564 0.77414671764258846664574775786605 1.7892370992493717984928025543923 0.29044579608094212019864244211931 0.26757003902470732903395855828421 1.2891193747862790264235854920116 2.2057789814566581831911662447965 1.6038501781642033883201747812564 0.77414671764258846664574775786605 1.7892370992493717984928025543923 0.29044579608094212019864244211931 0.26757003902470732903395855828421 1.2891193747862790264235854920116 2.2057789814566581831911662447965 1.6038501781642033883201747812564 0.77414671764258846664574775786605 1.7892370992493717984928025543923 0.29044579608094212019864244211931 0.26757003902470732903395855828421 1.2891193747862790264235854920116 2.2057789814566581831911662447965 1.6038501781642033883201747812564 0.77414671764258846664574775786605 1.7892370992493717984928025543923 0.29044579608094212019864244211931 0.26757003902470732903395855828421 1.2891193747862790264235854920116 2.2057789814566581831911662447965 1.6038501781642033883201747812564 0.77414671764258846664574775786605 1.7892370992493717984928025543923 0.29044579608094212019864244211931 0.26757003902470732903395855828421 1.2891193747862790264235854920116 2.2057789814566581831911662447965 1.6038501781642033883201747812564 0.77414671764258846664574775786605 1.7892370992493717984928025543923 0.29044579608094212019864244211931 0.26757003902470732903395855828421 1.2891193747862790264235854920116 2.2057789814566581831911662447965 1.6038501781642033883201747812564 0.77414671764258846664574775786605 1.7892370992493717984928025543923 

-0.85607554595228529947803508548532 -5.9223917954866243107403533940669 -3.9468041541629346191655258735409 -4.8680082927739105613795800309163 -7.5528327273153204046707287488971 0.36385866796239896281406345224241 3.5103748345056549062803696870105 -0.85607554595228529947803508548532 -5.9223917954866243107403533940669 -3.9468041541629346191655258735409 -4.8680082927739105613795800309163 -7.5528327273153204046707287488971 0.36385866796239896281406345224241 3.5103748345056549062803696870105 -0.85607554595228529947803508548532 -5.9223917954866243107403533940669 -3.9468041541629346191655258735409 -4.8680082927739105613795800309163 -7.5528327273153204046707287488971 0.36385866796239896281406345224241 3.5103748345056549062803696870105 -0.85607554595228529947803508548532 -5.9223917954866243107403533940669 -3.9468041541629346191655258735409 -4.8680082927739105613795800309163 -7.5528327273153204046707287488971 0.36385866796239896281406345224241 3.5103748345056549062803696870105 -0.85607554595228529947803508548532 -5.9223917954866243107403533940669 -3.9468041541629346191655258735409 -4.8680082927739105613795800309163 -7.5528327273153204046707287488971 0.36385866796239896281406345224241 3.5103748345056549062803696870105 -0.85607554595228529947803508548532 -5.9223917954866243107403533940669 -3.9468041541629346191655258735409 -4.8680082927739105613795800309163 -7.5528327273153204046707287488971 0.36385866796239896281406345224241 3.5103748345056549062803696870105 -0.85607554595228529947803508548532 -5.9223917954866243107403533940669 -3.9468041541629346191655258735409 -4.8680082927739105613795800309163 -7.5528327273153204046707287488971 0.36385866796239896281406345224241 3.5103748345056549062803696870105 

1 1 1 1 1 1 1 1 1 1 1 1 1 1 1 1 1 1 1 1 1 1 1 1 1 1 1 1 1 1 1 1 1 1 1 1 1 1 1 1 1 1 1 1 1 1 1 1 1 

0.85607554595228529947803508548532 5.9223917954866243107403533940669 3.9468041541629346191655258735409 4.8680082927739105613795800309163 7.5528327273153204046707287488971 -0.36385866796239896281406345224241 -3.5103748345056549062803696870105 0.85607554595228529947803508548532 5.9223917954866243107403533940669 3.9468041541629346191655258735409 4.8680082927739105613795800309163 7.5528327273153204046707287488971 -0.36385866796239896281406345224241 -3.5103748345056549062803696870105 0.85607554595228529947803508548532 5.9223917954866243107403533940669 3.9468041541629346191655258735409 4.8680082927739105613795800309163 7.5528327273153204046707287488971 -0.36385866796239896281406345224241 -3.5103748345056549062803696870105 0.85607554595228529947803508548532 5.9223917954866243107403533940669 3.9468041541629346191655258735409 4.8680082927739105613795800309163 7.5528327273153204046707287488971 -0.36385866796239896281406345224241 -3.5103748345056549062803696870105 0.85607554595228529947803508548532 5.9223917954866243107403533940669 3.9468041541629346191655258735409 4.8680082927739105613795800309163 7.5528327273153204046707287488971 -0.36385866796239896281406345224241 -3.5103748345056549062803696870105 0.85607554595228529947803508548532 5.9223917954866243107403533940669 3.9468041541629346191655258735409 4.8680082927739105613795800309163 7.5528327273153204046707287488971 -0.36385866796239896281406345224241 -3.5103748345056549062803696870105 0.85607554595228529947803508548532 5.9223917954866243107403533940669 3.9468041541629346191655258735409 4.8680082927739105613795800309163 7.5528327273153204046707287488971 -0.36385866796239896281406345224241 -3.5103748345056549062803696870105 

2  1 5.1361831535238904322682174097281  3 -10.737393475497434280896413838491  
2  2 1.6875806057907383195271222575684  1 14.876611216333103016040695365518  
2  3 7.5832122666682648670644084631931  2 14.98506976889131792063380999025  
5  4 3.3449009045763298253461925924057  2 -6.7102472353912876457115999073721  6 -12.422691263770069269867235561833  7 -0.24838084398104920413885565722012  14 8.6319964420952253192353964550421  
2  5 -10.974914073101823319689174240921  1 11.995012483853741969141992740333  
2  6 -10.936357965433815664368921716232  5 4.8840585678681556203173386165872  
2  7 -7.8633000799589751750318100675941  5 -12.212331949177572809617231541779  
2  8 5.1361831535238904322682174097281  10 -10.737393475497434280896413838491  
2  9 1.6875806057907383195271222575684  8 14.876611216333103016040695365518  
2  10 7.5832122666682648670644084631931  9 14.98506976889131792063380999025  
6  3 -0.18465355501134411708719085254415  11 3.3449009045763298253461925924057  9 -6.7102472353912876457115999073721  13 -12.422691263770069269867235561833  14 -0.24838084398104920413885565722012  21 8.6319964420952253192353964550421  
2  12 -10.974914073101823319689174240921  8 11.995012483853741969141992740333  
2  13 -10.936357965433815664368921716232  12 4.8840585678681556203173386165872  
2  14 -7.8633000799589751750318100675941  12 -12.212331949177572809617231541779  
2  15 5.1361831535238904322682174097281  17 -10.737393475497434280896413838491  
2  16 1.6875806057907383195271222575684  15 14.876611216333103016040695365518  
2  17 7.5832122666682648670644084631931  16 14.98506976889131792063380999025  
6  10 -0.18465355501134411708719085254415  18 3.3449009045763298253461925924057  16 -6.7102472353912876457115999073721  20 -12.422691263770069269867235561833  21 -0.24838084398104920413885565722012  28 8.6319964420952253192353964550421  
2  19 -10.974914073101823319689174240921  15 11.995012483853741969141992740333  
2  20 -10.936357965433815664368921716232  19 4.8840585678681556203173386165872  
2  21 -7.8633000799589751750318100675941  19 -12.212331949177572809617231541779  
2  22 5.1361831535238904322682174097281  24 -10.737393475497434280896413838491  
2  23 1.6875806057907383195271222575684  22 14.876611216333103016040695365518  
2  24 7.5832122666682648670644084631931  23 14.98506976889131792063380999025  
6  17 -0.18465355501134411708719085254415  25 3.3449009045763298253461925924057  23 -6.7102472353912876457115999073721  27 -12.422691263770069269867235561833  28 -0.24838084398104920413885565722012  35 8.6319964420952253192353964550421  
2  26 -10.974914073101823319689174240921  22 11.995012483853741969141992740333  
2  27 -10.936357965433815664368921716232  26 4.8840585678681556203173386165872  
2  28 -7.8633000799589751750318100675941  26 -12.212331949177572809617231541779  
2  29 5.1361831535238904322682174097281  31 -10.737393475497434280896413838491  
2  30 1.6875806057907383195271222575684  29 14.876611216333103016040695365518  
2  31 7.5832122666682648670644084631931  30 14.98506976889131792063380999025  
6  24 -0.18465355501134411708719085254415  32 3.3449009045763298253461925924057  30 -6.7102472353912876457115999073721  34 -12.422691263770069269867235561833  35 -0.24838084398104920413885565722012  42 8.6319964420952253192353964550421  
2  33 -10.974914073101823319689174240921  29 11.995012483853741969141992740333  
2  34 -10.936357965433815664368921716232  33 4.8840585678681556203173386165872  
2  35 -7.8633000799589751750318100675941  33 -12.212331949177572809617231541779  
2  36 5.1361831535238904322682174097281  38 -10.737393475497434280896413838491  
2  37 1.6875806057907383195271222575684  36 14.876611216333103016040695365518  
2  38 7.5832122666682648670644084631931  37 14.98506976889131792063380999025  
6  31 -0.18465355501134411708719085254415  39 3.3449009045763298253461925924057  37 -6.7102472353912876457115999073721  41 -12.422691263770069269867235561833  42 -0.24838084398104920413885565722012  49 8.6319964420952253192353964550421  
2  40 -10.974914073101823319689174240921  36 11.995012483853741969141992740333  
2  41 -10.936357965433815664368921716232  40 4.8840585678681556203173386165872  
2  42 -7.8633000799589751750318100675941  40 -12.212331949177572809617231541779  
2  43 5.1361831535238904322682174097281  45 -10.737393475497434280896413838491  
2  44 1.6875806057907383195271222575684  43 14.876611216333103016040695365518  
2  45 7.5832122666682648670644084631931  44 14.98506976889131792063380999025  
5  38 -0.18465355501134411708719085254415  46 3.3449009045763298253461925924057  44 -6.7102472353912876457115999073721  48 -12.422691263770069269867235561833  49 -0.24838084398104920413885565722012  
2  47 -10.974914073101823319689174240921  43 11.995012483853741969141992740333  
2  48 -10.936357965433815664368921716232  47 4.8840585678681556203173386165872  
2  49 -7.8633000799589751750318100675941  47 -12.212331949177572809617231541779  

1  14 0.026243996093526233970294470054796  
1  8 0.64522997384103408791133915656246  
0  
1  5 1.0899235094801926759799926003325  
1  4 1.0899235094801926759799926003325  
1  10 1.763901537621907156250244952389  
0  
2  2 0.64522997384103408791133915656246  21 0.026243996093526233970294470054796  
1  15 0.64522997384103408791133915656246  
1  6 1.763901537621907156250244952389  
1  12 1.0899235094801926759799926003325  
1  11 1.0899235094801926759799926003325  
1  17 1.763901537621907156250244952389  
1  1 0.026243996093526233970294470054796  
2  9 0.64522997384103408791133915656246  28 0.026243996093526233970294470054796  
1  22 0.64522997384103408791133915656246  
1  13 1.763901537621907156250244952389  
1  19 1.0899235094801926759799926003325  
1  18 1.0899235094801926759799926003325  
1  24 1.763901537621907156250244952389  
1  8 0.026243996093526233970294470054796  
2  16 0.64522997384103408791133915656246  35 0.026243996093526233970294470054796  
1  29 0.64522997384103408791133915656246  
1  20 1.763901537621907156250244952389  
1  26 1.0899235094801926759799926003325  
1  25 1.0899235094801926759799926003325  
1  31 1.763901537621907156250244952389  
1  15 0.026243996093526233970294470054796  
2  23 0.64522997384103408791133915656246  42 0.026243996093526233970294470054796  
1  36 0.64522997384103408791133915656246  
1  27 1.763901537621907156250244952389  
1  33 1.0899235094801926759799926003325  
1  32 1.0899235094801926759799926003325  
1  38 1.763901537621907156250244952389  
1  22 0.026243996093526233970294470054796  
2  30 0.64522997384103408791133915656246  49 0.026243996093526233970294470054796  
1  43 0.64522997384103408791133915656246  
1  34 1.763901537621907156250244952389  
1  40 1.0899235094801926759799926003325  
1  39 1.0899235094801926759799926003325  
1  45 1.763901537621907156250244952389  
1  29 0.026243996093526233970294470054796  
1  37 0.64522997384103408791133915656246  
0  
1  41 1.763901537621907156250244952389  
1  47 1.0899235094801926759799926003325  
1  46 1.0899235094801926759799926003325  
0  
1  36 0.026243996093526233970294470054796  
