49 9 6

0.10475947798230134111463485169224 0.95838903061641067537834715039935 0.76291712590534155324917264806572 1.274919916973330291654065149487 0.47165350969680097659164630385931 0.33415428003593772299240072243265 1.0469279756276792525682139967103 0.10475947798230134111463485169224 0.95838903061641067537834715039935 0.76291712590534155324917264806572 1.274919916973330291654065149487 0.47165350969680097659164630385931 0.33415428003593772299240072243265 1.0469279756276792525682139967103 0.10475947798230134111463485169224 0.95838903061641067537834715039935 0.76291712590534155324917264806572 1.274919916973330291654065149487 0.47165350969680097659164630385931 0.33415428003593772299240072243265 1.0469279756276792525682139967103 0.10475947798230134111463485169224 0.95838903061641067537834715039935 0.76291712590534155324917264806572 1.274919916973330291654065149487 0.47165350969680097659164630385931 0.33415428003593772299240072243265 1.0469279756276792525682139967103 0.10475947798230134111463485169224 0.95838903061641067537834715039935 0.76291712590534155324917264806572 1.274919916973330291654065149487 0.47165350969680097659164630385931 0.33415428003593772299240072243265 1.0469279756276792525682139967103 0.10475947798230134111463485169224 0.95838903061641067537834715039935 0.76291712590534155324917264806572 1.274919916973330291654065149487 0.47165350969680097659164630385931 0.33415428003593772299240072243265 1.0469279756276792525682139967103 0.10475947798230134111463485169224 0.95838903061641067537834715039935 0.76291712590534155324917264806572 1.274919916973330291654065149487 0.47165350969680097659164630385931 0.33415428003593772299240072243265 1.0469279756276792525682139967103 

-6.5931086314721554231255140621215 2.38971247806068998187356555718 -1.2603650061954987382506487847422 4.3822784979880378131156248855405 -5.9668966168360304536122384888586 5.2775558398057720310703189170454 10.499116387811383788175589870661 -6.5931086314721554231255140621215 2.38971247806068998187356555718 -1.2603650061954987382506487847422 4.3822784979880378131156248855405 -5.9668966168360304536122384888586 5.2775558398057720310703189170454 10.499116387811383788175589870661 -6.5931086314721554231255140621215 2.38971247806068998187356555718 -1.2603650061954987382506487847422 4.3822784979880378131156248855405 -5.9668966168360304536122384888586 5.2775558398057720310703189170454 10.499116387811383788175589870661 -6.5931086314721554231255140621215 2.38971247806068998187356555718 -1.2603650061954987382506487847422 4.3822784979880378131156248855405 -5.9668966168360304536122384888586 5.2775558398057720310703189170454 10.499116387811383788175589870661 -6.5931086314721554231255140621215 2.38971247806068998187356555718 -1.2603650061954987382506487847422 4.3822784979880378131156248855405 -5.9668966168360304536122384888586 5.2775558398057720310703189170454 10.499116387811383788175589870661 -6.5931086314721554231255140621215 2.38971247806068998187356555718 -1.2603650061954987382506487847422 4.3822784979880378131156248855405 -5.9668966168360304536122384888586 5.2775558398057720310703189170454 10.499116387811383788175589870661 -6.5931086314721554231255140621215 2.38971247806068998187356555718 -1.2603650061954987382506487847422 4.3822784979880378131156248855405 -5.9668966168360304536122384888586 5.2775558398057720310703189170454 10.499116387811383788175589870661 

1 1 1 1 1 1 1 1 1 1 1 1 1 1 1 1 1 1 1 1 1 1 1 1 1 1 1 1 1 1 1 1 1 1 1 1 1 1 1 1 1 1 1 1 1 1 1 1 1 

6.5931086314721554231255140621215 -2.38971247806068998187356555718 1.2603650061954987382506487847422 -4.3822784979880378131156248855405 5.9668966168360304536122384888586 -5.2775558398057720310703189170454 -10.499116387811383788175589870661 6.5931086314721554231255140621215 -2.38971247806068998187356555718 1.2603650061954987382506487847422 -4.3822784979880378131156248855405 5.9668966168360304536122384888586 -5.2775558398057720310703189170454 -10.499116387811383788175589870661 6.5931086314721554231255140621215 -2.38971247806068998187356555718 1.2603650061954987382506487847422 -4.3822784979880378131156248855405 5.9668966168360304536122384888586 -5.2775558398057720310703189170454 -10.499116387811383788175589870661 6.5931086314721554231255140621215 -2.38971247806068998187356555718 1.2603650061954987382506487847422 -4.3822784979880378131156248855405 5.9668966168360304536122384888586 -5.2775558398057720310703189170454 -10.499116387811383788175589870661 6.5931086314721554231255140621215 -2.38971247806068998187356555718 1.2603650061954987382506487847422 -4.3822784979880378131156248855405 5.9668966168360304536122384888586 -5.2775558398057720310703189170454 -10.499116387811383788175589870661 6.5931086314721554231255140621215 -2.38971247806068998187356555718 1.2603650061954987382506487847422 -4.3822784979880378131156248855405 5.9668966168360304536122384888586 -5.2775558398057720310703189170454 -10.499116387811383788175589870661 6.5931086314721554231255140621215 -2.38971247806068998187356555718 1.2603650061954987382506487847422 -4.3822784979880378131156248855405 5.9668966168360304536122384888586 -5.2775558398057720310703189170454 -10.499116387811383788175589870661 

2  1 10.951424319863910739059065235779  3 15  
2  2 7.5424212909050165620783445774578  1 -13.885523348581815028524033550639  
2  3 -5.3951964319657914614936089492403  2 14.566642931728912557787225523498  
5  4 3.4935822743449280736172113392968  2 12.678316999538539633363143366296  6 6.5351171879812657294905875460245  7 11.888678888224664120798479416408  14 7.8927345738780720907357135729399  
2  5 -0.89555988572968581173938673600787  1 -9.7262064033444559640884108375758  
2  6 -14.021880079625320902891871810425  5 -14.728056206727353938390479015652  
2  7 -5.0256876149267073472515221510548  5 9.9751754851083234143516165204346  
2  8 10.951424319863910739059065235779  10 15  
2  9 7.5424212909050165620783445774578  8 -13.885523348581815028524033550639  
2  10 -5.3951964319657914614936089492403  9 14.566642931728912557787225523498  
6  3 -9.0168929944496500894501878065057  11 3.4935822743449280736172113392968  9 12.678316999538539633363143366296  13 6.5351171879812657294905875460245  14 11.888678888224664120798479416408  21 7.8927345738780720907357135729399  
2  12 -0.89555988572968581173938673600787  8 -9.7262064033444559640884108375758  
2  13 -14.021880079625320902891871810425  12 -14.728056206727353938390479015652  
2  14 -5.0256876149267073472515221510548  12 9.9751754851083234143516165204346  
2  15 10.951424319863910739059065235779  17 15  
2  16 7.5424212909050165620783445774578  15 -13.885523348581815028524033550639  
2  17 -5.3951964319657914614936089492403  16 14.566642931728912557787225523498  
6  10 -9.0168929944496500894501878065057  18 3.4935822743449280736172113392968  16 12.678316999538539633363143366296  20 6.5351171879812657294905875460245  21 11.888678888224664120798479416408  28 7.8927345738780720907357135729399  
2  19 -0.89555988572968581173938673600787  15 -9.7262064033444559640884108375758  
2  20 -14.021880079625320902891871810425  19 -14.728056206727353938390479015652  
2  21 -5.0256876149267073472515221510548  19 9.9751754851083234143516165204346  
2  22 10.951424319863910739059065235779  24 15  
2  23 7.5424212909050165620783445774578  22 -13.885523348581815028524033550639  
2  24 -5.3951964319657914614936089492403  23 14.566642931728912557787225523498  
6  17 -9.0168929944496500894501878065057  25 3.4935822743449280736172113392968  23 12.678316999538539633363143366296  27 6.5351171879812657294905875460245  28 11.888678888224664120798479416408  35 7.8927345738780720907357135729399  
2  26 -0.89555988572968581173938673600787  22 -9.7262064033444559640884108375758  
2  27 -14.021880079625320902891871810425  26 -14.728056206727353938390479015652  
2  28 -5.0256876149267073472515221510548  26 9.9751754851083234143516165204346  
2  29 10.951424319863910739059065235779  31 15  
2  30 7.5424212909050165620783445774578  29 -13.885523348581815028524033550639  
2  31 -5.3951964319657914614936089492403  30 14.566642931728912557787225523498  
6  24 -9.0168929944496500894501878065057  32 3.4935822743449280736172113392968  30 12.678316999538539633363143366296  34 6.5351171879812657294905875460245  35 11.888678888224664120798479416408  42 7.8927345738780720907357135729399  
2  33 -0.89555988572968581173938673600787  29 -9.7262064033444559640884108375758  
2  34 -14.021880079625320902891871810425  33 -14.728056206727353938390479015652  
2  35 -5.0256876149267073472515221510548  33 9.9751754851083234143516165204346  
2  36 10.951424319863910739059065235779  38 15  
2  37 7.5424212909050165620783445774578  36 -13.885523348581815028524033550639  
2  38 -5.3951964319657914614936089492403  37 14.566642931728912557787225523498  
6  31 -9.0168929944496500894501878065057  39 3.4935822743449280736172113392968  37 12.678316999538539633363143366296  41 6.5351171879812657294905875460245  42 11.888678888224664120798479416408  49 7.8927345738780720907357135729399  
2  40 -0.89555988572968581173938673600787  36 -9.7262064033444559640884108375758  
2  41 -14.021880079625320902891871810425  40 -14.728056206727353938390479015652  
2  42 -5.0256876149267073472515221510548  40 9.9751754851083234143516165204346  
2  43 10.951424319863910739059065235779  45 15  
2  44 7.5424212909050165620783445774578  43 -13.885523348581815028524033550639  
2  45 -5.3951964319657914614936089492403  44 14.566642931728912557787225523498  
5  38 -9.0168929944496500894501878065057  46 3.4935822743449280736172113392968  44 12.678316999538539633363143366296  48 6.5351171879812657294905875460245  49 11.888678888224664120798479416408  
2  47 -0.89555988572968581173938673600787  43 -9.7262064033444559640884108375758  
2  48 -14.021880079625320902891871810425  47 -14.728056206727353938390479015652  
2  49 -5.0256876149267073472515221510548  47 9.9751754851083234143516165204346  

1  14 1.044861937100758808583123027347  
1  8 0.00028480856946744292912399032502435  
0  
1  5 0.61728450930822675868370197349577  
1  4 0.61728450930822675868370197349577  
1  10 0.71874911160426058209793609421467  
0  
2  2 0.00028480856946744292912399032502435  21 1.044861937100758808583123027347  
1  15 0.00028480856946744292912399032502435  
1  6 0.71874911160426058209793609421467  
1  12 0.61728450930822675868370197349577  
1  11 0.61728450930822675868370197349577  
1  17 0.71874911160426058209793609421467  
1  1 1.044861937100758808583123027347  
2  9 0.00028480856946744292912399032502435  28 1.044861937100758808583123027347  
1  22 0.00028480856946744292912399032502435  
1  13 0.71874911160426058209793609421467  
1  19 0.61728450930822675868370197349577  
1  18 0.61728450930822675868370197349577  
1  24 0.71874911160426058209793609421467  
1  8 1.044861937100758808583123027347  
2  16 0.00028480856946744292912399032502435  35 1.044861937100758808583123027347  
1  29 0.00028480856946744292912399032502435  
1  20 0.71874911160426058209793609421467  
1  26 0.61728450930822675868370197349577  
1  25 0.61728450930822675868370197349577  
1  31 0.71874911160426058209793609421467  
1  15 1.044861937100758808583123027347  
2  23 0.00028480856946744292912399032502435  42 1.044861937100758808583123027347  
1  36 0.00028480856946744292912399032502435  
1  27 0.71874911160426058209793609421467  
1  33 0.61728450930822675868370197349577  
1  32 0.61728450930822675868370197349577  
1  38 0.71874911160426058209793609421467  
1  22 1.044861937100758808583123027347  
2  30 0.00028480856946744292912399032502435  49 1.044861937100758808583123027347  
1  43 0.00028480856946744292912399032502435  
1  34 0.71874911160426058209793609421467  
1  40 0.61728450930822675868370197349577  
1  39 0.61728450930822675868370197349577  
1  45 0.71874911160426058209793609421467  
1  29 1.044861937100758808583123027347  
1  37 0.00028480856946744292912399032502435  
0  
1  41 0.71874911160426058209793609421467  
1  47 0.61728450930822675868370197349577  
1  46 0.61728450930822675868370197349577  
0  
1  36 1.044861937100758808583123027347  
