49 9 6

0.43227930159157446077244912885362 0.26857262254608738061278927489184 0.91985561138084337429177139711101 0.78558892744064623414601555850822 0.22139718526227736283829017338576 1.2091964529680832018954106388264 1.4807607939896496596077213325771 0.43227930159157446077244912885362 0.26857262254608738061278927489184 0.91985561138084337429177139711101 0.78558892744064623414601555850822 0.22139718526227736283829017338576 1.2091964529680832018954106388264 1.4807607939896496596077213325771 0.43227930159157446077244912885362 0.26857262254608738061278927489184 0.91985561138084337429177139711101 0.78558892744064623414601555850822 0.22139718526227736283829017338576 1.2091964529680832018954106388264 1.4807607939896496596077213325771 0.43227930159157446077244912885362 0.26857262254608738061278927489184 0.91985561138084337429177139711101 0.78558892744064623414601555850822 0.22139718526227736283829017338576 1.2091964529680832018954106388264 1.4807607939896496596077213325771 0.43227930159157446077244912885362 0.26857262254608738061278927489184 0.91985561138084337429177139711101 0.78558892744064623414601555850822 0.22139718526227736283829017338576 1.2091964529680832018954106388264 1.4807607939896496596077213325771 0.43227930159157446077244912885362 0.26857262254608738061278927489184 0.91985561138084337429177139711101 0.78558892744064623414601555850822 0.22139718526227736283829017338576 1.2091964529680832018954106388264 1.4807607939896496596077213325771 0.43227930159157446077244912885362 0.26857262254608738061278927489184 0.91985561138084337429177139711101 0.78558892744064623414601555850822 0.22139718526227736283829017338576 1.2091964529680832018954106388264 1.4807607939896496596077213325771 

-2.8192239273140939914696900814306 -9.029866489373763016601515118964 3.0426743036018626398231390339788 10.890187617435948652655497426167 -3.1481366176828364800144299806561 2.3413494371224179424473277322249 4.604440866620162609024191624485 -2.8192239273140939914696900814306 -9.029866489373763016601515118964 3.0426743036018626398231390339788 10.890187617435948652655497426167 -3.1481366176828364800144299806561 2.3413494371224179424473277322249 4.604440866620162609024191624485 -2.8192239273140939914696900814306 -9.029866489373763016601515118964 3.0426743036018626398231390339788 10.890187617435948652655497426167 -3.1481366176828364800144299806561 2.3413494371224179424473277322249 4.604440866620162609024191624485 -2.8192239273140939914696900814306 -9.029866489373763016601515118964 3.0426743036018626398231390339788 10.890187617435948652655497426167 -3.1481366176828364800144299806561 2.3413494371224179424473277322249 4.604440866620162609024191624485 -2.8192239273140939914696900814306 -9.029866489373763016601515118964 3.0426743036018626398231390339788 10.890187617435948652655497426167 -3.1481366176828364800144299806561 2.3413494371224179424473277322249 4.604440866620162609024191624485 -2.8192239273140939914696900814306 -9.029866489373763016601515118964 3.0426743036018626398231390339788 10.890187617435948652655497426167 -3.1481366176828364800144299806561 2.3413494371224179424473277322249 4.604440866620162609024191624485 -2.8192239273140939914696900814306 -9.029866489373763016601515118964 3.0426743036018626398231390339788 10.890187617435948652655497426167 -3.1481366176828364800144299806561 2.3413494371224179424473277322249 4.604440866620162609024191624485 

1 1 1 1 1 1 1 1 1 1 1 1 1 1 1 1 1 1 1 1 1 1 1 1 1 1 1 1 1 1 1 1 1 1 1 1 1 1 1 1 1 1 1 1 1 1 1 1 1 

2.8192239273140939914696900814306 9.029866489373763016601515118964 -3.0426743036018626398231390339788 -10.890187617435948652655497426167 3.1481366176828364800144299806561 -2.3413494371224179424473277322249 -4.604440866620162609024191624485 2.8192239273140939914696900814306 9.029866489373763016601515118964 -3.0426743036018626398231390339788 -10.890187617435948652655497426167 3.1481366176828364800144299806561 -2.3413494371224179424473277322249 -4.604440866620162609024191624485 2.8192239273140939914696900814306 9.029866489373763016601515118964 -3.0426743036018626398231390339788 -10.890187617435948652655497426167 3.1481366176828364800144299806561 -2.3413494371224179424473277322249 -4.604440866620162609024191624485 2.8192239273140939914696900814306 9.029866489373763016601515118964 -3.0426743036018626398231390339788 -10.890187617435948652655497426167 3.1481366176828364800144299806561 -2.3413494371224179424473277322249 -4.604440866620162609024191624485 2.8192239273140939914696900814306 9.029866489373763016601515118964 -3.0426743036018626398231390339788 -10.890187617435948652655497426167 3.1481366176828364800144299806561 -2.3413494371224179424473277322249 -4.604440866620162609024191624485 2.8192239273140939914696900814306 9.029866489373763016601515118964 -3.0426743036018626398231390339788 -10.890187617435948652655497426167 3.1481366176828364800144299806561 -2.3413494371224179424473277322249 -4.604440866620162609024191624485 2.8192239273140939914696900814306 9.029866489373763016601515118964 -3.0426743036018626398231390339788 -10.890187617435948652655497426167 3.1481366176828364800144299806561 -2.3413494371224179424473277322249 -4.604440866620162609024191624485 

2  1 6.5194046909163212433213629992679  3 13.395358467998205398430400236975  
2  2 7.463352319490101471899379248498  1 11.602226015629419464403326855972  
2  3 -1.4942543482610364247165080087143  2 -14.900796837106655701177260198165  
5  4 -10.900577066920952518103149486706  2 -2.2658877140181270526397838693811  6 -8.9548200107420559135107396286912  7 6.157971520147728305971668305574  14 -3.0944838550614837124896894238191  
2  5 3.1715432961692049396162929042475  1 14.427382854342006623937777476385  
2  6 -1.9457539387443287814960513060214  5 11.434102784634971428090466361027  
2  7 -8.2921214125297790786817131447606  5 -7.9976116074812884093603315704968  
2  8 6.5194046909163212433213629992679  10 13.395358467998205398430400236975  
2  9 7.463352319490101471899379248498  8 11.602226015629419464403326855972  
2  10 -1.4942543482610364247165080087143  9 -14.900796837106655701177260198165  
6  3 5.6040496246945092906344143557362  11 -10.900577066920952518103149486706  9 -2.2658877140181270526397838693811  13 -8.9548200107420559135107396286912  14 6.157971520147728305971668305574  21 -3.0944838550614837124896894238191  
2  12 3.1715432961692049396162929042475  8 14.427382854342006623937777476385  
2  13 -1.9457539387443287814960513060214  12 11.434102784634971428090466361027  
2  14 -8.2921214125297790786817131447606  12 -7.9976116074812884093603315704968  
2  15 6.5194046909163212433213629992679  17 13.395358467998205398430400236975  
2  16 7.463352319490101471899379248498  15 11.602226015629419464403326855972  
2  17 -1.4942543482610364247165080087143  16 -14.900796837106655701177260198165  
6  10 5.6040496246945092906344143557362  18 -10.900577066920952518103149486706  16 -2.2658877140181270526397838693811  20 -8.9548200107420559135107396286912  21 6.157971520147728305971668305574  28 -3.0944838550614837124896894238191  
2  19 3.1715432961692049396162929042475  15 14.427382854342006623937777476385  
2  20 -1.9457539387443287814960513060214  19 11.434102784634971428090466361027  
2  21 -8.2921214125297790786817131447606  19 -7.9976116074812884093603315704968  
2  22 6.5194046909163212433213629992679  24 13.395358467998205398430400236975  
2  23 7.463352319490101471899379248498  22 11.602226015629419464403326855972  
2  24 -1.4942543482610364247165080087143  23 -14.900796837106655701177260198165  
6  17 5.6040496246945092906344143557362  25 -10.900577066920952518103149486706  23 -2.2658877140181270526397838693811  27 -8.9548200107420559135107396286912  28 6.157971520147728305971668305574  35 -3.0944838550614837124896894238191  
2  26 3.1715432961692049396162929042475  22 14.427382854342006623937777476385  
2  27 -1.9457539387443287814960513060214  26 11.434102784634971428090466361027  
2  28 -8.2921214125297790786817131447606  26 -7.9976116074812884093603315704968  
2  29 6.5194046909163212433213629992679  31 13.395358467998205398430400236975  
2  30 7.463352319490101471899379248498  29 11.602226015629419464403326855972  
2  31 -1.4942543482610364247165080087143  30 -14.900796837106655701177260198165  
6  24 5.6040496246945092906344143557362  32 -10.900577066920952518103149486706  30 -2.2658877140181270526397838693811  34 -8.9548200107420559135107396286912  35 6.157971520147728305971668305574  42 -3.0944838550614837124896894238191  
2  33 3.1715432961692049396162929042475  29 14.427382854342006623937777476385  
2  34 -1.9457539387443287814960513060214  33 11.434102784634971428090466361027  
2  35 -8.2921214125297790786817131447606  33 -7.9976116074812884093603315704968  
2  36 6.5194046909163212433213629992679  38 13.395358467998205398430400236975  
2  37 7.463352319490101471899379248498  36 11.602226015629419464403326855972  
2  38 -1.4942543482610364247165080087143  37 -14.900796837106655701177260198165  
6  31 5.6040496246945092906344143557362  39 -10.900577066920952518103149486706  37 -2.2658877140181270526397838693811  41 -8.9548200107420559135107396286912  42 6.157971520147728305971668305574  49 -3.0944838550614837124896894238191  
2  40 3.1715432961692049396162929042475  36 14.427382854342006623937777476385  
2  41 -1.9457539387443287814960513060214  40 11.434102784634971428090466361027  
2  42 -8.2921214125297790786817131447606  40 -7.9976116074812884093603315704968  
2  43 6.5194046909163212433213629992679  45 13.395358467998205398430400236975  
2  44 7.463352319490101471899379248498  43 11.602226015629419464403326855972  
2  45 -1.4942543482610364247165080087143  44 -14.900796837106655701177260198165  
5  38 5.6040496246945092906344143557362  46 -10.900577066920952518103149486706  44 -2.2658877140181270526397838693811  48 -8.9548200107420559135107396286912  49 6.157971520147728305971668305574  
2  47 3.1715432961692049396162929042475  43 14.427382854342006623937777476385  
2  48 -1.9457539387443287814960513060214  47 11.434102784634971428090466361027  
2  49 -8.2921214125297790786817131447606  47 -7.9976116074812884093603315704968  

1  14 1.2638057753077656109041981835617  
1  8 0.37232321043147942329909483305528  
0  
1  5 0.51576358474660644048981339437887  
1  4 0.51576358474660644048981339437887  
1  10 1.1556187421039176843606810507481  
0  
2  2 0.37232321043147942329909483305528  21 1.2638057753077656109041981835617  
1  15 0.37232321043147942329909483305528  
1  6 1.1556187421039176843606810507481  
1  12 0.51576358474660644048981339437887  
1  11 0.51576358474660644048981339437887  
1  17 1.1556187421039176843606810507481  
1  1 1.2638057753077656109041981835617  
2  9 0.37232321043147942329909483305528  28 1.2638057753077656109041981835617  
1  22 0.37232321043147942329909483305528  
1  13 1.1556187421039176843606810507481  
1  19 0.51576358474660644048981339437887  
1  18 0.51576358474660644048981339437887  
1  24 1.1556187421039176843606810507481  
1  8 1.2638057753077656109041981835617  
2  16 0.37232321043147942329909483305528  35 1.2638057753077656109041981835617  
1  29 0.37232321043147942329909483305528  
1  20 1.1556187421039176843606810507481  
1  26 0.51576358474660644048981339437887  
1  25 0.51576358474660644048981339437887  
1  31 1.1556187421039176843606810507481  
1  15 1.2638057753077656109041981835617  
2  23 0.37232321043147942329909483305528  42 1.2638057753077656109041981835617  
1  36 0.37232321043147942329909483305528  
1  27 1.1556187421039176843606810507481  
1  33 0.51576358474660644048981339437887  
1  32 0.51576358474660644048981339437887  
1  38 1.1556187421039176843606810507481  
1  22 1.2638057753077656109041981835617  
2  30 0.37232321043147942329909483305528  49 1.2638057753077656109041981835617  
1  43 0.37232321043147942329909483305528  
1  34 1.1556187421039176843606810507481  
1  40 0.51576358474660644048981339437887  
1  39 0.51576358474660644048981339437887  
1  45 1.1556187421039176843606810507481  
1  29 1.2638057753077656109041981835617  
1  37 0.37232321043147942329909483305528  
0  
1  41 1.1556187421039176843606810507481  
1  47 0.51576358474660644048981339437887  
1  46 0.51576358474660644048981339437887  
0  
1  36 1.2638057753077656109041981835617  
