49 9 6

0.36620193206338813585176694687107 0.95326160509673996124035966204247 0.65585363594382539709215507173212 2.4997525619010438902023452101275 1.7127352121761520997722527681617 0.30508992502066656360426577521139 1.0409072481760826001107034244342 0.36620193206338813585176694687107 0.95326160509673996124035966204247 0.65585363594382539709215507173212 2.4997525619010438902023452101275 1.7127352121761520997722527681617 0.30508992502066656360426577521139 1.0409072481760826001107034244342 0.36620193206338813585176694687107 0.95326160509673996124035966204247 0.65585363594382539709215507173212 2.4997525619010438902023452101275 1.7127352121761520997722527681617 0.30508992502066656360426577521139 1.0409072481760826001107034244342 0.36620193206338813585176694687107 0.95326160509673996124035966204247 0.65585363594382539709215507173212 2.4997525619010438902023452101275 1.7127352121761520997722527681617 0.30508992502066656360426577521139 1.0409072481760826001107034244342 0.36620193206338813585176694687107 0.95326160509673996124035966204247 0.65585363594382539709215507173212 2.4997525619010438902023452101275 1.7127352121761520997722527681617 0.30508992502066656360426577521139 1.0409072481760826001107034244342 0.36620193206338813585176694687107 0.95326160509673996124035966204247 0.65585363594382539709215507173212 2.4997525619010438902023452101275 1.7127352121761520997722527681617 0.30508992502066656360426577521139 1.0409072481760826001107034244342 0.36620193206338813585176694687107 0.95326160509673996124035966204247 0.65585363594382539709215507173212 2.4997525619010438902023452101275 1.7127352121761520997722527681617 0.30508992502066656360426577521139 1.0409072481760826001107034244342 

-9.1208998290559879507100049522705 7.1029996356901410337059132871218 -4.5379368675228635154894618608523 12.823912517618804685071154381149 10.449621459988581051447908976115 8.7704770658444921593854815000668 -11.636840455916063419294914638158 -9.1208998290559879507100049522705 7.1029996356901410337059132871218 -4.5379368675228635154894618608523 12.823912517618804685071154381149 10.449621459988581051447908976115 8.7704770658444921593854815000668 -11.636840455916063419294914638158 -9.1208998290559879507100049522705 7.1029996356901410337059132871218 -4.5379368675228635154894618608523 12.823912517618804685071154381149 10.449621459988581051447908976115 8.7704770658444921593854815000668 -11.636840455916063419294914638158 -9.1208998290559879507100049522705 7.1029996356901410337059132871218 -4.5379368675228635154894618608523 12.823912517618804685071154381149 10.449621459988581051447908976115 8.7704770658444921593854815000668 -11.636840455916063419294914638158 -9.1208998290559879507100049522705 7.1029996356901410337059132871218 -4.5379368675228635154894618608523 12.823912517618804685071154381149 10.449621459988581051447908976115 8.7704770658444921593854815000668 -11.636840455916063419294914638158 -9.1208998290559879507100049522705 7.1029996356901410337059132871218 -4.5379368675228635154894618608523 12.823912517618804685071154381149 10.449621459988581051447908976115 8.7704770658444921593854815000668 -11.636840455916063419294914638158 -9.1208998290559879507100049522705 7.1029996356901410337059132871218 -4.5379368675228635154894618608523 12.823912517618804685071154381149 10.449621459988581051447908976115 8.7704770658444921593854815000668 -11.636840455916063419294914638158 

1 1 1 1 1 1 1 1 1 1 1 1 1 1 1 1 1 1 1 1 1 1 1 1 1 1 1 1 1 1 1 1 1 1 1 1 1 1 1 1 1 1 1 1 1 1 1 1 1 

9.1208998290559879507100049522705 -7.1029996356901410337059132871218 4.5379368675228635154894618608523 -12.823912517618804685071154381149 -10.449621459988581051447908976115 -8.7704770658444921593854815000668 11.636840455916063419294914638158 9.1208998290559879507100049522705 -7.1029996356901410337059132871218 4.5379368675228635154894618608523 -12.823912517618804685071154381149 -10.449621459988581051447908976115 -8.7704770658444921593854815000668 11.636840455916063419294914638158 9.1208998290559879507100049522705 -7.1029996356901410337059132871218 4.5379368675228635154894618608523 -12.823912517618804685071154381149 -10.449621459988581051447908976115 -8.7704770658444921593854815000668 11.636840455916063419294914638158 9.1208998290559879507100049522705 -7.1029996356901410337059132871218 4.5379368675228635154894618608523 -12.823912517618804685071154381149 -10.449621459988581051447908976115 -8.7704770658444921593854815000668 11.636840455916063419294914638158 9.1208998290559879507100049522705 -7.1029996356901410337059132871218 4.5379368675228635154894618608523 -12.823912517618804685071154381149 -10.449621459988581051447908976115 -8.7704770658444921593854815000668 11.636840455916063419294914638158 9.1208998290559879507100049522705 -7.1029996356901410337059132871218 4.5379368675228635154894618608523 -12.823912517618804685071154381149 -10.449621459988581051447908976115 -8.7704770658444921593854815000668 11.636840455916063419294914638158 9.1208998290559879507100049522705 -7.1029996356901410337059132871218 4.5379368675228635154894618608523 -12.823912517618804685071154381149 -10.449621459988581051447908976115 -8.7704770658444921593854815000668 11.636840455916063419294914638158 

2  1 10.601029274523193990376057627145  3 15  
2  2 -2.8081082736782767561578566528624  1 -11.232016930361712780950256274082  
2  3 -2.1641822712831912944864143355517  2 13.786969547399381852414990135003  
5  4 -4.1915429106442978479662997415289  2 -3.9470024888494106285463658423396  6 -11.289326463052718807489327446092  7 -5.273198075561324138504915026715  14 -1.7720153731169752120422344887629  
2  5 -9.4054518346605355816336668794975  1 -14.378933306888695753400497778784  
2  6 -7.114710115215449270920089475112  5 -12.474264658335998845473113760818  
2  7 -1.8825249589352310852774508020957  5 11.609591820840163833850056107622  
2  8 10.601029274523193990376057627145  10 15  
2  9 -2.8081082736782767561578566528624  8 -11.232016930361712780950256274082  
2  10 -2.1641822712831912944864143355517  9 13.786969547399381852414990135003  
6  3 -1.9511275529467921874271496562869  11 -4.1915429106442978479662997415289  9 -3.9470024888494106285463658423396  13 -11.289326463052718807489327446092  14 -5.273198075561324138504915026715  21 -1.7720153731169752120422344887629  
2  12 -9.4054518346605355816336668794975  8 -14.378933306888695753400497778784  
2  13 -7.114710115215449270920089475112  12 -12.474264658335998845473113760818  
2  14 -1.8825249589352310852774508020957  12 11.609591820840163833850056107622  
2  15 10.601029274523193990376057627145  17 15  
2  16 -2.8081082736782767561578566528624  15 -11.232016930361712780950256274082  
2  17 -2.1641822712831912944864143355517  16 13.786969547399381852414990135003  
6  10 -1.9511275529467921874271496562869  18 -4.1915429106442978479662997415289  16 -3.9470024888494106285463658423396  20 -11.289326463052718807489327446092  21 -5.273198075561324138504915026715  28 -1.7720153731169752120422344887629  
2  19 -9.4054518346605355816336668794975  15 -14.378933306888695753400497778784  
2  20 -7.114710115215449270920089475112  19 -12.474264658335998845473113760818  
2  21 -1.8825249589352310852774508020957  19 11.609591820840163833850056107622  
2  22 10.601029274523193990376057627145  24 15  
2  23 -2.8081082736782767561578566528624  22 -11.232016930361712780950256274082  
2  24 -2.1641822712831912944864143355517  23 13.786969547399381852414990135003  
6  17 -1.9511275529467921874271496562869  25 -4.1915429106442978479662997415289  23 -3.9470024888494106285463658423396  27 -11.289326463052718807489327446092  28 -5.273198075561324138504915026715  35 -1.7720153731169752120422344887629  
2  26 -9.4054518346605355816336668794975  22 -14.378933306888695753400497778784  
2  27 -7.114710115215449270920089475112  26 -12.474264658335998845473113760818  
2  28 -1.8825249589352310852774508020957  26 11.609591820840163833850056107622  
2  29 10.601029274523193990376057627145  31 15  
2  30 -2.8081082736782767561578566528624  29 -11.232016930361712780950256274082  
2  31 -2.1641822712831912944864143355517  30 13.786969547399381852414990135003  
6  24 -1.9511275529467921874271496562869  32 -4.1915429106442978479662997415289  30 -3.9470024888494106285463658423396  34 -11.289326463052718807489327446092  35 -5.273198075561324138504915026715  42 -1.7720153731169752120422344887629  
2  33 -9.4054518346605355816336668794975  29 -14.378933306888695753400497778784  
2  34 -7.114710115215449270920089475112  33 -12.474264658335998845473113760818  
2  35 -1.8825249589352310852774508020957  33 11.609591820840163833850056107622  
2  36 10.601029274523193990376057627145  38 15  
2  37 -2.8081082736782767561578566528624  36 -11.232016930361712780950256274082  
2  38 -2.1641822712831912944864143355517  37 13.786969547399381852414990135003  
6  31 -1.9511275529467921874271496562869  39 -4.1915429106442978479662997415289  37 -3.9470024888494106285463658423396  41 -11.289326463052718807489327446092  42 -5.273198075561324138504915026715  49 -1.7720153731169752120422344887629  
2  40 -9.4054518346605355816336668794975  36 -14.378933306888695753400497778784  
2  41 -7.114710115215449270920089475112  40 -12.474264658335998845473113760818  
2  42 -1.8825249589352310852774508020957  40 11.609591820840163833850056107622  
2  43 10.601029274523193990376057627145  45 15  
2  44 -2.8081082736782767561578566528624  43 -11.232016930361712780950256274082  
2  45 -2.1641822712831912944864143355517  44 13.786969547399381852414990135003  
5  38 -1.9511275529467921874271496562869  46 -4.1915429106442978479662997415289  44 -3.9470024888494106285463658423396  48 -11.289326463052718807489327446092  49 -5.273198075561324138504915026715  
2  47 -9.4054518346605355816336668794975  43 -14.378933306888695753400497778784  
2  48 -7.114710115215449270920089475112  47 -12.474264658335998845473113760818  
2  49 -1.8825249589352310852774508020957  47 11.609591820840163833850056107622  

1  14 1.3304474429848167638112954591634  
1  8 0  
0  
1  5 0.092881017884627770087035969481803  
1  4 0.092881017884627770087035969481803  
1  10 0.12923813228664338126350230595563  
0  
2  2 0  21 1.3304474429848167638112954591634  
1  15 0  
1  6 0.12923813228664338126350230595563  
1  12 0.092881017884627770087035969481803  
1  11 0.092881017884627770087035969481803  
1  17 0.12923813228664338126350230595563  
1  1 1.3304474429848167638112954591634  
2  9 0  28 1.3304474429848167638112954591634  
1  22 0  
1  13 0.12923813228664338126350230595563  
1  19 0.092881017884627770087035969481803  
1  18 0.092881017884627770087035969481803  
1  24 0.12923813228664338126350230595563  
1  8 1.3304474429848167638112954591634  
2  16 0  35 1.3304474429848167638112954591634  
1  29 0  
1  20 0.12923813228664338126350230595563  
1  26 0.092881017884627770087035969481803  
1  25 0.092881017884627770087035969481803  
1  31 0.12923813228664338126350230595563  
1  15 1.3304474429848167638112954591634  
2  23 0  42 1.3304474429848167638112954591634  
1  36 0  
1  27 0.12923813228664338126350230595563  
1  33 0.092881017884627770087035969481803  
1  32 0.092881017884627770087035969481803  
1  38 0.12923813228664338126350230595563  
1  22 1.3304474429848167638112954591634  
2  30 0  49 1.3304474429848167638112954591634  
1  43 0  
1  34 0.12923813228664338126350230595563  
1  40 0.092881017884627770087035969481803  
1  39 0.092881017884627770087035969481803  
1  45 0.12923813228664338126350230595563  
1  29 1.3304474429848167638112954591634  
1  37 0  
0  
1  41 0.12923813228664338126350230595563  
1  47 0.092881017884627770087035969481803  
1  46 0.092881017884627770087035969481803  
0  
1  36 1.3304474429848167638112954591634  
