49 9 6

1.3244363512654151460168350240565 0.19233123261887263844016615621513 0.91994580637157330471609384403564 2.0014529891121393134767458832357 0.128047737846158637964322224434 0.13505763998752695620453323499532 0.94228930324800752593716879346175 1.3244363512654151460168350240565 0.19233123261887263844016615621513 0.91994580637157330471609384403564 2.0014529891121393134767458832357 0.128047737846158637964322224434 0.13505763998752695620453323499532 0.94228930324800752593716879346175 1.3244363512654151460168350240565 0.19233123261887263844016615621513 0.91994580637157330471609384403564 2.0014529891121393134767458832357 0.128047737846158637964322224434 0.13505763998752695620453323499532 0.94228930324800752593716879346175 1.3244363512654151460168350240565 0.19233123261887263844016615621513 0.91994580637157330471609384403564 2.0014529891121393134767458832357 0.128047737846158637964322224434 0.13505763998752695620453323499532 0.94228930324800752593716879346175 1.3244363512654151460168350240565 0.19233123261887263844016615621513 0.91994580637157330471609384403564 2.0014529891121393134767458832357 0.128047737846158637964322224434 0.13505763998752695620453323499532 0.94228930324800752593716879346175 1.3244363512654151460168350240565 0.19233123261887263844016615621513 0.91994580637157330471609384403564 2.0014529891121393134767458832357 0.128047737846158637964322224434 0.13505763998752695620453323499532 0.94228930324800752593716879346175 1.3244363512654151460168350240565 0.19233123261887263844016615621513 0.91994580637157330471609384403564 2.0014529891121393134767458832357 0.128047737846158637964322224434 0.13505763998752695620453323499532 0.94228930324800752593716879346175 

-1.1281484001489618940183845552383 5.6589145010956221071296567970421 -4.5219040387296089988922176416963 8.8144168018567601308177472674288 -12.014430922208063634570862632245 9.4741155777042997954140446381643 8.5997185843576993136139208218083 -1.1281484001489618940183845552383 5.6589145010956221071296567970421 -4.5219040387296089988922176416963 8.8144168018567601308177472674288 -12.014430922208063634570862632245 9.4741155777042997954140446381643 8.5997185843576993136139208218083 -1.1281484001489618940183845552383 5.6589145010956221071296567970421 -4.5219040387296089988922176416963 8.8144168018567601308177472674288 -12.014430922208063634570862632245 9.4741155777042997954140446381643 8.5997185843576993136139208218083 -1.1281484001489618940183845552383 5.6589145010956221071296567970421 -4.5219040387296089988922176416963 8.8144168018567601308177472674288 -12.014430922208063634570862632245 9.4741155777042997954140446381643 8.5997185843576993136139208218083 -1.1281484001489618940183845552383 5.6589145010956221071296567970421 -4.5219040387296089988922176416963 8.8144168018567601308177472674288 -12.014430922208063634570862632245 9.4741155777042997954140446381643 8.5997185843576993136139208218083 -1.1281484001489618940183845552383 5.6589145010956221071296567970421 -4.5219040387296089988922176416963 8.8144168018567601308177472674288 -12.014430922208063634570862632245 9.4741155777042997954140446381643 8.5997185843576993136139208218083 -1.1281484001489618940183845552383 5.6589145010956221071296567970421 -4.5219040387296089988922176416963 8.8144168018567601308177472674288 -12.014430922208063634570862632245 9.4741155777042997954140446381643 8.5997185843576993136139208218083 

1 1 1 1 1 1 1 1 1 1 1 1 1 1 1 1 1 1 1 1 1 1 1 1 1 1 1 1 1 1 1 1 1 1 1 1 1 1 1 1 1 1 1 1 1 1 1 1 1 

1.1281484001489618940183845552383 -5.6589145010956221071296567970421 4.5219040387296089988922176416963 -8.8144168018567601308177472674288 12.014430922208063634570862632245 -9.4741155777042997954140446381643 -8.5997185843576993136139208218083 1.1281484001489618940183845552383 -5.6589145010956221071296567970421 4.5219040387296089988922176416963 -8.8144168018567601308177472674288 12.014430922208063634570862632245 -9.4741155777042997954140446381643 -8.5997185843576993136139208218083 1.1281484001489618940183845552383 -5.6589145010956221071296567970421 4.5219040387296089988922176416963 -8.8144168018567601308177472674288 12.014430922208063634570862632245 -9.4741155777042997954140446381643 -8.5997185843576993136139208218083 1.1281484001489618940183845552383 -5.6589145010956221071296567970421 4.5219040387296089988922176416963 -8.8144168018567601308177472674288 12.014430922208063634570862632245 -9.4741155777042997954140446381643 -8.5997185843576993136139208218083 1.1281484001489618940183845552383 -5.6589145010956221071296567970421 4.5219040387296089988922176416963 -8.8144168018567601308177472674288 12.014430922208063634570862632245 -9.4741155777042997954140446381643 -8.5997185843576993136139208218083 1.1281484001489618940183845552383 -5.6589145010956221071296567970421 4.5219040387296089988922176416963 -8.8144168018567601308177472674288 12.014430922208063634570862632245 -9.4741155777042997954140446381643 -8.5997185843576993136139208218083 1.1281484001489618940183845552383 -5.6589145010956221071296567970421 4.5219040387296089988922176416963 -8.8144168018567601308177472674288 12.014430922208063634570862632245 -9.4741155777042997954140446381643 -8.5997185843576993136139208218083 

2  1 -3.5472581053655920513278942962643  3 14.297791363775381512368767289445  
2  2 2.5082116517583528114698765421053  1 -14.049266803883682541709276847541  
2  3 3.0349377020419781025850625155726  2 15  
5  4 12.773986292603449754778921487741  2 -3.6418113387217534437922950019129  6 15  7 2.8351050475296557529247820639284  14 -12.681637022850768659054665477015  
2  5 9.9107378936857895013190500321798  1 15  
2  6 -0.33812626695496011963726346039039  5 -15  
2  7 -2.6393073657946994892142811295344  5 -7.7491552364530047469770579482429  
2  8 -3.5472581053655920513278942962643  10 14.297791363775381512368767289445  
2  9 2.5082116517583528114698765421053  8 -14.049266803883682541709276847541  
2  10 3.0349377020419781025850625155726  9 15  
6  3 3.6086483174318861877338804333704  11 12.773986292603449754778921487741  9 -3.6418113387217534437922950019129  13 15  14 2.8351050475296557529247820639284  21 -12.681637022850768659054665477015  
2  12 9.9107378936857895013190500321798  8 15  
2  13 -0.33812626695496011963726346039039  12 -15  
2  14 -2.6393073657946994892142811295344  12 -7.7491552364530047469770579482429  
2  15 -3.5472581053655920513278942962643  17 14.297791363775381512368767289445  
2  16 2.5082116517583528114698765421053  15 -14.049266803883682541709276847541  
2  17 3.0349377020419781025850625155726  16 15  
6  10 3.6086483174318861877338804333704  18 12.773986292603449754778921487741  16 -3.6418113387217534437922950019129  20 15  21 2.8351050475296557529247820639284  28 -12.681637022850768659054665477015  
2  19 9.9107378936857895013190500321798  15 15  
2  20 -0.33812626695496011963726346039039  19 -15  
2  21 -2.6393073657946994892142811295344  19 -7.7491552364530047469770579482429  
2  22 -3.5472581053655920513278942962643  24 14.297791363775381512368767289445  
2  23 2.5082116517583528114698765421053  22 -14.049266803883682541709276847541  
2  24 3.0349377020419781025850625155726  23 15  
6  17 3.6086483174318861877338804333704  25 12.773986292603449754778921487741  23 -3.6418113387217534437922950019129  27 15  28 2.8351050475296557529247820639284  35 -12.681637022850768659054665477015  
2  26 9.9107378936857895013190500321798  22 15  
2  27 -0.33812626695496011963726346039039  26 -15  
2  28 -2.6393073657946994892142811295344  26 -7.7491552364530047469770579482429  
2  29 -3.5472581053655920513278942962643  31 14.297791363775381512368767289445  
2  30 2.5082116517583528114698765421053  29 -14.049266803883682541709276847541  
2  31 3.0349377020419781025850625155726  30 15  
6  24 3.6086483174318861877338804333704  32 12.773986292603449754778921487741  30 -3.6418113387217534437922950019129  34 15  35 2.8351050475296557529247820639284  42 -12.681637022850768659054665477015  
2  33 9.9107378936857895013190500321798  29 15  
2  34 -0.33812626695496011963726346039039  33 -15  
2  35 -2.6393073657946994892142811295344  33 -7.7491552364530047469770579482429  
2  36 -3.5472581053655920513278942962643  38 14.297791363775381512368767289445  
2  37 2.5082116517583528114698765421053  36 -14.049266803883682541709276847541  
2  38 3.0349377020419781025850625155726  37 15  
6  31 3.6086483174318861877338804333704  39 12.773986292603449754778921487741  37 -3.6418113387217534437922950019129  41 15  42 2.8351050475296557529247820639284  49 -12.681637022850768659054665477015  
2  40 9.9107378936857895013190500321798  36 15  
2  41 -0.33812626695496011963726346039039  40 -15  
2  42 -2.6393073657946994892142811295344  40 -7.7491552364530047469770579482429  
2  43 -3.5472581053655920513278942962643  45 14.297791363775381512368767289445  
2  44 2.5082116517583528114698765421053  43 -14.049266803883682541709276847541  
2  45 3.0349377020419781025850625155726  44 15  
5  38 3.6086483174318861877338804333704  46 12.773986292603449754778921487741  44 -3.6418113387217534437922950019129  48 15  49 2.8351050475296557529247820639284  
2  47 9.9107378936857895013190500321798  43 15  
2  48 -0.33812626695496011963726346039039  47 -15  
2  49 -2.6393073657946994892142811295344  47 -7.7491552364530047469770579482429  

1  14 1.1512429823209187063071112788748  
1  8 0  
0  
1  5 1.7440933523984480935098417830886  
1  4 1.7440933523984480935098417830886  
1  10 0.00013944880275762461252497814712115  
0  
2  2 0  21 1.1512429823209187063071112788748  
1  15 0  
1  6 0.00013944880275762461252497814712115  
1  12 1.7440933523984480935098417830886  
1  11 1.7440933523984480935098417830886  
1  17 0.00013944880275762461252497814712115  
1  1 1.1512429823209187063071112788748  
2  9 0  28 1.1512429823209187063071112788748  
1  22 0  
1  13 0.00013944880275762461252497814712115  
1  19 1.7440933523984480935098417830886  
1  18 1.7440933523984480935098417830886  
1  24 0.00013944880275762461252497814712115  
1  8 1.1512429823209187063071112788748  
2  16 0  35 1.1512429823209187063071112788748  
1  29 0  
1  20 0.00013944880275762461252497814712115  
1  26 1.7440933523984480935098417830886  
1  25 1.7440933523984480935098417830886  
1  31 0.00013944880275762461252497814712115  
1  15 1.1512429823209187063071112788748  
2  23 0  42 1.1512429823209187063071112788748  
1  36 0  
1  27 0.00013944880275762461252497814712115  
1  33 1.7440933523984480935098417830886  
1  32 1.7440933523984480935098417830886  
1  38 0.00013944880275762461252497814712115  
1  22 1.1512429823209187063071112788748  
2  30 0  49 1.1512429823209187063071112788748  
1  43 0  
1  34 0.00013944880275762461252497814712115  
1  40 1.7440933523984480935098417830886  
1  39 1.7440933523984480935098417830886  
1  45 0.00013944880275762461252497814712115  
1  29 1.1512429823209187063071112788748  
1  37 0  
0  
1  41 0.00013944880275762461252497814712115  
1  47 1.7440933523984480935098417830886  
1  46 1.7440933523984480935098417830886  
0  
1  36 1.1512429823209187063071112788748  
