49 9 6

0.57863477531033769007962064279127 0.57869534259427679590004345300258 0.10000000000000008881784197001252 0.42090822157446650120249387327931 0.35217362171206711973781011693063 0.29301747809214395701360444945749 0.94345683548711034571709888041369 0.57863477531033769007962064279127 0.57869534259427679590004345300258 0.10000000000000008881784197001252 0.42090822157446650120249387327931 0.35217362171206711973781011693063 0.29301747809214395701360444945749 0.94345683548711034571709888041369 0.57863477531033769007962064279127 0.57869534259427679590004345300258 0.10000000000000008881784197001252 0.42090822157446650120249387327931 0.35217362171206711973781011693063 0.29301747809214395701360444945749 0.94345683548711034571709888041369 0.57863477531033769007962064279127 0.57869534259427679590004345300258 0.10000000000000008881784197001252 0.42090822157446650120249387327931 0.35217362171206711973781011693063 0.29301747809214395701360444945749 0.94345683548711034571709888041369 0.57863477531033769007962064279127 0.57869534259427679590004345300258 0.10000000000000008881784197001252 0.42090822157446650120249387327931 0.35217362171206711973781011693063 0.29301747809214395701360444945749 0.94345683548711034571709888041369 0.57863477531033769007962064279127 0.57869534259427679590004345300258 0.10000000000000008881784197001252 0.42090822157446650120249387327931 0.35217362171206711973781011693063 0.29301747809214395701360444945749 0.94345683548711034571709888041369 0.57863477531033769007962064279127 0.57869534259427679590004345300258 0.10000000000000008881784197001252 0.42090822157446650120249387327931 0.35217362171206711973781011693063 0.29301747809214395701360444945749 0.94345683548711034571709888041369 

4.504522764106123844385365373455 4.4799120287350717717345105484128 0.94651110840472418850310987181729 7.1168972959370089270692005811725 -2.1339293146474109796884022216545 0.039543564825357709058284427783292 14.140538382069621547998394817114 4.504522764106123844385365373455 4.4799120287350717717345105484128 0.94651110840472418850310987181729 7.1168972959370089270692005811725 -2.1339293146474109796884022216545 0.039543564825357709058284427783292 14.140538382069621547998394817114 4.504522764106123844385365373455 4.4799120287350717717345105484128 0.94651110840472418850310987181729 7.1168972959370089270692005811725 -2.1339293146474109796884022216545 0.039543564825357709058284427783292 14.140538382069621547998394817114 4.504522764106123844385365373455 4.4799120287350717717345105484128 0.94651110840472418850310987181729 7.1168972959370089270692005811725 -2.1339293146474109796884022216545 0.039543564825357709058284427783292 14.140538382069621547998394817114 4.504522764106123844385365373455 4.4799120287350717717345105484128 0.94651110840472418850310987181729 7.1168972959370089270692005811725 -2.1339293146474109796884022216545 0.039543564825357709058284427783292 14.140538382069621547998394817114 4.504522764106123844385365373455 4.4799120287350717717345105484128 0.94651110840472418850310987181729 7.1168972959370089270692005811725 -2.1339293146474109796884022216545 0.039543564825357709058284427783292 14.140538382069621547998394817114 4.504522764106123844385365373455 4.4799120287350717717345105484128 0.94651110840472418850310987181729 7.1168972959370089270692005811725 -2.1339293146474109796884022216545 0.039543564825357709058284427783292 14.140538382069621547998394817114 

1 1 1 1 1 1 1 1 1 1 1 1 1 1 1 1 1 1 1 1 1 1 1 1 1 1 1 1 1 1 1 1 1 1 1 1 1 1 1 1 1 1 1 1 1 1 1 1 1 

-4.504522764106123844385365373455 -4.4799120287350717717345105484128 -0.94651110840472418850310987181729 -7.1168972959370089270692005811725 2.1339293146474109796884022216545 -0.039543564825357709058284427783292 -14.140538382069621547998394817114 -4.504522764106123844385365373455 -4.4799120287350717717345105484128 -0.94651110840472418850310987181729 -7.1168972959370089270692005811725 2.1339293146474109796884022216545 -0.039543564825357709058284427783292 -14.140538382069621547998394817114 -4.504522764106123844385365373455 -4.4799120287350717717345105484128 -0.94651110840472418850310987181729 -7.1168972959370089270692005811725 2.1339293146474109796884022216545 -0.039543564825357709058284427783292 -14.140538382069621547998394817114 -4.504522764106123844385365373455 -4.4799120287350717717345105484128 -0.94651110840472418850310987181729 -7.1168972959370089270692005811725 2.1339293146474109796884022216545 -0.039543564825357709058284427783292 -14.140538382069621547998394817114 -4.504522764106123844385365373455 -4.4799120287350717717345105484128 -0.94651110840472418850310987181729 -7.1168972959370089270692005811725 2.1339293146474109796884022216545 -0.039543564825357709058284427783292 -14.140538382069621547998394817114 -4.504522764106123844385365373455 -4.4799120287350717717345105484128 -0.94651110840472418850310987181729 -7.1168972959370089270692005811725 2.1339293146474109796884022216545 -0.039543564825357709058284427783292 -14.140538382069621547998394817114 -4.504522764106123844385365373455 -4.4799120287350717717345105484128 -0.94651110840472418850310987181729 -7.1168972959370089270692005811725 2.1339293146474109796884022216545 -0.039543564825357709058284427783292 -14.140538382069621547998394817114 

2  1 9.5765168170182555229530407814309  3 -14.208988640554402138604928040877  
2  2 1.2238958136077873195546317219851  1 -14.254700584623158476915705250576  
2  3 11.560520680214313671285708551295  2 -14.616298787003685788477014284581  
5  4 -11.025767487030195823649592057336  2 -6.3120636556051552545909544278402  6 -6.8983393098619254502068542933557  7 13.743240930844129010779397503939  14 -13.443081793311943528124174918048  
2  5 -8.60747657965866785900743707316  1 13.873231217590912933701474685222  
2  6 3.3918961040739308288038955652155  5 -4.6447780050390132799975617672317  
2  7 -8.2282691234696567761375263216905  5 -15  
2  8 9.5765168170182555229530407814309  10 -14.208988640554402138604928040877  
2  9 1.2238958136077873195546317219851  8 -14.254700584623158476915705250576  
2  10 11.560520680214313671285708551295  9 -14.616298787003685788477014284581  
6  3 -3.272366811692084098694977001287  11 -11.025767487030195823649592057336  9 -6.3120636556051552545909544278402  13 -6.8983393098619254502068542933557  14 13.743240930844129010779397503939  21 -13.443081793311943528124174918048  
2  12 -8.60747657965866785900743707316  8 13.873231217590912933701474685222  
2  13 3.3918961040739308288038955652155  12 -4.6447780050390132799975617672317  
2  14 -8.2282691234696567761375263216905  12 -15  
2  15 9.5765168170182555229530407814309  17 -14.208988640554402138604928040877  
2  16 1.2238958136077873195546317219851  15 -14.254700584623158476915705250576  
2  17 11.560520680214313671285708551295  16 -14.616298787003685788477014284581  
6  10 -3.272366811692084098694977001287  18 -11.025767487030195823649592057336  16 -6.3120636556051552545909544278402  20 -6.8983393098619254502068542933557  21 13.743240930844129010779397503939  28 -13.443081793311943528124174918048  
2  19 -8.60747657965866785900743707316  15 13.873231217590912933701474685222  
2  20 3.3918961040739308288038955652155  19 -4.6447780050390132799975617672317  
2  21 -8.2282691234696567761375263216905  19 -15  
2  22 9.5765168170182555229530407814309  24 -14.208988640554402138604928040877  
2  23 1.2238958136077873195546317219851  22 -14.254700584623158476915705250576  
2  24 11.560520680214313671285708551295  23 -14.616298787003685788477014284581  
6  17 -3.272366811692084098694977001287  25 -11.025767487030195823649592057336  23 -6.3120636556051552545909544278402  27 -6.8983393098619254502068542933557  28 13.743240930844129010779397503939  35 -13.443081793311943528124174918048  
2  26 -8.60747657965866785900743707316  22 13.873231217590912933701474685222  
2  27 3.3918961040739308288038955652155  26 -4.6447780050390132799975617672317  
2  28 -8.2282691234696567761375263216905  26 -15  
2  29 9.5765168170182555229530407814309  31 -14.208988640554402138604928040877  
2  30 1.2238958136077873195546317219851  29 -14.254700584623158476915705250576  
2  31 11.560520680214313671285708551295  30 -14.616298787003685788477014284581  
6  24 -3.272366811692084098694977001287  32 -11.025767487030195823649592057336  30 -6.3120636556051552545909544278402  34 -6.8983393098619254502068542933557  35 13.743240930844129010779397503939  42 -13.443081793311943528124174918048  
2  33 -8.60747657965866785900743707316  29 13.873231217590912933701474685222  
2  34 3.3918961040739308288038955652155  33 -4.6447780050390132799975617672317  
2  35 -8.2282691234696567761375263216905  33 -15  
2  36 9.5765168170182555229530407814309  38 -14.208988640554402138604928040877  
2  37 1.2238958136077873195546317219851  36 -14.254700584623158476915705250576  
2  38 11.560520680214313671285708551295  37 -14.616298787003685788477014284581  
6  31 -3.272366811692084098694977001287  39 -11.025767487030195823649592057336  37 -6.3120636556051552545909544278402  41 -6.8983393098619254502068542933557  42 13.743240930844129010779397503939  49 -13.443081793311943528124174918048  
2  40 -8.60747657965866785900743707316  36 13.873231217590912933701474685222  
2  41 3.3918961040739308288038955652155  40 -4.6447780050390132799975617672317  
2  42 -8.2282691234696567761375263216905  40 -15  
2  43 9.5765168170182555229530407814309  45 -14.208988640554402138604928040877  
2  44 1.2238958136077873195546317219851  43 -14.254700584623158476915705250576  
2  45 11.560520680214313671285708551295  44 -14.616298787003685788477014284581  
5  38 -3.272366811692084098694977001287  46 -11.025767487030195823649592057336  44 -6.3120636556051552545909544278402  48 -6.8983393098619254502068542933557  49 13.743240930844129010779397503939  
2  47 -8.60747657965866785900743707316  43 13.873231217590912933701474685222  
2  48 3.3918961040739308288038955652155  47 -4.6447780050390132799975617672317  
2  49 -8.2282691234696567761375263216905  47 -15  

1  14 0.47430126805776751108822963942657  
1  8 0  
0  
1  5 0.4355776480114883497662958689034  
1  4 0.4355776480114883497662958689034  
1  10 0.45944210854930278564722812006949  
0  
2  2 0  21 0.47430126805776751108822963942657  
1  15 0  
1  6 0.45944210854930278564722812006949  
1  12 0.4355776480114883497662958689034  
1  11 0.4355776480114883497662958689034  
1  17 0.45944210854930278564722812006949  
1  1 0.47430126805776751108822963942657  
2  9 0  28 0.47430126805776751108822963942657  
1  22 0  
1  13 0.45944210854930278564722812006949  
1  19 0.4355776480114883497662958689034  
1  18 0.4355776480114883497662958689034  
1  24 0.45944210854930278564722812006949  
1  8 0.47430126805776751108822963942657  
2  16 0  35 0.47430126805776751108822963942657  
1  29 0  
1  20 0.45944210854930278564722812006949  
1  26 0.4355776480114883497662958689034  
1  25 0.4355776480114883497662958689034  
1  31 0.45944210854930278564722812006949  
1  15 0.47430126805776751108822963942657  
2  23 0  42 0.47430126805776751108822963942657  
1  36 0  
1  27 0.45944210854930278564722812006949  
1  33 0.4355776480114883497662958689034  
1  32 0.4355776480114883497662958689034  
1  38 0.45944210854930278564722812006949  
1  22 0.47430126805776751108822963942657  
2  30 0  49 0.47430126805776751108822963942657  
1  43 0  
1  34 0.45944210854930278564722812006949  
1  40 0.4355776480114883497662958689034  
1  39 0.4355776480114883497662958689034  
1  45 0.45944210854930278564722812006949  
1  29 0.47430126805776751108822963942657  
1  37 0  
0  
1  41 0.45944210854930278564722812006949  
1  47 0.4355776480114883497662958689034  
1  46 0.4355776480114883497662958689034  
0  
1  36 0.47430126805776751108822963942657  
