49 9 6

0.35305898654554579429998284467729 1.0919572621942357226743069986696 0.10000000000000008881784197001252 1.1932960576549160869319621269824 0.2417342790166918664596096277819 1.3577814494009470269730854852241 0.56120997078777368205493303321418 0.35305898654554579429998284467729 1.0919572621942357226743069986696 0.10000000000000008881784197001252 1.1932960576549160869319621269824 0.2417342790166918664596096277819 1.3577814494009470269730854852241 0.56120997078777368205493303321418 0.35305898654554579429998284467729 1.0919572621942357226743069986696 0.10000000000000008881784197001252 1.1932960576549160869319621269824 0.2417342790166918664596096277819 1.3577814494009470269730854852241 0.56120997078777368205493303321418 0.35305898654554579429998284467729 1.0919572621942357226743069986696 0.10000000000000008881784197001252 1.1932960576549160869319621269824 0.2417342790166918664596096277819 1.3577814494009470269730854852241 0.56120997078777368205493303321418 0.35305898654554579429998284467729 1.0919572621942357226743069986696 0.10000000000000008881784197001252 1.1932960576549160869319621269824 0.2417342790166918664596096277819 1.3577814494009470269730854852241 0.56120997078777368205493303321418 0.35305898654554579429998284467729 1.0919572621942357226743069986696 0.10000000000000008881784197001252 1.1932960576549160869319621269824 0.2417342790166918664596096277819 1.3577814494009470269730854852241 0.56120997078777368205493303321418 0.35305898654554579429998284467729 1.0919572621942357226743069986696 0.10000000000000008881784197001252 1.1932960576549160869319621269824 0.2417342790166918664596096277819 1.3577814494009470269730854852241 0.56120997078777368205493303321418 

8.6081111825169180917782796313986 7.4018492643325854984936995606404 -9.8091298312815116133833726053126 -14.991159850103491280037815158721 4.608211149680493612379450496519 6.3046077775408040366755813010968 14.777243979544058660735572630074 8.6081111825169180917782796313986 7.4018492643325854984936995606404 -9.8091298312815116133833726053126 -14.991159850103491280037815158721 4.608211149680493612379450496519 6.3046077775408040366755813010968 14.777243979544058660735572630074 8.6081111825169180917782796313986 7.4018492643325854984936995606404 -9.8091298312815116133833726053126 -14.991159850103491280037815158721 4.608211149680493612379450496519 6.3046077775408040366755813010968 14.777243979544058660735572630074 8.6081111825169180917782796313986 7.4018492643325854984936995606404 -9.8091298312815116133833726053126 -14.991159850103491280037815158721 4.608211149680493612379450496519 6.3046077775408040366755813010968 14.777243979544058660735572630074 8.6081111825169180917782796313986 7.4018492643325854984936995606404 -9.8091298312815116133833726053126 -14.991159850103491280037815158721 4.608211149680493612379450496519 6.3046077775408040366755813010968 14.777243979544058660735572630074 8.6081111825169180917782796313986 7.4018492643325854984936995606404 -9.8091298312815116133833726053126 -14.991159850103491280037815158721 4.608211149680493612379450496519 6.3046077775408040366755813010968 14.777243979544058660735572630074 8.6081111825169180917782796313986 7.4018492643325854984936995606404 -9.8091298312815116133833726053126 -14.991159850103491280037815158721 4.608211149680493612379450496519 6.3046077775408040366755813010968 14.777243979544058660735572630074 

1 1 1 1 1 1 1 1 1 1 1 1 1 1 1 1 1 1 1 1 1 1 1 1 1 1 1 1 1 1 1 1 1 1 1 1 1 1 1 1 1 1 1 1 1 1 1 1 1 

-8.6081111825169180917782796313986 -7.4018492643325854984936995606404 9.8091298312815116133833726053126 14.991159850103491280037815158721 -4.608211149680493612379450496519 -6.3046077775408040366755813010968 -14.777243979544058660735572630074 -8.6081111825169180917782796313986 -7.4018492643325854984936995606404 9.8091298312815116133833726053126 14.991159850103491280037815158721 -4.608211149680493612379450496519 -6.3046077775408040366755813010968 -14.777243979544058660735572630074 -8.6081111825169180917782796313986 -7.4018492643325854984936995606404 9.8091298312815116133833726053126 14.991159850103491280037815158721 -4.608211149680493612379450496519 -6.3046077775408040366755813010968 -14.777243979544058660735572630074 -8.6081111825169180917782796313986 -7.4018492643325854984936995606404 9.8091298312815116133833726053126 14.991159850103491280037815158721 -4.608211149680493612379450496519 -6.3046077775408040366755813010968 -14.777243979544058660735572630074 -8.6081111825169180917782796313986 -7.4018492643325854984936995606404 9.8091298312815116133833726053126 14.991159850103491280037815158721 -4.608211149680493612379450496519 -6.3046077775408040366755813010968 -14.777243979544058660735572630074 -8.6081111825169180917782796313986 -7.4018492643325854984936995606404 9.8091298312815116133833726053126 14.991159850103491280037815158721 -4.608211149680493612379450496519 -6.3046077775408040366755813010968 -14.777243979544058660735572630074 -8.6081111825169180917782796313986 -7.4018492643325854984936995606404 9.8091298312815116133833726053126 14.991159850103491280037815158721 -4.608211149680493612379450496519 -6.3046077775408040366755813010968 -14.777243979544058660735572630074 

2  1 -12.433576350895123141526710242033  3 7.097314834909267844409441750031  
2  2 2.1407791866971193073254653427284  1 -13.803024361154838217657925270032  
2  3 9.3153866567505527740422621718608  2 13.089994864716999245501938275993  
5  4 15  2 -12.428159192291476031755337317009  6 3.6684124187440882991495527676307  7 10.982851087685670421478789648972  14 -3.3187345498767482077084878255846  
2  5 -6.513187859517001854214868217241  1 -5.8411067631110515918635428533889  
2  6 -3.9962873643382419430736263166182  5 -12.935927861411006034586534951814  
2  7 -13.159319174097168669845814292785  5 -9.335875158050978228629901423119  
2  8 -12.433576350895123141526710242033  10 7.097314834909267844409441750031  
2  9 2.1407791866971193073254653427284  8 -13.803024361154838217657925270032  
2  10 9.3153866567505527740422621718608  9 13.089994864716999245501938275993  
6  3 -2.728225264328761667798062262591  11 15  9 -12.428159192291476031755337317009  13 3.6684124187440882991495527676307  14 10.982851087685670421478789648972  21 -3.3187345498767482077084878255846  
2  12 -6.513187859517001854214868217241  8 -5.8411067631110515918635428533889  
2  13 -3.9962873643382419430736263166182  12 -12.935927861411006034586534951814  
2  14 -13.159319174097168669845814292785  12 -9.335875158050978228629901423119  
2  15 -12.433576350895123141526710242033  17 7.097314834909267844409441750031  
2  16 2.1407791866971193073254653427284  15 -13.803024361154838217657925270032  
2  17 9.3153866567505527740422621718608  16 13.089994864716999245501938275993  
6  10 -2.728225264328761667798062262591  18 15  16 -12.428159192291476031755337317009  20 3.6684124187440882991495527676307  21 10.982851087685670421478789648972  28 -3.3187345498767482077084878255846  
2  19 -6.513187859517001854214868217241  15 -5.8411067631110515918635428533889  
2  20 -3.9962873643382419430736263166182  19 -12.935927861411006034586534951814  
2  21 -13.159319174097168669845814292785  19 -9.335875158050978228629901423119  
2  22 -12.433576350895123141526710242033  24 7.097314834909267844409441750031  
2  23 2.1407791866971193073254653427284  22 -13.803024361154838217657925270032  
2  24 9.3153866567505527740422621718608  23 13.089994864716999245501938275993  
6  17 -2.728225264328761667798062262591  25 15  23 -12.428159192291476031755337317009  27 3.6684124187440882991495527676307  28 10.982851087685670421478789648972  35 -3.3187345498767482077084878255846  
2  26 -6.513187859517001854214868217241  22 -5.8411067631110515918635428533889  
2  27 -3.9962873643382419430736263166182  26 -12.935927861411006034586534951814  
2  28 -13.159319174097168669845814292785  26 -9.335875158050978228629901423119  
2  29 -12.433576350895123141526710242033  31 7.097314834909267844409441750031  
2  30 2.1407791866971193073254653427284  29 -13.803024361154838217657925270032  
2  31 9.3153866567505527740422621718608  30 13.089994864716999245501938275993  
6  24 -2.728225264328761667798062262591  32 15  30 -12.428159192291476031755337317009  34 3.6684124187440882991495527676307  35 10.982851087685670421478789648972  42 -3.3187345498767482077084878255846  
2  33 -6.513187859517001854214868217241  29 -5.8411067631110515918635428533889  
2  34 -3.9962873643382419430736263166182  33 -12.935927861411006034586534951814  
2  35 -13.159319174097168669845814292785  33 -9.335875158050978228629901423119  
2  36 -12.433576350895123141526710242033  38 7.097314834909267844409441750031  
2  37 2.1407791866971193073254653427284  36 -13.803024361154838217657925270032  
2  38 9.3153866567505527740422621718608  37 13.089994864716999245501938275993  
6  31 -2.728225264328761667798062262591  39 15  37 -12.428159192291476031755337317009  41 3.6684124187440882991495527676307  42 10.982851087685670421478789648972  49 -3.3187345498767482077084878255846  
2  40 -6.513187859517001854214868217241  36 -5.8411067631110515918635428533889  
2  41 -3.9962873643382419430736263166182  40 -12.935927861411006034586534951814  
2  42 -13.159319174097168669845814292785  40 -9.335875158050978228629901423119  
2  43 -12.433576350895123141526710242033  45 7.097314834909267844409441750031  
2  44 2.1407791866971193073254653427284  43 -13.803024361154838217657925270032  
2  45 9.3153866567505527740422621718608  44 13.089994864716999245501938275993  
5  38 -2.728225264328761667798062262591  46 15  44 -12.428159192291476031755337317009  48 3.6684124187440882991495527676307  49 10.982851087685670421478789648972  
2  47 -6.513187859517001854214868217241  43 -5.8411067631110515918635428533889  
2  48 -3.9962873643382419430736263166182  47 -12.935927861411006034586534951814  
2  49 -13.159319174097168669845814292785  47 -9.335875158050978228629901423119  

1  14 0.63601065362319697538140417236718  
1  8 0.0087172945395784795508120623708237  
0  
1  5 1.0689423806807250016959187632892  
1  4 1.0689423806807250016959187632892  
1  10 0.19953427622611030756161198951304  
0  
2  2 0.0087172945395784795508120623708237  21 0.63601065362319697538140417236718  
1  15 0.0087172945395784795508120623708237  
1  6 0.19953427622611030756161198951304  
1  12 1.0689423806807250016959187632892  
1  11 1.0689423806807250016959187632892  
1  17 0.19953427622611030756161198951304  
1  1 0.63601065362319697538140417236718  
2  9 0.0087172945395784795508120623708237  28 0.63601065362319697538140417236718  
1  22 0.0087172945395784795508120623708237  
1  13 0.19953427622611030756161198951304  
1  19 1.0689423806807250016959187632892  
1  18 1.0689423806807250016959187632892  
1  24 0.19953427622611030756161198951304  
1  8 0.63601065362319697538140417236718  
2  16 0.0087172945395784795508120623708237  35 0.63601065362319697538140417236718  
1  29 0.0087172945395784795508120623708237  
1  20 0.19953427622611030756161198951304  
1  26 1.0689423806807250016959187632892  
1  25 1.0689423806807250016959187632892  
1  31 0.19953427622611030756161198951304  
1  15 0.63601065362319697538140417236718  
2  23 0.0087172945395784795508120623708237  42 0.63601065362319697538140417236718  
1  36 0.0087172945395784795508120623708237  
1  27 0.19953427622611030756161198951304  
1  33 1.0689423806807250016959187632892  
1  32 1.0689423806807250016959187632892  
1  38 0.19953427622611030756161198951304  
1  22 0.63601065362319697538140417236718  
2  30 0.0087172945395784795508120623708237  49 0.63601065362319697538140417236718  
1  43 0.0087172945395784795508120623708237  
1  34 0.19953427622611030756161198951304  
1  40 1.0689423806807250016959187632892  
1  39 1.0689423806807250016959187632892  
1  45 0.19953427622611030756161198951304  
1  29 0.63601065362319697538140417236718  
1  37 0.0087172945395784795508120623708237  
0  
1  41 0.19953427622611030756161198951304  
1  47 1.0689423806807250016959187632892  
1  46 1.0689423806807250016959187632892  
0  
1  36 0.63601065362319697538140417236718  
