49 9 6

0.12911546423168562824912442010827 1.4458824698889702897730558106559 0.41638848917178461483956652955385 0.43527171168848055593514345673611 0.28515427426565209678699375217548 0.10303354129348263334975399629911 2.1803743877530838979339478100883 0.12911546423168562824912442010827 1.4458824698889702897730558106559 0.41638848917178461483956652955385 0.43527171168848055593514345673611 0.28515427426565209678699375217548 0.10303354129348263334975399629911 2.1803743877530838979339478100883 0.12911546423168562824912442010827 1.4458824698889702897730558106559 0.41638848917178461483956652955385 0.43527171168848055593514345673611 0.28515427426565209678699375217548 0.10303354129348263334975399629911 2.1803743877530838979339478100883 0.12911546423168562824912442010827 1.4458824698889702897730558106559 0.41638848917178461483956652955385 0.43527171168848055593514345673611 0.28515427426565209678699375217548 0.10303354129348263334975399629911 2.1803743877530838979339478100883 0.12911546423168562824912442010827 1.4458824698889702897730558106559 0.41638848917178461483956652955385 0.43527171168848055593514345673611 0.28515427426565209678699375217548 0.10303354129348263334975399629911 2.1803743877530838979339478100883 0.12911546423168562824912442010827 1.4458824698889702897730558106559 0.41638848917178461483956652955385 0.43527171168848055593514345673611 0.28515427426565209678699375217548 0.10303354129348263334975399629911 2.1803743877530838979339478100883 0.12911546423168562824912442010827 1.4458824698889702897730558106559 0.41638848917178461483956652955385 0.43527171168848055593514345673611 0.28515427426565209678699375217548 0.10303354129348263334975399629911 2.1803743877530838979339478100883 

-5.944886993886653314689283433836 -0.74286372472994832705239787173923 -8.0504946326990971527948204311542 0.81285275084585140170645445323316 1.2899883500613416043023562451708 -1.2085634319975526729251669166842 -9.6984084027423147489344046334736 -5.944886993886653314689283433836 -0.74286372472994832705239787173923 -8.0504946326990971527948204311542 0.81285275084585140170645445323316 1.2899883500613416043023562451708 -1.2085634319975526729251669166842 -9.6984084027423147489344046334736 -5.944886993886653314689283433836 -0.74286372472994832705239787173923 -8.0504946326990971527948204311542 0.81285275084585140170645445323316 1.2899883500613416043023562451708 -1.2085634319975526729251669166842 -9.6984084027423147489344046334736 -5.944886993886653314689283433836 -0.74286372472994832705239787173923 -8.0504946326990971527948204311542 0.81285275084585140170645445323316 1.2899883500613416043023562451708 -1.2085634319975526729251669166842 -9.6984084027423147489344046334736 -5.944886993886653314689283433836 -0.74286372472994832705239787173923 -8.0504946326990971527948204311542 0.81285275084585140170645445323316 1.2899883500613416043023562451708 -1.2085634319975526729251669166842 -9.6984084027423147489344046334736 -5.944886993886653314689283433836 -0.74286372472994832705239787173923 -8.0504946326990971527948204311542 0.81285275084585140170645445323316 1.2899883500613416043023562451708 -1.2085634319975526729251669166842 -9.6984084027423147489344046334736 -5.944886993886653314689283433836 -0.74286372472994832705239787173923 -8.0504946326990971527948204311542 0.81285275084585140170645445323316 1.2899883500613416043023562451708 -1.2085634319975526729251669166842 -9.6984084027423147489344046334736 

1 1 1 1 1 1 1 1 1 1 1 1 1 1 1 1 1 1 1 1 1 1 1 1 1 1 1 1 1 1 1 1 1 1 1 1 1 1 1 1 1 1 1 1 1 1 1 1 1 

5.944886993886653314689283433836 0.74286372472994832705239787173923 8.0504946326990971527948204311542 -0.81285275084585140170645445323316 -1.2899883500613416043023562451708 1.2085634319975526729251669166842 9.6984084027423147489344046334736 5.944886993886653314689283433836 0.74286372472994832705239787173923 8.0504946326990971527948204311542 -0.81285275084585140170645445323316 -1.2899883500613416043023562451708 1.2085634319975526729251669166842 9.6984084027423147489344046334736 5.944886993886653314689283433836 0.74286372472994832705239787173923 8.0504946326990971527948204311542 -0.81285275084585140170645445323316 -1.2899883500613416043023562451708 1.2085634319975526729251669166842 9.6984084027423147489344046334736 5.944886993886653314689283433836 0.74286372472994832705239787173923 8.0504946326990971527948204311542 -0.81285275084585140170645445323316 -1.2899883500613416043023562451708 1.2085634319975526729251669166842 9.6984084027423147489344046334736 5.944886993886653314689283433836 0.74286372472994832705239787173923 8.0504946326990971527948204311542 -0.81285275084585140170645445323316 -1.2899883500613416043023562451708 1.2085634319975526729251669166842 9.6984084027423147489344046334736 5.944886993886653314689283433836 0.74286372472994832705239787173923 8.0504946326990971527948204311542 -0.81285275084585140170645445323316 -1.2899883500613416043023562451708 1.2085634319975526729251669166842 9.6984084027423147489344046334736 5.944886993886653314689283433836 0.74286372472994832705239787173923 8.0504946326990971527948204311542 -0.81285275084585140170645445323316 -1.2899883500613416043023562451708 1.2085634319975526729251669166842 9.6984084027423147489344046334736 

2  1 9.913096720453120624938492255751  3 14.485762837734947439116695022676  
2  2 12.374716519765623701232470921241  1 -14.857665546583621818399478797801  
2  3 -2.4708550233285331287902408803347  2 14.927848751168987462278892053291  
5  4 -12.047987733273973987024874077179  2 6.9903986697786688608857730287127  6 14.705975810208210319274257926736  7 -10.808795823625473531137686222792  14 -8.7156898769528847736864918260835  
2  5 -7.1305550432266686655680132389534  1 13.794654271318298910387056821492  
2  6 -0.29674830891215192574250636425859  5 -9.1655649225420301462463612551801  
2  7 4.7059669774451338142284839705098  5 -8.3032149302986635319712149794213  
2  8 9.913096720453120624938492255751  10 14.485762837734947439116695022676  
2  9 12.374716519765623701232470921241  8 -14.857665546583621818399478797801  
2  10 -2.4708550233285331287902408803347  9 14.927848751168987462278892053291  
6  3 -6.0451558188676761673718829115387  11 -12.047987733273973987024874077179  9 6.9903986697786688608857730287127  13 14.705975810208210319274257926736  14 -10.808795823625473531137686222792  21 -8.7156898769528847736864918260835  
2  12 -7.1305550432266686655680132389534  8 13.794654271318298910387056821492  
2  13 -0.29674830891215192574250636425859  12 -9.1655649225420301462463612551801  
2  14 4.7059669774451338142284839705098  12 -8.3032149302986635319712149794213  
2  15 9.913096720453120624938492255751  17 14.485762837734947439116695022676  
2  16 12.374716519765623701232470921241  15 -14.857665546583621818399478797801  
2  17 -2.4708550233285331287902408803347  16 14.927848751168987462278892053291  
6  10 -6.0451558188676761673718829115387  18 -12.047987733273973987024874077179  16 6.9903986697786688608857730287127  20 14.705975810208210319274257926736  21 -10.808795823625473531137686222792  28 -8.7156898769528847736864918260835  
2  19 -7.1305550432266686655680132389534  15 13.794654271318298910387056821492  
2  20 -0.29674830891215192574250636425859  19 -9.1655649225420301462463612551801  
2  21 4.7059669774451338142284839705098  19 -8.3032149302986635319712149794213  
2  22 9.913096720453120624938492255751  24 14.485762837734947439116695022676  
2  23 12.374716519765623701232470921241  22 -14.857665546583621818399478797801  
2  24 -2.4708550233285331287902408803347  23 14.927848751168987462278892053291  
6  17 -6.0451558188676761673718829115387  25 -12.047987733273973987024874077179  23 6.9903986697786688608857730287127  27 14.705975810208210319274257926736  28 -10.808795823625473531137686222792  35 -8.7156898769528847736864918260835  
2  26 -7.1305550432266686655680132389534  22 13.794654271318298910387056821492  
2  27 -0.29674830891215192574250636425859  26 -9.1655649225420301462463612551801  
2  28 4.7059669774451338142284839705098  26 -8.3032149302986635319712149794213  
2  29 9.913096720453120624938492255751  31 14.485762837734947439116695022676  
2  30 12.374716519765623701232470921241  29 -14.857665546583621818399478797801  
2  31 -2.4708550233285331287902408803347  30 14.927848751168987462278892053291  
6  24 -6.0451558188676761673718829115387  32 -12.047987733273973987024874077179  30 6.9903986697786688608857730287127  34 14.705975810208210319274257926736  35 -10.808795823625473531137686222792  42 -8.7156898769528847736864918260835  
2  33 -7.1305550432266686655680132389534  29 13.794654271318298910387056821492  
2  34 -0.29674830891215192574250636425859  33 -9.1655649225420301462463612551801  
2  35 4.7059669774451338142284839705098  33 -8.3032149302986635319712149794213  
2  36 9.913096720453120624938492255751  38 14.485762837734947439116695022676  
2  37 12.374716519765623701232470921241  36 -14.857665546583621818399478797801  
2  38 -2.4708550233285331287902408803347  37 14.927848751168987462278892053291  
6  31 -6.0451558188676761673718829115387  39 -12.047987733273973987024874077179  37 6.9903986697786688608857730287127  41 14.705975810208210319274257926736  42 -10.808795823625473531137686222792  49 -8.7156898769528847736864918260835  
2  40 -7.1305550432266686655680132389534  36 13.794654271318298910387056821492  
2  41 -0.29674830891215192574250636425859  40 -9.1655649225420301462463612551801  
2  42 4.7059669774451338142284839705098  40 -8.3032149302986635319712149794213  
2  43 9.913096720453120624938492255751  45 14.485762837734947439116695022676  
2  44 12.374716519765623701232470921241  43 -14.857665546583621818399478797801  
2  45 -2.4708550233285331287902408803347  44 14.927848751168987462278892053291  
5  38 -6.0451558188676761673718829115387  46 -12.047987733273973987024874077179  44 6.9903986697786688608857730287127  48 14.705975810208210319274257926736  49 -10.808795823625473531137686222792  
2  47 -7.1305550432266686655680132389534  43 13.794654271318298910387056821492  
2  48 -0.29674830891215192574250636425859  47 -9.1655649225420301462463612551801  
2  49 4.7059669774451338142284839705098  47 -8.3032149302986635319712149794213  

1  14 0.67813028723734780633947138994699  
1  8 0.92519199238879490376774583637598  
0  
1  5 0.12816195758431547790934246222605  
1  4 0.12816195758431547790934246222605  
1  10 0.84376985214802080470519740629243  
0  
2  2 0.92519199238879490376774583637598  21 0.67813028723734780633947138994699  
1  15 0.92519199238879490376774583637598  
1  6 0.84376985214802080470519740629243  
1  12 0.12816195758431547790934246222605  
1  11 0.12816195758431547790934246222605  
1  17 0.84376985214802080470519740629243  
1  1 0.67813028723734780633947138994699  
2  9 0.92519199238879490376774583637598  28 0.67813028723734780633947138994699  
1  22 0.92519199238879490376774583637598  
1  13 0.84376985214802080470519740629243  
1  19 0.12816195758431547790934246222605  
1  18 0.12816195758431547790934246222605  
1  24 0.84376985214802080470519740629243  
1  8 0.67813028723734780633947138994699  
2  16 0.92519199238879490376774583637598  35 0.67813028723734780633947138994699  
1  29 0.92519199238879490376774583637598  
1  20 0.84376985214802080470519740629243  
1  26 0.12816195758431547790934246222605  
1  25 0.12816195758431547790934246222605  
1  31 0.84376985214802080470519740629243  
1  15 0.67813028723734780633947138994699  
2  23 0.92519199238879490376774583637598  42 0.67813028723734780633947138994699  
1  36 0.92519199238879490376774583637598  
1  27 0.84376985214802080470519740629243  
1  33 0.12816195758431547790934246222605  
1  32 0.12816195758431547790934246222605  
1  38 0.84376985214802080470519740629243  
1  22 0.67813028723734780633947138994699  
2  30 0.92519199238879490376774583637598  49 0.67813028723734780633947138994699  
1  43 0.92519199238879490376774583637598  
1  34 0.84376985214802080470519740629243  
1  40 0.12816195758431547790934246222605  
1  39 0.12816195758431547790934246222605  
1  45 0.84376985214802080470519740629243  
1  29 0.67813028723734780633947138994699  
1  37 0.92519199238879490376774583637598  
0  
1  41 0.84376985214802080470519740629243  
1  47 0.12816195758431547790934246222605  
1  46 0.12816195758431547790934246222605  
0  
1  36 0.67813028723734780633947138994699  
