49 9 6

0.94087165678597828311069406481693 1.0528787078688526257508328853874 0.1016635691370815219869427892263 1.2924144224133460312486931798048 0.10000000000000008881784197001252 0.68605468166530558793425598196336 2.0230546183174249463831984030548 0.94087165678597828311069406481693 1.0528787078688526257508328853874 0.1016635691370815219869427892263 1.2924144224133460312486931798048 0.10000000000000008881784197001252 0.68605468166530558793425598196336 2.0230546183174249463831984030548 0.94087165678597828311069406481693 1.0528787078688526257508328853874 0.1016635691370815219869427892263 1.2924144224133460312486931798048 0.10000000000000008881784197001252 0.68605468166530558793425598196336 2.0230546183174249463831984030548 0.94087165678597828311069406481693 1.0528787078688526257508328853874 0.1016635691370815219869427892263 1.2924144224133460312486931798048 0.10000000000000008881784197001252 0.68605468166530558793425598196336 2.0230546183174249463831984030548 0.94087165678597828311069406481693 1.0528787078688526257508328853874 0.1016635691370815219869427892263 1.2924144224133460312486931798048 0.10000000000000008881784197001252 0.68605468166530558793425598196336 2.0230546183174249463831984030548 0.94087165678597828311069406481693 1.0528787078688526257508328853874 0.1016635691370815219869427892263 1.2924144224133460312486931798048 0.10000000000000008881784197001252 0.68605468166530558793425598196336 2.0230546183174249463831984030548 0.94087165678597828311069406481693 1.0528787078688526257508328853874 0.1016635691370815219869427892263 1.2924144224133460312486931798048 0.10000000000000008881784197001252 0.68605468166530558793425598196336 2.0230546183174249463831984030548 

2.2563357222689921499636511725839 5.3038873453931563162200291117188 0.17675857525053831342809473881061 -6.121394156843465772510626266012 4.4557151771468657130981227965094 0.92019902490730798305662574421149 -10.335513903212731889880160451867 2.2563357222689921499636511725839 5.3038873453931563162200291117188 0.17675857525053831342809473881061 -6.121394156843465772510626266012 4.4557151771468657130981227965094 0.92019902490730798305662574421149 -10.335513903212731889880160451867 2.2563357222689921499636511725839 5.3038873453931563162200291117188 0.17675857525053831342809473881061 -6.121394156843465772510626266012 4.4557151771468657130981227965094 0.92019902490730798305662574421149 -10.335513903212731889880160451867 2.2563357222689921499636511725839 5.3038873453931563162200291117188 0.17675857525053831342809473881061 -6.121394156843465772510626266012 4.4557151771468657130981227965094 0.92019902490730798305662574421149 -10.335513903212731889880160451867 2.2563357222689921499636511725839 5.3038873453931563162200291117188 0.17675857525053831342809473881061 -6.121394156843465772510626266012 4.4557151771468657130981227965094 0.92019902490730798305662574421149 -10.335513903212731889880160451867 2.2563357222689921499636511725839 5.3038873453931563162200291117188 0.17675857525053831342809473881061 -6.121394156843465772510626266012 4.4557151771468657130981227965094 0.92019902490730798305662574421149 -10.335513903212731889880160451867 2.2563357222689921499636511725839 5.3038873453931563162200291117188 0.17675857525053831342809473881061 -6.121394156843465772510626266012 4.4557151771468657130981227965094 0.92019902490730798305662574421149 -10.335513903212731889880160451867 

1 1 1 1 1 1 1 1 1 1 1 1 1 1 1 1 1 1 1 1 1 1 1 1 1 1 1 1 1 1 1 1 1 1 1 1 1 1 1 1 1 1 1 1 1 1 1 1 1 

-2.2563357222689921499636511725839 -5.3038873453931563162200291117188 -0.17675857525053831342809473881061 6.121394156843465772510626266012 -4.4557151771468657130981227965094 -0.92019902490730798305662574421149 10.335513903212731889880160451867 -2.2563357222689921499636511725839 -5.3038873453931563162200291117188 -0.17675857525053831342809473881061 6.121394156843465772510626266012 -4.4557151771468657130981227965094 -0.92019902490730798305662574421149 10.335513903212731889880160451867 -2.2563357222689921499636511725839 -5.3038873453931563162200291117188 -0.17675857525053831342809473881061 6.121394156843465772510626266012 -4.4557151771468657130981227965094 -0.92019902490730798305662574421149 10.335513903212731889880160451867 -2.2563357222689921499636511725839 -5.3038873453931563162200291117188 -0.17675857525053831342809473881061 6.121394156843465772510626266012 -4.4557151771468657130981227965094 -0.92019902490730798305662574421149 10.335513903212731889880160451867 -2.2563357222689921499636511725839 -5.3038873453931563162200291117188 -0.17675857525053831342809473881061 6.121394156843465772510626266012 -4.4557151771468657130981227965094 -0.92019902490730798305662574421149 10.335513903212731889880160451867 -2.2563357222689921499636511725839 -5.3038873453931563162200291117188 -0.17675857525053831342809473881061 6.121394156843465772510626266012 -4.4557151771468657130981227965094 -0.92019902490730798305662574421149 10.335513903212731889880160451867 -2.2563357222689921499636511725839 -5.3038873453931563162200291117188 -0.17675857525053831342809473881061 6.121394156843465772510626266012 -4.4557151771468657130981227965094 -0.92019902490730798305662574421149 10.335513903212731889880160451867 

2  1 2.2161877871253805594164987269323  3 -11.130111189705722551934741204605  
2  2 -3.7627455823195430362204660923453  1 -12.957723772216979796212399378419  
2  3 8.9655377298321319301521725719795  2 -12.131400511730992874959156324621  
5  4 -14.744629160916415955284719530027  2 -13.595712362615749668748321710154  6 6.9120287616675692987655565957539  7 -9.9755643683184889169979214784689  14 1.4014842661215549668440871755593  
2  5 -13.46814069736391594744873145828  1 -13.741299385027366142253413272556  
2  6 -3.3798665078163154795731770718703  5 13.720102069636443076205978286453  
2  7 13.026864659149989478237330331467  5 4.0518277065574261897040742042009  
2  8 2.2161877871253805594164987269323  10 -11.130111189705722551934741204605  
2  9 -3.7627455823195430362204660923453  8 -12.957723772216979796212399378419  
2  10 8.9655377298321319301521725719795  9 -12.131400511730992874959156324621  
6  3 -3.6445160219976231452676529443124  11 -14.744629160916415955284719530027  9 -13.595712362615749668748321710154  13 6.9120287616675692987655565957539  14 -9.9755643683184889169979214784689  21 1.4014842661215549668440871755593  
2  12 -13.46814069736391594744873145828  8 -13.741299385027366142253413272556  
2  13 -3.3798665078163154795731770718703  12 13.720102069636443076205978286453  
2  14 13.026864659149989478237330331467  12 4.0518277065574261897040742042009  
2  15 2.2161877871253805594164987269323  17 -11.130111189705722551934741204605  
2  16 -3.7627455823195430362204660923453  15 -12.957723772216979796212399378419  
2  17 8.9655377298321319301521725719795  16 -12.131400511730992874959156324621  
6  10 -3.6445160219976231452676529443124  18 -14.744629160916415955284719530027  16 -13.595712362615749668748321710154  20 6.9120287616675692987655565957539  21 -9.9755643683184889169979214784689  28 1.4014842661215549668440871755593  
2  19 -13.46814069736391594744873145828  15 -13.741299385027366142253413272556  
2  20 -3.3798665078163154795731770718703  19 13.720102069636443076205978286453  
2  21 13.026864659149989478237330331467  19 4.0518277065574261897040742042009  
2  22 2.2161877871253805594164987269323  24 -11.130111189705722551934741204605  
2  23 -3.7627455823195430362204660923453  22 -12.957723772216979796212399378419  
2  24 8.9655377298321319301521725719795  23 -12.131400511730992874959156324621  
6  17 -3.6445160219976231452676529443124  25 -14.744629160916415955284719530027  23 -13.595712362615749668748321710154  27 6.9120287616675692987655565957539  28 -9.9755643683184889169979214784689  35 1.4014842661215549668440871755593  
2  26 -13.46814069736391594744873145828  22 -13.741299385027366142253413272556  
2  27 -3.3798665078163154795731770718703  26 13.720102069636443076205978286453  
2  28 13.026864659149989478237330331467  26 4.0518277065574261897040742042009  
2  29 2.2161877871253805594164987269323  31 -11.130111189705722551934741204605  
2  30 -3.7627455823195430362204660923453  29 -12.957723772216979796212399378419  
2  31 8.9655377298321319301521725719795  30 -12.131400511730992874959156324621  
6  24 -3.6445160219976231452676529443124  32 -14.744629160916415955284719530027  30 -13.595712362615749668748321710154  34 6.9120287616675692987655565957539  35 -9.9755643683184889169979214784689  42 1.4014842661215549668440871755593  
2  33 -13.46814069736391594744873145828  29 -13.741299385027366142253413272556  
2  34 -3.3798665078163154795731770718703  33 13.720102069636443076205978286453  
2  35 13.026864659149989478237330331467  33 4.0518277065574261897040742042009  
2  36 2.2161877871253805594164987269323  38 -11.130111189705722551934741204605  
2  37 -3.7627455823195430362204660923453  36 -12.957723772216979796212399378419  
2  38 8.9655377298321319301521725719795  37 -12.131400511730992874959156324621  
6  31 -3.6445160219976231452676529443124  39 -14.744629160916415955284719530027  37 -13.595712362615749668748321710154  41 6.9120287616675692987655565957539  42 -9.9755643683184889169979214784689  49 1.4014842661215549668440871755593  
2  40 -13.46814069736391594744873145828  36 -13.741299385027366142253413272556  
2  41 -3.3798665078163154795731770718703  40 13.720102069636443076205978286453  
2  42 13.026864659149989478237330331467  40 4.0518277065574261897040742042009  
2  43 2.2161877871253805594164987269323  45 -11.130111189705722551934741204605  
2  44 -3.7627455823195430362204660923453  43 -12.957723772216979796212399378419  
2  45 8.9655377298321319301521725719795  44 -12.131400511730992874959156324621  
5  38 -3.6445160219976231452676529443124  46 -14.744629160916415955284719530027  44 -13.595712362615749668748321710154  48 6.9120287616675692987655565957539  49 -9.9755643683184889169979214784689  
2  47 -13.46814069736391594744873145828  43 -13.741299385027366142253413272556  
2  48 -3.3798665078163154795731770718703  47 13.720102069636443076205978286453  
2  49 13.026864659149989478237330331467  47 4.0518277065574261897040742042009  

1  14 1.0330939393715596885670038318494  
1  8 0.074771965384617833372260520263808  
0  
1  5 0.0021731461350618097583264898275957  
1  4 0.0021731461350618097583264898275957  
1  10 1.2808316016522494074081350845518  
0  
2  2 0.074771965384617833372260520263808  21 1.0330939393715596885670038318494  
1  15 0.074771965384617833372260520263808  
1  6 1.2808316016522494074081350845518  
1  12 0.0021731461350618097583264898275957  
1  11 0.0021731461350618097583264898275957  
1  17 1.2808316016522494074081350845518  
1  1 1.0330939393715596885670038318494  
2  9 0.074771965384617833372260520263808  28 1.0330939393715596885670038318494  
1  22 0.074771965384617833372260520263808  
1  13 1.2808316016522494074081350845518  
1  19 0.0021731461350618097583264898275957  
1  18 0.0021731461350618097583264898275957  
1  24 1.2808316016522494074081350845518  
1  8 1.0330939393715596885670038318494  
2  16 0.074771965384617833372260520263808  35 1.0330939393715596885670038318494  
1  29 0.074771965384617833372260520263808  
1  20 1.2808316016522494074081350845518  
1  26 0.0021731461350618097583264898275957  
1  25 0.0021731461350618097583264898275957  
1  31 1.2808316016522494074081350845518  
1  15 1.0330939393715596885670038318494  
2  23 0.074771965384617833372260520263808  42 1.0330939393715596885670038318494  
1  36 0.074771965384617833372260520263808  
1  27 1.2808316016522494074081350845518  
1  33 0.0021731461350618097583264898275957  
1  32 0.0021731461350618097583264898275957  
1  38 1.2808316016522494074081350845518  
1  22 1.0330939393715596885670038318494  
2  30 0.074771965384617833372260520263808  49 1.0330939393715596885670038318494  
1  43 0.074771965384617833372260520263808  
1  34 1.2808316016522494074081350845518  
1  40 0.0021731461350618097583264898275957  
1  39 0.0021731461350618097583264898275957  
1  45 1.2808316016522494074081350845518  
1  29 1.0330939393715596885670038318494  
1  37 0.074771965384617833372260520263808  
0  
1  41 1.2808316016522494074081350845518  
1  47 0.0021731461350618097583264898275957  
1  46 0.0021731461350618097583264898275957  
0  
1  36 1.0330939393715596885670038318494  
