49 9 6

1.1788219001648427841644206637284 0.10090969049792586353930801124079 0.40816248079916228608254868959193 2.25948793626601140971388304024 0.15162345359360851482222187769366 1.3074442751232553394657998069306 1.5936319881863352243556164467009 1.1788219001648427841644206637284 0.10090969049792586353930801124079 0.40816248079916228608254868959193 2.25948793626601140971388304024 0.15162345359360851482222187769366 1.3074442751232553394657998069306 1.5936319881863352243556164467009 1.1788219001648427841644206637284 0.10090969049792586353930801124079 0.40816248079916228608254868959193 2.25948793626601140971388304024 0.15162345359360851482222187769366 1.3074442751232553394657998069306 1.5936319881863352243556164467009 1.1788219001648427841644206637284 0.10090969049792586353930801124079 0.40816248079916228608254868959193 2.25948793626601140971388304024 0.15162345359360851482222187769366 1.3074442751232553394657998069306 1.5936319881863352243556164467009 1.1788219001648427841644206637284 0.10090969049792586353930801124079 0.40816248079916228608254868959193 2.25948793626601140971388304024 0.15162345359360851482222187769366 1.3074442751232553394657998069306 1.5936319881863352243556164467009 1.1788219001648427841644206637284 0.10090969049792586353930801124079 0.40816248079916228608254868959193 2.25948793626601140971388304024 0.15162345359360851482222187769366 1.3074442751232553394657998069306 1.5936319881863352243556164467009 1.1788219001648427841644206637284 0.10090969049792586353930801124079 0.40816248079916228608254868959193 2.25948793626601140971388304024 0.15162345359360851482222187769366 1.3074442751232553394657998069306 1.5936319881863352243556164467009 

-2.74550750102256246876208933827 -5.7796534986083933915779198287055 0.10249831276357843079516385387251 4.4752477041553406778007229149807 -7.2923814956729611225227927207015 7.6478377455211026259007667249534 0.56987079445652466525018553511472 -2.74550750102256246876208933827 -5.7796534986083933915779198287055 0.10249831276357843079516385387251 4.4752477041553406778007229149807 -7.2923814956729611225227927207015 7.6478377455211026259007667249534 0.56987079445652466525018553511472 -2.74550750102256246876208933827 -5.7796534986083933915779198287055 0.10249831276357843079516385387251 4.4752477041553406778007229149807 -7.2923814956729611225227927207015 7.6478377455211026259007667249534 0.56987079445652466525018553511472 -2.74550750102256246876208933827 -5.7796534986083933915779198287055 0.10249831276357843079516385387251 4.4752477041553406778007229149807 -7.2923814956729611225227927207015 7.6478377455211026259007667249534 0.56987079445652466525018553511472 -2.74550750102256246876208933827 -5.7796534986083933915779198287055 0.10249831276357843079516385387251 4.4752477041553406778007229149807 -7.2923814956729611225227927207015 7.6478377455211026259007667249534 0.56987079445652466525018553511472 -2.74550750102256246876208933827 -5.7796534986083933915779198287055 0.10249831276357843079516385387251 4.4752477041553406778007229149807 -7.2923814956729611225227927207015 7.6478377455211026259007667249534 0.56987079445652466525018553511472 -2.74550750102256246876208933827 -5.7796534986083933915779198287055 0.10249831276357843079516385387251 4.4752477041553406778007229149807 -7.2923814956729611225227927207015 7.6478377455211026259007667249534 0.56987079445652466525018553511472 

1 1 1 1 1 1 1 1 1 1 1 1 1 1 1 1 1 1 1 1 1 1 1 1 1 1 1 1 1 1 1 1 1 1 1 1 1 1 1 1 1 1 1 1 1 1 1 1 1 

2.74550750102256246876208933827 5.7796534986083933915779198287055 -0.10249831276357843079516385387251 -4.4752477041553406778007229149807 7.2923814956729611225227927207015 -7.6478377455211026259007667249534 -0.56987079445652466525018553511472 2.74550750102256246876208933827 5.7796534986083933915779198287055 -0.10249831276357843079516385387251 -4.4752477041553406778007229149807 7.2923814956729611225227927207015 -7.6478377455211026259007667249534 -0.56987079445652466525018553511472 2.74550750102256246876208933827 5.7796534986083933915779198287055 -0.10249831276357843079516385387251 -4.4752477041553406778007229149807 7.2923814956729611225227927207015 -7.6478377455211026259007667249534 -0.56987079445652466525018553511472 2.74550750102256246876208933827 5.7796534986083933915779198287055 -0.10249831276357843079516385387251 -4.4752477041553406778007229149807 7.2923814956729611225227927207015 -7.6478377455211026259007667249534 -0.56987079445652466525018553511472 2.74550750102256246876208933827 5.7796534986083933915779198287055 -0.10249831276357843079516385387251 -4.4752477041553406778007229149807 7.2923814956729611225227927207015 -7.6478377455211026259007667249534 -0.56987079445652466525018553511472 2.74550750102256246876208933827 5.7796534986083933915779198287055 -0.10249831276357843079516385387251 -4.4752477041553406778007229149807 7.2923814956729611225227927207015 -7.6478377455211026259007667249534 -0.56987079445652466525018553511472 2.74550750102256246876208933827 5.7796534986083933915779198287055 -0.10249831276357843079516385387251 -4.4752477041553406778007229149807 7.2923814956729611225227927207015 -7.6478377455211026259007667249534 -0.56987079445652466525018553511472 

2  1 -14.770790063475171649542971863411  3 14.113933395384787417015104438178  
2  2 11.818726128075478953860510955565  1 11.843963064639158488944303826429  
2  3 11.847525082520956374310117098503  2 -14.676432500910935985416472249199  
5  4 10.980368463048604255050122446846  2 4.6634017442156219246385262522381  6 2.4285726748773748262522076402092  7 -4.9599386576500066325934312772006  14 10.68728025708854012520987453172  
2  5 -11.506997497114925366190618660767  1 15  
2  6 -8.408857378515342873015470104292  5 -14.974814717220725768243028142024  
2  7 -8.5132894759475270518578327028081  5 5.7987495127749850709619749977719  
2  8 -14.770790063475171649542971863411  10 14.113933395384787417015104438178  
2  9 11.818726128075478953860510955565  8 11.843963064639158488944303826429  
2  10 11.847525082520956374310117098503  9 -14.676432500910935985416472249199  
6  3 -6.026019274523834567958147090394  11 10.980368463048604255050122446846  9 4.6634017442156219246385262522381  13 2.4285726748773748262522076402092  14 -4.9599386576500066325934312772006  21 10.68728025708854012520987453172  
2  12 -11.506997497114925366190618660767  8 15  
2  13 -8.408857378515342873015470104292  12 -14.974814717220725768243028142024  
2  14 -8.5132894759475270518578327028081  12 5.7987495127749850709619749977719  
2  15 -14.770790063475171649542971863411  17 14.113933395384787417015104438178  
2  16 11.818726128075478953860510955565  15 11.843963064639158488944303826429  
2  17 11.847525082520956374310117098503  16 -14.676432500910935985416472249199  
6  10 -6.026019274523834567958147090394  18 10.980368463048604255050122446846  16 4.6634017442156219246385262522381  20 2.4285726748773748262522076402092  21 -4.9599386576500066325934312772006  28 10.68728025708854012520987453172  
2  19 -11.506997497114925366190618660767  15 15  
2  20 -8.408857378515342873015470104292  19 -14.974814717220725768243028142024  
2  21 -8.5132894759475270518578327028081  19 5.7987495127749850709619749977719  
2  22 -14.770790063475171649542971863411  24 14.113933395384787417015104438178  
2  23 11.818726128075478953860510955565  22 11.843963064639158488944303826429  
2  24 11.847525082520956374310117098503  23 -14.676432500910935985416472249199  
6  17 -6.026019274523834567958147090394  25 10.980368463048604255050122446846  23 4.6634017442156219246385262522381  27 2.4285726748773748262522076402092  28 -4.9599386576500066325934312772006  35 10.68728025708854012520987453172  
2  26 -11.506997497114925366190618660767  22 15  
2  27 -8.408857378515342873015470104292  26 -14.974814717220725768243028142024  
2  28 -8.5132894759475270518578327028081  26 5.7987495127749850709619749977719  
2  29 -14.770790063475171649542971863411  31 14.113933395384787417015104438178  
2  30 11.818726128075478953860510955565  29 11.843963064639158488944303826429  
2  31 11.847525082520956374310117098503  30 -14.676432500910935985416472249199  
6  24 -6.026019274523834567958147090394  32 10.980368463048604255050122446846  30 4.6634017442156219246385262522381  34 2.4285726748773748262522076402092  35 -4.9599386576500066325934312772006  42 10.68728025708854012520987453172  
2  33 -11.506997497114925366190618660767  29 15  
2  34 -8.408857378515342873015470104292  33 -14.974814717220725768243028142024  
2  35 -8.5132894759475270518578327028081  33 5.7987495127749850709619749977719  
2  36 -14.770790063475171649542971863411  38 14.113933395384787417015104438178  
2  37 11.818726128075478953860510955565  36 11.843963064639158488944303826429  
2  38 11.847525082520956374310117098503  37 -14.676432500910935985416472249199  
6  31 -6.026019274523834567958147090394  39 10.980368463048604255050122446846  37 4.6634017442156219246385262522381  41 2.4285726748773748262522076402092  42 -4.9599386576500066325934312772006  49 10.68728025708854012520987453172  
2  40 -11.506997497114925366190618660767  36 15  
2  41 -8.408857378515342873015470104292  40 -14.974814717220725768243028142024  
2  42 -8.5132894759475270518578327028081  40 5.7987495127749850709619749977719  
2  43 -14.770790063475171649542971863411  45 14.113933395384787417015104438178  
2  44 11.818726128075478953860510955565  43 11.843963064639158488944303826429  
2  45 11.847525082520956374310117098503  44 -14.676432500910935985416472249199  
5  38 -6.026019274523834567958147090394  46 10.980368463048604255050122446846  44 4.6634017442156219246385262522381  48 2.4285726748773748262522076402092  49 -4.9599386576500066325934312772006  
2  47 -11.506997497114925366190618660767  43 15  
2  48 -8.408857378515342873015470104292  47 -14.974814717220725768243028142024  
2  49 -8.5132894759475270518578327028081  47 5.7987495127749850709619749977719  

1  14 0.37959827814487390185149706667289  
1  8 1.6911381640645810620071642915718  
0  
1  5 0.066143913142084564960043735482031  
1  4 0.066143913142084564960043735482031  
1  10 0.0042656884778750070452701947942842  
0  
2  2 1.6911381640645810620071642915718  21 0.37959827814487390185149706667289  
1  15 1.6911381640645810620071642915718  
1  6 0.0042656884778750070452701947942842  
1  12 0.066143913142084564960043735482031  
1  11 0.066143913142084564960043735482031  
1  17 0.0042656884778750070452701947942842  
1  1 0.37959827814487390185149706667289  
2  9 1.6911381640645810620071642915718  28 0.37959827814487390185149706667289  
1  22 1.6911381640645810620071642915718  
1  13 0.0042656884778750070452701947942842  
1  19 0.066143913142084564960043735482031  
1  18 0.066143913142084564960043735482031  
1  24 0.0042656884778750070452701947942842  
1  8 0.37959827814487390185149706667289  
2  16 1.6911381640645810620071642915718  35 0.37959827814487390185149706667289  
1  29 1.6911381640645810620071642915718  
1  20 0.0042656884778750070452701947942842  
1  26 0.066143913142084564960043735482031  
1  25 0.066143913142084564960043735482031  
1  31 0.0042656884778750070452701947942842  
1  15 0.37959827814487390185149706667289  
2  23 1.6911381640645810620071642915718  42 0.37959827814487390185149706667289  
1  36 1.6911381640645810620071642915718  
1  27 0.0042656884778750070452701947942842  
1  33 0.066143913142084564960043735482031  
1  32 0.066143913142084564960043735482031  
1  38 0.0042656884778750070452701947942842  
1  22 0.37959827814487390185149706667289  
2  30 1.6911381640645810620071642915718  49 0.37959827814487390185149706667289  
1  43 1.6911381640645810620071642915718  
1  34 0.0042656884778750070452701947942842  
1  40 0.066143913142084564960043735482031  
1  39 0.066143913142084564960043735482031  
1  45 0.0042656884778750070452701947942842  
1  29 0.37959827814487390185149706667289  
1  37 1.6911381640645810620071642915718  
0  
1  41 0.0042656884778750070452701947942842  
1  47 0.066143913142084564960043735482031  
1  46 0.066143913142084564960043735482031  
0  
1  36 0.37959827814487390185149706667289  
