49 9 6

0.70584197769294831914521637372673 0.20477433862275917775264133524615 0.53341357474408146455147061715252 1.5703559164411817761219936073758 0.45970452957696694706868356661289 0.10294936620310024544266980228713 1.1576508864049310787436297687236 0.70584197769294831914521637372673 0.20477433862275917775264133524615 0.53341357474408146455147061715252 1.5703559164411817761219936073758 0.45970452957696694706868356661289 0.10294936620310024544266980228713 1.1576508864049310787436297687236 0.70584197769294831914521637372673 0.20477433862275917775264133524615 0.53341357474408146455147061715252 1.5703559164411817761219936073758 0.45970452957696694706868356661289 0.10294936620310024544266980228713 1.1576508864049310787436297687236 0.70584197769294831914521637372673 0.20477433862275917775264133524615 0.53341357474408146455147061715252 1.5703559164411817761219936073758 0.45970452957696694706868356661289 0.10294936620310024544266980228713 1.1576508864049310787436297687236 0.70584197769294831914521637372673 0.20477433862275917775264133524615 0.53341357474408146455147061715252 1.5703559164411817761219936073758 0.45970452957696694706868356661289 0.10294936620310024544266980228713 1.1576508864049310787436297687236 0.70584197769294831914521637372673 0.20477433862275917775264133524615 0.53341357474408146455147061715252 1.5703559164411817761219936073758 0.45970452957696694706868356661289 0.10294936620310024544266980228713 1.1576508864049310787436297687236 0.70584197769294831914521637372673 0.20477433862275917775264133524615 0.53341357474408146455147061715252 1.5703559164411817761219936073758 0.45970452957696694706868356661289 0.10294936620310024544266980228713 1.1576508864049310787436297687236 

1.687644085880112942987807400641 -5.5576380494087542771808330144268 -7.0012790387930285973538957478013 12.501111284309011750792706152424 5.2274039954051101375398502568714 -3.2190917490528105915359446953516 -8.2929771369079965381843067007139 1.687644085880112942987807400641 -5.5576380494087542771808330144268 -7.0012790387930285973538957478013 12.501111284309011750792706152424 5.2274039954051101375398502568714 -3.2190917490528105915359446953516 -8.2929771369079965381843067007139 1.687644085880112942987807400641 -5.5576380494087542771808330144268 -7.0012790387930285973538957478013 12.501111284309011750792706152424 5.2274039954051101375398502568714 -3.2190917490528105915359446953516 -8.2929771369079965381843067007139 1.687644085880112942987807400641 -5.5576380494087542771808330144268 -7.0012790387930285973538957478013 12.501111284309011750792706152424 5.2274039954051101375398502568714 -3.2190917490528105915359446953516 -8.2929771369079965381843067007139 1.687644085880112942987807400641 -5.5576380494087542771808330144268 -7.0012790387930285973538957478013 12.501111284309011750792706152424 5.2274039954051101375398502568714 -3.2190917490528105915359446953516 -8.2929771369079965381843067007139 1.687644085880112942987807400641 -5.5576380494087542771808330144268 -7.0012790387930285973538957478013 12.501111284309011750792706152424 5.2274039954051101375398502568714 -3.2190917490528105915359446953516 -8.2929771369079965381843067007139 1.687644085880112942987807400641 -5.5576380494087542771808330144268 -7.0012790387930285973538957478013 12.501111284309011750792706152424 5.2274039954051101375398502568714 -3.2190917490528105915359446953516 -8.2929771369079965381843067007139 

1 1 1 1 1 1 1 1 1 1 1 1 1 1 1 1 1 1 1 1 1 1 1 1 1 1 1 1 1 1 1 1 1 1 1 1 1 1 1 1 1 1 1 1 1 1 1 1 1 

-1.687644085880112942987807400641 5.5576380494087542771808330144268 7.0012790387930285973538957478013 -12.501111284309011750792706152424 -5.2274039954051101375398502568714 3.2190917490528105915359446953516 8.2929771369079965381843067007139 -1.687644085880112942987807400641 5.5576380494087542771808330144268 7.0012790387930285973538957478013 -12.501111284309011750792706152424 -5.2274039954051101375398502568714 3.2190917490528105915359446953516 8.2929771369079965381843067007139 -1.687644085880112942987807400641 5.5576380494087542771808330144268 7.0012790387930285973538957478013 -12.501111284309011750792706152424 -5.2274039954051101375398502568714 3.2190917490528105915359446953516 8.2929771369079965381843067007139 -1.687644085880112942987807400641 5.5576380494087542771808330144268 7.0012790387930285973538957478013 -12.501111284309011750792706152424 -5.2274039954051101375398502568714 3.2190917490528105915359446953516 8.2929771369079965381843067007139 -1.687644085880112942987807400641 5.5576380494087542771808330144268 7.0012790387930285973538957478013 -12.501111284309011750792706152424 -5.2274039954051101375398502568714 3.2190917490528105915359446953516 8.2929771369079965381843067007139 -1.687644085880112942987807400641 5.5576380494087542771808330144268 7.0012790387930285973538957478013 -12.501111284309011750792706152424 -5.2274039954051101375398502568714 3.2190917490528105915359446953516 8.2929771369079965381843067007139 -1.687644085880112942987807400641 5.5576380494087542771808330144268 7.0012790387930285973538957478013 -12.501111284309011750792706152424 -5.2274039954051101375398502568714 3.2190917490528105915359446953516 8.2929771369079965381843067007139 

2  1 2.27683253859461753876303191646  3 -14.335903195830185907766463060398  
2  2 8.558077683026482418426894582808  1 15  
2  3 2.5602917457462566197534670209279  2 12.143794360708742630095002823509  
5  4 -6.9811503676820469976860294991639  2 -6.206736045898321840752487332793  6 -7.7128067358529239783138109487481  7 7.1805458343237571483541614725254  14 -7.4667511306743277188502361241262  
2  5 -8.1589666294476916874600647133775  1 -11.197092468312263235930004157126  
2  6 -9.3925603090988971644037519581616  5 14.752850567312211893522544414736  
2  7 9.1418169896767711435359160532244  5 -5.7893952192117286159600553219207  
2  8 2.27683253859461753876303191646  10 -14.335903195830185907766463060398  
2  9 8.558077683026482418426894582808  8 15  
2  10 2.5602917457462566197534670209279  9 12.143794360708742630095002823509  
6  3 -13.556652200630697535643776063807  11 -6.9811503676820469976860294991639  9 -6.206736045898321840752487332793  13 -7.7128067358529239783138109487481  14 7.1805458343237571483541614725254  21 -7.4667511306743277188502361241262  
2  12 -8.1589666294476916874600647133775  8 -11.197092468312263235930004157126  
2  13 -9.3925603090988971644037519581616  12 14.752850567312211893522544414736  
2  14 9.1418169896767711435359160532244  12 -5.7893952192117286159600553219207  
2  15 2.27683253859461753876303191646  17 -14.335903195830185907766463060398  
2  16 8.558077683026482418426894582808  15 15  
2  17 2.5602917457462566197534670209279  16 12.143794360708742630095002823509  
6  10 -13.556652200630697535643776063807  18 -6.9811503676820469976860294991639  16 -6.206736045898321840752487332793  20 -7.7128067358529239783138109487481  21 7.1805458343237571483541614725254  28 -7.4667511306743277188502361241262  
2  19 -8.1589666294476916874600647133775  15 -11.197092468312263235930004157126  
2  20 -9.3925603090988971644037519581616  19 14.752850567312211893522544414736  
2  21 9.1418169896767711435359160532244  19 -5.7893952192117286159600553219207  
2  22 2.27683253859461753876303191646  24 -14.335903195830185907766463060398  
2  23 8.558077683026482418426894582808  22 15  
2  24 2.5602917457462566197534670209279  23 12.143794360708742630095002823509  
6  17 -13.556652200630697535643776063807  25 -6.9811503676820469976860294991639  23 -6.206736045898321840752487332793  27 -7.7128067358529239783138109487481  28 7.1805458343237571483541614725254  35 -7.4667511306743277188502361241262  
2  26 -8.1589666294476916874600647133775  22 -11.197092468312263235930004157126  
2  27 -9.3925603090988971644037519581616  26 14.752850567312211893522544414736  
2  28 9.1418169896767711435359160532244  26 -5.7893952192117286159600553219207  
2  29 2.27683253859461753876303191646  31 -14.335903195830185907766463060398  
2  30 8.558077683026482418426894582808  29 15  
2  31 2.5602917457462566197534670209279  30 12.143794360708742630095002823509  
6  24 -13.556652200630697535643776063807  32 -6.9811503676820469976860294991639  30 -6.206736045898321840752487332793  34 -7.7128067358529239783138109487481  35 7.1805458343237571483541614725254  42 -7.4667511306743277188502361241262  
2  33 -8.1589666294476916874600647133775  29 -11.197092468312263235930004157126  
2  34 -9.3925603090988971644037519581616  33 14.752850567312211893522544414736  
2  35 9.1418169896767711435359160532244  33 -5.7893952192117286159600553219207  
2  36 2.27683253859461753876303191646  38 -14.335903195830185907766463060398  
2  37 8.558077683026482418426894582808  36 15  
2  38 2.5602917457462566197534670209279  37 12.143794360708742630095002823509  
6  31 -13.556652200630697535643776063807  39 -6.9811503676820469976860294991639  37 -6.206736045898321840752487332793  41 -7.7128067358529239783138109487481  42 7.1805458343237571483541614725254  49 -7.4667511306743277188502361241262  
2  40 -8.1589666294476916874600647133775  36 -11.197092468312263235930004157126  
2  41 -9.3925603090988971644037519581616  40 14.752850567312211893522544414736  
2  42 9.1418169896767711435359160532244  40 -5.7893952192117286159600553219207  
2  43 2.27683253859461753876303191646  45 -14.335903195830185907766463060398  
2  44 8.558077683026482418426894582808  43 15  
2  45 2.5602917457462566197534670209279  44 12.143794360708742630095002823509  
5  38 -13.556652200630697535643776063807  46 -6.9811503676820469976860294991639  44 -6.206736045898321840752487332793  48 -7.7128067358529239783138109487481  49 7.1805458343237571483541614725254  
2  47 -8.1589666294476916874600647133775  43 -11.197092468312263235930004157126  
2  48 -9.3925603090988971644037519581616  47 14.752850567312211893522544414736  
2  49 9.1418169896767711435359160532244  47 -5.7893952192117286159600553219207  

1  14 0.24838483482856366091340305501944  
1  8 0.73461820876263872470701699057827  
0  
1  5 0  
1  4 0  
1  10 0.37174602628300779105785522915539  
0  
2  2 0.73461820876263872470701699057827  21 0.24838483482856366091340305501944  
1  15 0.73461820876263872470701699057827  
1  6 0.37174602628300779105785522915539  
1  12 0  
1  11 0  
1  17 0.37174602628300779105785522915539  
1  1 0.24838483482856366091340305501944  
2  9 0.73461820876263872470701699057827  28 0.24838483482856366091340305501944  
1  22 0.73461820876263872470701699057827  
1  13 0.37174602628300779105785522915539  
1  19 0  
1  18 0  
1  24 0.37174602628300779105785522915539  
1  8 0.24838483482856366091340305501944  
2  16 0.73461820876263872470701699057827  35 0.24838483482856366091340305501944  
1  29 0.73461820876263872470701699057827  
1  20 0.37174602628300779105785522915539  
1  26 0  
1  25 0  
1  31 0.37174602628300779105785522915539  
1  15 0.24838483482856366091340305501944  
2  23 0.73461820876263872470701699057827  42 0.24838483482856366091340305501944  
1  36 0.73461820876263872470701699057827  
1  27 0.37174602628300779105785522915539  
1  33 0  
1  32 0  
1  38 0.37174602628300779105785522915539  
1  22 0.24838483482856366091340305501944  
2  30 0.73461820876263872470701699057827  49 0.24838483482856366091340305501944  
1  43 0.73461820876263872470701699057827  
1  34 0.37174602628300779105785522915539  
1  40 0  
1  39 0  
1  45 0.37174602628300779105785522915539  
1  29 0.24838483482856366091340305501944  
1  37 0.73461820876263872470701699057827  
0  
1  41 0.37174602628300779105785522915539  
1  47 0  
1  46 0  
0  
1  36 0.24838483482856366091340305501944  
