49 9 6

0.6737867079908649303732204316475 1.7198457450149096104041746002622 0.10618139966424866571514940005727 1.4073722548046692093492993080872 0.15823184978096982433726225281134 2.3787446479814207123126834630966 1.6848814238518075026007636552094 0.6737867079908649303732204316475 1.7198457450149096104041746002622 0.10618139966424866571514940005727 1.4073722548046692093492993080872 0.15823184978096982433726225281134 2.3787446479814207123126834630966 1.6848814238518075026007636552094 0.6737867079908649303732204316475 1.7198457450149096104041746002622 0.10618139966424866571514940005727 1.4073722548046692093492993080872 0.15823184978096982433726225281134 2.3787446479814207123126834630966 1.6848814238518075026007636552094 0.6737867079908649303732204316475 1.7198457450149096104041746002622 0.10618139966424866571514940005727 1.4073722548046692093492993080872 0.15823184978096982433726225281134 2.3787446479814207123126834630966 1.6848814238518075026007636552094 0.6737867079908649303732204316475 1.7198457450149096104041746002622 0.10618139966424866571514940005727 1.4073722548046692093492993080872 0.15823184978096982433726225281134 2.3787446479814207123126834630966 1.6848814238518075026007636552094 0.6737867079908649303732204316475 1.7198457450149096104041746002622 0.10618139966424866571514940005727 1.4073722548046692093492993080872 0.15823184978096982433726225281134 2.3787446479814207123126834630966 1.6848814238518075026007636552094 0.6737867079908649303732204316475 1.7198457450149096104041746002622 0.10618139966424866571514940005727 1.4073722548046692093492993080872 0.15823184978096982433726225281134 2.3787446479814207123126834630966 1.6848814238518075026007636552094 

-2.050560120987549694859808369074 5.5254928906746485495204979088157 -6.0224538712360899950226666987874 5.9490229410669437370984269364271 7.0137298786401327532757932203822 -5.9309535248553650887970434268937 -8.5812683295587977028162640635855 -2.050560120987549694859808369074 5.5254928906746485495204979088157 -6.0224538712360899950226666987874 5.9490229410669437370984269364271 7.0137298786401327532757932203822 -5.9309535248553650887970434268937 -8.5812683295587977028162640635855 -2.050560120987549694859808369074 5.5254928906746485495204979088157 -6.0224538712360899950226666987874 5.9490229410669437370984269364271 7.0137298786401327532757932203822 -5.9309535248553650887970434268937 -8.5812683295587977028162640635855 -2.050560120987549694859808369074 5.5254928906746485495204979088157 -6.0224538712360899950226666987874 5.9490229410669437370984269364271 7.0137298786401327532757932203822 -5.9309535248553650887970434268937 -8.5812683295587977028162640635855 -2.050560120987549694859808369074 5.5254928906746485495204979088157 -6.0224538712360899950226666987874 5.9490229410669437370984269364271 7.0137298786401327532757932203822 -5.9309535248553650887970434268937 -8.5812683295587977028162640635855 -2.050560120987549694859808369074 5.5254928906746485495204979088157 -6.0224538712360899950226666987874 5.9490229410669437370984269364271 7.0137298786401327532757932203822 -5.9309535248553650887970434268937 -8.5812683295587977028162640635855 -2.050560120987549694859808369074 5.5254928906746485495204979088157 -6.0224538712360899950226666987874 5.9490229410669437370984269364271 7.0137298786401327532757932203822 -5.9309535248553650887970434268937 -8.5812683295587977028162640635855 

1 1 1 1 1 1 1 1 1 1 1 1 1 1 1 1 1 1 1 1 1 1 1 1 1 1 1 1 1 1 1 1 1 1 1 1 1 1 1 1 1 1 1 1 1 1 1 1 1 

2.050560120987549694859808369074 -5.5254928906746485495204979088157 6.0224538712360899950226666987874 -5.9490229410669437370984269364271 -7.0137298786401327532757932203822 5.9309535248553650887970434268937 8.5812683295587977028162640635855 2.050560120987549694859808369074 -5.5254928906746485495204979088157 6.0224538712360899950226666987874 -5.9490229410669437370984269364271 -7.0137298786401327532757932203822 5.9309535248553650887970434268937 8.5812683295587977028162640635855 2.050560120987549694859808369074 -5.5254928906746485495204979088157 6.0224538712360899950226666987874 -5.9490229410669437370984269364271 -7.0137298786401327532757932203822 5.9309535248553650887970434268937 8.5812683295587977028162640635855 2.050560120987549694859808369074 -5.5254928906746485495204979088157 6.0224538712360899950226666987874 -5.9490229410669437370984269364271 -7.0137298786401327532757932203822 5.9309535248553650887970434268937 8.5812683295587977028162640635855 2.050560120987549694859808369074 -5.5254928906746485495204979088157 6.0224538712360899950226666987874 -5.9490229410669437370984269364271 -7.0137298786401327532757932203822 5.9309535248553650887970434268937 8.5812683295587977028162640635855 2.050560120987549694859808369074 -5.5254928906746485495204979088157 6.0224538712360899950226666987874 -5.9490229410669437370984269364271 -7.0137298786401327532757932203822 5.9309535248553650887970434268937 8.5812683295587977028162640635855 2.050560120987549694859808369074 -5.5254928906746485495204979088157 6.0224538712360899950226666987874 -5.9490229410669437370984269364271 -7.0137298786401327532757932203822 5.9309535248553650887970434268937 8.5812683295587977028162640635855 

2  1 -2.6795951183299404618765038321726  3 14.282768538872158359254171955399  
2  2 -10.320357110104941611439244297799  1 -15  
2  3 7.1978239201886813347641691507306  2 9.9761671019861495324221323244274  
5  4 -1.252727912389051567743081250228  2 -14.225105320351680404655780876055  6 -7.563560926363319225629311404191  7 1.6448067696862145314895542469458  14 9.1681552134213948335172972292639  
2  5 4.0240909448460175923401038744487  1 -12.433485427301050663118076045066  
2  6 4.5526347238156699148703410173766  5 8.9577266951047089804660572553985  
2  7 3.8396452406458769779362683038926  5 -2.6229290251129628863679954520194  
2  8 -2.6795951183299404618765038321726  10 14.282768538872158359254171955399  
2  9 -10.320357110104941611439244297799  8 -15  
2  10 7.1978239201886813347641691507306  9 9.9761671019861495324221323244274  
6  3 -6.5360374639074825253715061990079  11 -1.252727912389051567743081250228  9 -14.225105320351680404655780876055  13 -7.563560926363319225629311404191  14 1.6448067696862145314895542469458  21 9.1681552134213948335172972292639  
2  12 4.0240909448460175923401038744487  8 -12.433485427301050663118076045066  
2  13 4.5526347238156699148703410173766  12 8.9577266951047089804660572553985  
2  14 3.8396452406458769779362683038926  12 -2.6229290251129628863679954520194  
2  15 -2.6795951183299404618765038321726  17 14.282768538872158359254171955399  
2  16 -10.320357110104941611439244297799  15 -15  
2  17 7.1978239201886813347641691507306  16 9.9761671019861495324221323244274  
6  10 -6.5360374639074825253715061990079  18 -1.252727912389051567743081250228  16 -14.225105320351680404655780876055  20 -7.563560926363319225629311404191  21 1.6448067696862145314895542469458  28 9.1681552134213948335172972292639  
2  19 4.0240909448460175923401038744487  15 -12.433485427301050663118076045066  
2  20 4.5526347238156699148703410173766  19 8.9577266951047089804660572553985  
2  21 3.8396452406458769779362683038926  19 -2.6229290251129628863679954520194  
2  22 -2.6795951183299404618765038321726  24 14.282768538872158359254171955399  
2  23 -10.320357110104941611439244297799  22 -15  
2  24 7.1978239201886813347641691507306  23 9.9761671019861495324221323244274  
6  17 -6.5360374639074825253715061990079  25 -1.252727912389051567743081250228  23 -14.225105320351680404655780876055  27 -7.563560926363319225629311404191  28 1.6448067696862145314895542469458  35 9.1681552134213948335172972292639  
2  26 4.0240909448460175923401038744487  22 -12.433485427301050663118076045066  
2  27 4.5526347238156699148703410173766  26 8.9577266951047089804660572553985  
2  28 3.8396452406458769779362683038926  26 -2.6229290251129628863679954520194  
2  29 -2.6795951183299404618765038321726  31 14.282768538872158359254171955399  
2  30 -10.320357110104941611439244297799  29 -15  
2  31 7.1978239201886813347641691507306  30 9.9761671019861495324221323244274  
6  24 -6.5360374639074825253715061990079  32 -1.252727912389051567743081250228  30 -14.225105320351680404655780876055  34 -7.563560926363319225629311404191  35 1.6448067696862145314895542469458  42 9.1681552134213948335172972292639  
2  33 4.0240909448460175923401038744487  29 -12.433485427301050663118076045066  
2  34 4.5526347238156699148703410173766  33 8.9577266951047089804660572553985  
2  35 3.8396452406458769779362683038926  33 -2.6229290251129628863679954520194  
2  36 -2.6795951183299404618765038321726  38 14.282768538872158359254171955399  
2  37 -10.320357110104941611439244297799  36 -15  
2  38 7.1978239201886813347641691507306  37 9.9761671019861495324221323244274  
6  31 -6.5360374639074825253715061990079  39 -1.252727912389051567743081250228  37 -14.225105320351680404655780876055  41 -7.563560926363319225629311404191  42 1.6448067696862145314895542469458  49 9.1681552134213948335172972292639  
2  40 4.0240909448460175923401038744487  36 -12.433485427301050663118076045066  
2  41 4.5526347238156699148703410173766  40 8.9577266951047089804660572553985  
2  42 3.8396452406458769779362683038926  40 -2.6229290251129628863679954520194  
2  43 -2.6795951183299404618765038321726  45 14.282768538872158359254171955399  
2  44 -10.320357110104941611439244297799  43 -15  
2  45 7.1978239201886813347641691507306  44 9.9761671019861495324221323244274  
5  38 -6.5360374639074825253715061990079  46 -1.252727912389051567743081250228  44 -14.225105320351680404655780876055  48 -7.563560926363319225629311404191  49 1.6448067696862145314895542469458  
2  47 4.0240909448460175923401038744487  43 -12.433485427301050663118076045066  
2  48 4.5526347238156699148703410173766  47 8.9577266951047089804660572553985  
2  49 3.8396452406458769779362683038926  47 -2.6229290251129628863679954520194  

1  14 0.86150833072489518826841958798468  
1  8 0.4059047316272174077411705184204  
0  
1  5 1.9888703314336382277360826265067  
1  4 1.9888703314336382277360826265067  
1  10 1.6912534310317479668839268924785  
0  
2  2 0.4059047316272174077411705184204  21 0.86150833072489518826841958798468  
1  15 0.4059047316272174077411705184204  
1  6 1.6912534310317479668839268924785  
1  12 1.9888703314336382277360826265067  
1  11 1.9888703314336382277360826265067  
1  17 1.6912534310317479668839268924785  
1  1 0.86150833072489518826841958798468  
2  9 0.4059047316272174077411705184204  28 0.86150833072489518826841958798468  
1  22 0.4059047316272174077411705184204  
1  13 1.6912534310317479668839268924785  
1  19 1.9888703314336382277360826265067  
1  18 1.9888703314336382277360826265067  
1  24 1.6912534310317479668839268924785  
1  8 0.86150833072489518826841958798468  
2  16 0.4059047316272174077411705184204  35 0.86150833072489518826841958798468  
1  29 0.4059047316272174077411705184204  
1  20 1.6912534310317479668839268924785  
1  26 1.9888703314336382277360826265067  
1  25 1.9888703314336382277360826265067  
1  31 1.6912534310317479668839268924785  
1  15 0.86150833072489518826841958798468  
2  23 0.4059047316272174077411705184204  42 0.86150833072489518826841958798468  
1  36 0.4059047316272174077411705184204  
1  27 1.6912534310317479668839268924785  
1  33 1.9888703314336382277360826265067  
1  32 1.9888703314336382277360826265067  
1  38 1.6912534310317479668839268924785  
1  22 0.86150833072489518826841958798468  
2  30 0.4059047316272174077411705184204  49 0.86150833072489518826841958798468  
1  43 0.4059047316272174077411705184204  
1  34 1.6912534310317479668839268924785  
1  40 1.9888703314336382277360826265067  
1  39 1.9888703314336382277360826265067  
1  45 1.6912534310317479668839268924785  
1  29 0.86150833072489518826841958798468  
1  37 0.4059047316272174077411705184204  
0  
1  41 1.6912534310317479668839268924785  
1  47 1.9888703314336382277360826265067  
1  46 1.9888703314336382277360826265067  
0  
1  36 0.86150833072489518826841958798468  
