49 9 6

0.24313701908509521842916001332924 0.66014358807540285400961010964238 1.0836778989848354637359761909465 1.8706223760386659904497719253413 1.6273090776362686415978942022775 0.69725033933925917306595465561259 1.1161966089049695227686243015341 0.24313701908509521842916001332924 0.66014358807540285400961010964238 1.0836778989848354637359761909465 1.8706223760386659904497719253413 1.6273090776362686415978942022775 0.69725033933925917306595465561259 1.1161966089049695227686243015341 0.24313701908509521842916001332924 0.66014358807540285400961010964238 1.0836778989848354637359761909465 1.8706223760386659904497719253413 1.6273090776362686415978942022775 0.69725033933925917306595465561259 1.1161966089049695227686243015341 0.24313701908509521842916001332924 0.66014358807540285400961010964238 1.0836778989848354637359761909465 1.8706223760386659904497719253413 1.6273090776362686415978942022775 0.69725033933925917306595465561259 1.1161966089049695227686243015341 0.24313701908509521842916001332924 0.66014358807540285400961010964238 1.0836778989848354637359761909465 1.8706223760386659904497719253413 1.6273090776362686415978942022775 0.69725033933925917306595465561259 1.1161966089049695227686243015341 0.24313701908509521842916001332924 0.66014358807540285400961010964238 1.0836778989848354637359761909465 1.8706223760386659904497719253413 1.6273090776362686415978942022775 0.69725033933925917306595465561259 1.1161966089049695227686243015341 0.24313701908509521842916001332924 0.66014358807540285400961010964238 1.0836778989848354637359761909465 1.8706223760386659904497719253413 1.6273090776362686415978942022775 0.69725033933925917306595465561259 1.1161966089049695227686243015341 

-0.19625358543980950254415063227498 -1.2794680459874783196028147358447 -0.476489412134783241192792502261 -2.4150058920320964794825613353169 1.1397072630931792680542002926813 -1.8490666396499855217427921161288 8.8013748886008968952410214114934 -0.19625358543980950254415063227498 -1.2794680459874783196028147358447 -0.476489412134783241192792502261 -2.4150058920320964794825613353169 1.1397072630931792680542002926813 -1.8490666396499855217427921161288 8.8013748886008968952410214114934 -0.19625358543980950254415063227498 -1.2794680459874783196028147358447 -0.476489412134783241192792502261 -2.4150058920320964794825613353169 1.1397072630931792680542002926813 -1.8490666396499855217427921161288 8.8013748886008968952410214114934 -0.19625358543980950254415063227498 -1.2794680459874783196028147358447 -0.476489412134783241192792502261 -2.4150058920320964794825613353169 1.1397072630931792680542002926813 -1.8490666396499855217427921161288 8.8013748886008968952410214114934 -0.19625358543980950254415063227498 -1.2794680459874783196028147358447 -0.476489412134783241192792502261 -2.4150058920320964794825613353169 1.1397072630931792680542002926813 -1.8490666396499855217427921161288 8.8013748886008968952410214114934 -0.19625358543980950254415063227498 -1.2794680459874783196028147358447 -0.476489412134783241192792502261 -2.4150058920320964794825613353169 1.1397072630931792680542002926813 -1.8490666396499855217427921161288 8.8013748886008968952410214114934 -0.19625358543980950254415063227498 -1.2794680459874783196028147358447 -0.476489412134783241192792502261 -2.4150058920320964794825613353169 1.1397072630931792680542002926813 -1.8490666396499855217427921161288 8.8013748886008968952410214114934 

1 1 1 1 1 1 1 1 1 1 1 1 1 1 1 1 1 1 1 1 1 1 1 1 1 1 1 1 1 1 1 1 1 1 1 1 1 1 1 1 1 1 1 1 1 1 1 1 1 

0.19625358543980950254415063227498 1.2794680459874783196028147358447 0.476489412134783241192792502261 2.4150058920320964794825613353169 -1.1397072630931792680542002926813 1.8490666396499855217427921161288 -8.8013748886008968952410214114934 0.19625358543980950254415063227498 1.2794680459874783196028147358447 0.476489412134783241192792502261 2.4150058920320964794825613353169 -1.1397072630931792680542002926813 1.8490666396499855217427921161288 -8.8013748886008968952410214114934 0.19625358543980950254415063227498 1.2794680459874783196028147358447 0.476489412134783241192792502261 2.4150058920320964794825613353169 -1.1397072630931792680542002926813 1.8490666396499855217427921161288 -8.8013748886008968952410214114934 0.19625358543980950254415063227498 1.2794680459874783196028147358447 0.476489412134783241192792502261 2.4150058920320964794825613353169 -1.1397072630931792680542002926813 1.8490666396499855217427921161288 -8.8013748886008968952410214114934 0.19625358543980950254415063227498 1.2794680459874783196028147358447 0.476489412134783241192792502261 2.4150058920320964794825613353169 -1.1397072630931792680542002926813 1.8490666396499855217427921161288 -8.8013748886008968952410214114934 0.19625358543980950254415063227498 1.2794680459874783196028147358447 0.476489412134783241192792502261 2.4150058920320964794825613353169 -1.1397072630931792680542002926813 1.8490666396499855217427921161288 -8.8013748886008968952410214114934 0.19625358543980950254415063227498 1.2794680459874783196028147358447 0.476489412134783241192792502261 2.4150058920320964794825613353169 -1.1397072630931792680542002926813 1.8490666396499855217427921161288 -8.8013748886008968952410214114934 

2  1 4.9114252015119106431484397035092  3 6.0976248338550185223994049010798  
2  2 10.610892903082586258278752211481  1 -13.165405099427664126210402173456  
2  3 -1.072815218978494966606263005815  2 13.758579599401530302316132292617  
5  4 9.6669124033504534310168310184963  2 13.977676498251888403956399997696  6 -3.0744044375206525110399979894282  7 5.69282496626021039531906353659  14 10.000301283070625046889290388208  
2  5 6.2264313804950219832790025975555  1 -13.457902856829315751951980928425  
2  6 -2.1599010050820455219877658237237  5 13.170973065194202078487251128536  
2  7 3.6700164886604915714940489124274  5 -6.915606301733515870466817432316  
2  8 4.9114252015119106431484397035092  10 6.0976248338550185223994049010798  
2  9 10.610892903082586258278752211481  8 -13.165405099427664126210402173456  
2  10 -1.072815218978494966606263005815  9 13.758579599401530302316132292617  
6  3 4.6854822661557369301021935825702  11 9.6669124033504534310168310184963  9 13.977676498251888403956399997696  13 -3.0744044375206525110399979894282  14 5.69282496626021039531906353659  21 10.000301283070625046889290388208  
2  12 6.2264313804950219832790025975555  8 -13.457902856829315751951980928425  
2  13 -2.1599010050820455219877658237237  12 13.170973065194202078487251128536  
2  14 3.6700164886604915714940489124274  12 -6.915606301733515870466817432316  
2  15 4.9114252015119106431484397035092  17 6.0976248338550185223994049010798  
2  16 10.610892903082586258278752211481  15 -13.165405099427664126210402173456  
2  17 -1.072815218978494966606263005815  16 13.758579599401530302316132292617  
6  10 4.6854822661557369301021935825702  18 9.6669124033504534310168310184963  16 13.977676498251888403956399997696  20 -3.0744044375206525110399979894282  21 5.69282496626021039531906353659  28 10.000301283070625046889290388208  
2  19 6.2264313804950219832790025975555  15 -13.457902856829315751951980928425  
2  20 -2.1599010050820455219877658237237  19 13.170973065194202078487251128536  
2  21 3.6700164886604915714940489124274  19 -6.915606301733515870466817432316  
2  22 4.9114252015119106431484397035092  24 6.0976248338550185223994049010798  
2  23 10.610892903082586258278752211481  22 -13.165405099427664126210402173456  
2  24 -1.072815218978494966606263005815  23 13.758579599401530302316132292617  
6  17 4.6854822661557369301021935825702  25 9.6669124033504534310168310184963  23 13.977676498251888403956399997696  27 -3.0744044375206525110399979894282  28 5.69282496626021039531906353659  35 10.000301283070625046889290388208  
2  26 6.2264313804950219832790025975555  22 -13.457902856829315751951980928425  
2  27 -2.1599010050820455219877658237237  26 13.170973065194202078487251128536  
2  28 3.6700164886604915714940489124274  26 -6.915606301733515870466817432316  
2  29 4.9114252015119106431484397035092  31 6.0976248338550185223994049010798  
2  30 10.610892903082586258278752211481  29 -13.165405099427664126210402173456  
2  31 -1.072815218978494966606263005815  30 13.758579599401530302316132292617  
6  24 4.6854822661557369301021935825702  32 9.6669124033504534310168310184963  30 13.977676498251888403956399997696  34 -3.0744044375206525110399979894282  35 5.69282496626021039531906353659  42 10.000301283070625046889290388208  
2  33 6.2264313804950219832790025975555  29 -13.457902856829315751951980928425  
2  34 -2.1599010050820455219877658237237  33 13.170973065194202078487251128536  
2  35 3.6700164886604915714940489124274  33 -6.915606301733515870466817432316  
2  36 4.9114252015119106431484397035092  38 6.0976248338550185223994049010798  
2  37 10.610892903082586258278752211481  36 -13.165405099427664126210402173456  
2  38 -1.072815218978494966606263005815  37 13.758579599401530302316132292617  
6  31 4.6854822661557369301021935825702  39 9.6669124033504534310168310184963  37 13.977676498251888403956399997696  41 -3.0744044375206525110399979894282  42 5.69282496626021039531906353659  49 10.000301283070625046889290388208  
2  40 6.2264313804950219832790025975555  36 -13.457902856829315751951980928425  
2  41 -2.1599010050820455219877658237237  40 13.170973065194202078487251128536  
2  42 3.6700164886604915714940489124274  40 -6.915606301733515870466817432316  
2  43 4.9114252015119106431484397035092  45 6.0976248338550185223994049010798  
2  44 10.610892903082586258278752211481  43 -13.165405099427664126210402173456  
2  45 -1.072815218978494966606263005815  44 13.758579599401530302316132292617  
5  38 4.6854822661557369301021935825702  46 9.6669124033504534310168310184963  44 13.977676498251888403956399997696  48 -3.0744044375206525110399979894282  49 5.69282496626021039531906353659  
2  47 6.2264313804950219832790025975555  43 -13.457902856829315751951980928425  
2  48 -2.1599010050820455219877658237237  47 13.170973065194202078487251128536  
2  49 3.6700164886604915714940489124274  47 -6.915606301733515870466817432316  

1  14 0.10223585039892069126210571994307  
1  8 1.0118182985542560903269304617424  
0  
1  5 0.15822793469140294941865931832581  
1  4 0.15822793469140294941865931832581  
1  10 0.95707637289707037098196451552212  
0  
2  2 1.0118182985542560903269304617424  21 0.10223585039892069126210571994307  
1  15 1.0118182985542560903269304617424  
1  6 0.95707637289707037098196451552212  
1  12 0.15822793469140294941865931832581  
1  11 0.15822793469140294941865931832581  
1  17 0.95707637289707037098196451552212  
1  1 0.10223585039892069126210571994307  
2  9 1.0118182985542560903269304617424  28 0.10223585039892069126210571994307  
1  22 1.0118182985542560903269304617424  
1  13 0.95707637289707037098196451552212  
1  19 0.15822793469140294941865931832581  
1  18 0.15822793469140294941865931832581  
1  24 0.95707637289707037098196451552212  
1  8 0.10223585039892069126210571994307  
2  16 1.0118182985542560903269304617424  35 0.10223585039892069126210571994307  
1  29 1.0118182985542560903269304617424  
1  20 0.95707637289707037098196451552212  
1  26 0.15822793469140294941865931832581  
1  25 0.15822793469140294941865931832581  
1  31 0.95707637289707037098196451552212  
1  15 0.10223585039892069126210571994307  
2  23 1.0118182985542560903269304617424  42 0.10223585039892069126210571994307  
1  36 1.0118182985542560903269304617424  
1  27 0.95707637289707037098196451552212  
1  33 0.15822793469140294941865931832581  
1  32 0.15822793469140294941865931832581  
1  38 0.95707637289707037098196451552212  
1  22 0.10223585039892069126210571994307  
2  30 1.0118182985542560903269304617424  49 0.10223585039892069126210571994307  
1  43 1.0118182985542560903269304617424  
1  34 0.95707637289707037098196451552212  
1  40 0.15822793469140294941865931832581  
1  39 0.15822793469140294941865931832581  
1  45 0.95707637289707037098196451552212  
1  29 0.10223585039892069126210571994307  
1  37 1.0118182985542560903269304617424  
0  
1  41 0.95707637289707037098196451552212  
1  47 0.15822793469140294941865931832581  
1  46 0.15822793469140294941865931832581  
0  
1  36 0.10223585039892069126210571994307  
