49 9 6

1.159890468936316976211742257874 0.17310120195610489979287649475737 1.066439581100662170598525335663 0.21699890789548437197709063184448 1.319221544225410047701529947517 0.63831486489756994462396733069909 2.191872199080936223225535286474 1.159890468936316976211742257874 0.17310120195610489979287649475737 1.066439581100662170598525335663 0.21699890789548437197709063184448 1.319221544225410047701529947517 0.63831486489756994462396733069909 2.191872199080936223225535286474 1.159890468936316976211742257874 0.17310120195610489979287649475737 1.066439581100662170598525335663 0.21699890789548437197709063184448 1.319221544225410047701529947517 0.63831486489756994462396733069909 2.191872199080936223225535286474 1.159890468936316976211742257874 0.17310120195610489979287649475737 1.066439581100662170598525335663 0.21699890789548437197709063184448 1.319221544225410047701529947517 0.63831486489756994462396733069909 2.191872199080936223225535286474 1.159890468936316976211742257874 0.17310120195610489979287649475737 1.066439581100662170598525335663 0.21699890789548437197709063184448 1.319221544225410047701529947517 0.63831486489756994462396733069909 2.191872199080936223225535286474 1.159890468936316976211742257874 0.17310120195610489979287649475737 1.066439581100662170598525335663 0.21699890789548437197709063184448 1.319221544225410047701529947517 0.63831486489756994462396733069909 2.191872199080936223225535286474 1.159890468936316976211742257874 0.17310120195610489979287649475737 1.066439581100662170598525335663 0.21699890789548437197709063184448 1.319221544225410047701529947517 0.63831486489756994462396733069909 2.191872199080936223225535286474 

0.64961202687291252910739558501518 -5.2691500105826243327555857831612 2.7808841051016863765710240841145 0.15913737495520177689378726881841 4.1627930659393665990819499711506 8.392174638583908219402474060189 -5.9388572160891506257485161768273 0.64961202687291252910739558501518 -5.2691500105826243327555857831612 2.7808841051016863765710240841145 0.15913737495520177689378726881841 4.1627930659393665990819499711506 8.392174638583908219402474060189 -5.9388572160891506257485161768273 0.64961202687291252910739558501518 -5.2691500105826243327555857831612 2.7808841051016863765710240841145 0.15913737495520177689378726881841 4.1627930659393665990819499711506 8.392174638583908219402474060189 -5.9388572160891506257485161768273 0.64961202687291252910739558501518 -5.2691500105826243327555857831612 2.7808841051016863765710240841145 0.15913737495520177689378726881841 4.1627930659393665990819499711506 8.392174638583908219402474060189 -5.9388572160891506257485161768273 0.64961202687291252910739558501518 -5.2691500105826243327555857831612 2.7808841051016863765710240841145 0.15913737495520177689378726881841 4.1627930659393665990819499711506 8.392174638583908219402474060189 -5.9388572160891506257485161768273 0.64961202687291252910739558501518 -5.2691500105826243327555857831612 2.7808841051016863765710240841145 0.15913737495520177689378726881841 4.1627930659393665990819499711506 8.392174638583908219402474060189 -5.9388572160891506257485161768273 0.64961202687291252910739558501518 -5.2691500105826243327555857831612 2.7808841051016863765710240841145 0.15913737495520177689378726881841 4.1627930659393665990819499711506 8.392174638583908219402474060189 -5.9388572160891506257485161768273 

1 1 1 1 1 1 1 1 1 1 1 1 1 1 1 1 1 1 1 1 1 1 1 1 1 1 1 1 1 1 1 1 1 1 1 1 1 1 1 1 1 1 1 1 1 1 1 1 1 

-0.64961202687291252910739558501518 5.2691500105826243327555857831612 -2.7808841051016863765710240841145 -0.15913737495520177689378726881841 -4.1627930659393665990819499711506 -8.392174638583908219402474060189 5.9388572160891506257485161768273 -0.64961202687291252910739558501518 5.2691500105826243327555857831612 -2.7808841051016863765710240841145 -0.15913737495520177689378726881841 -4.1627930659393665990819499711506 -8.392174638583908219402474060189 5.9388572160891506257485161768273 -0.64961202687291252910739558501518 5.2691500105826243327555857831612 -2.7808841051016863765710240841145 -0.15913737495520177689378726881841 -4.1627930659393665990819499711506 -8.392174638583908219402474060189 5.9388572160891506257485161768273 -0.64961202687291252910739558501518 5.2691500105826243327555857831612 -2.7808841051016863765710240841145 -0.15913737495520177689378726881841 -4.1627930659393665990819499711506 -8.392174638583908219402474060189 5.9388572160891506257485161768273 -0.64961202687291252910739558501518 5.2691500105826243327555857831612 -2.7808841051016863765710240841145 -0.15913737495520177689378726881841 -4.1627930659393665990819499711506 -8.392174638583908219402474060189 5.9388572160891506257485161768273 -0.64961202687291252910739558501518 5.2691500105826243327555857831612 -2.7808841051016863765710240841145 -0.15913737495520177689378726881841 -4.1627930659393665990819499711506 -8.392174638583908219402474060189 5.9388572160891506257485161768273 -0.64961202687291252910739558501518 5.2691500105826243327555857831612 -2.7808841051016863765710240841145 -0.15913737495520177689378726881841 -4.1627930659393665990819499711506 -8.392174638583908219402474060189 5.9388572160891506257485161768273 

2  1 -0.43041324091089455672332064750663  3 -15  
2  2 10.062283474629005297629191773012  1 13.021137651441378579875163268298  
2  3 -5.8466720545701171829477971186861  2 14.761332532195115874174007331021  
5  4 6.0579661997200453527057106839493  2 -13.424643464601654585521828266792  6 -11.165198608832369586707500275224  7 -6.9052334395602823491344679496251  14 -3.0012556928933356026334422494983  
2  5 -5.7893131279099705466251180041581  1 9.156620821904201790175648056902  
2  6 -14.309504077744755079493188532069  5 -13.860453241948507141501067962963  
2  7 -1.1919970032078599508906791015761  5 9.4478872290026760794034998980351  
2  8 -0.43041324091089455672332064750663  10 -15  
2  9 10.062283474629005297629191773012  8 13.021137651441378579875163268298  
2  10 -5.8466720545701171829477971186861  9 14.761332532195115874174007331021  
6  3 -2.6091555213190589235239258414367  11 6.0579661997200453527057106839493  9 -13.424643464601654585521828266792  13 -11.165198608832369586707500275224  14 -6.9052334395602823491344679496251  21 -3.0012556928933356026334422494983  
2  12 -5.7893131279099705466251180041581  8 9.156620821904201790175648056902  
2  13 -14.309504077744755079493188532069  12 -13.860453241948507141501067962963  
2  14 -1.1919970032078599508906791015761  12 9.4478872290026760794034998980351  
2  15 -0.43041324091089455672332064750663  17 -15  
2  16 10.062283474629005297629191773012  15 13.021137651441378579875163268298  
2  17 -5.8466720545701171829477971186861  16 14.761332532195115874174007331021  
6  10 -2.6091555213190589235239258414367  18 6.0579661997200453527057106839493  16 -13.424643464601654585521828266792  20 -11.165198608832369586707500275224  21 -6.9052334395602823491344679496251  28 -3.0012556928933356026334422494983  
2  19 -5.7893131279099705466251180041581  15 9.156620821904201790175648056902  
2  20 -14.309504077744755079493188532069  19 -13.860453241948507141501067962963  
2  21 -1.1919970032078599508906791015761  19 9.4478872290026760794034998980351  
2  22 -0.43041324091089455672332064750663  24 -15  
2  23 10.062283474629005297629191773012  22 13.021137651441378579875163268298  
2  24 -5.8466720545701171829477971186861  23 14.761332532195115874174007331021  
6  17 -2.6091555213190589235239258414367  25 6.0579661997200453527057106839493  23 -13.424643464601654585521828266792  27 -11.165198608832369586707500275224  28 -6.9052334395602823491344679496251  35 -3.0012556928933356026334422494983  
2  26 -5.7893131279099705466251180041581  22 9.156620821904201790175648056902  
2  27 -14.309504077744755079493188532069  26 -13.860453241948507141501067962963  
2  28 -1.1919970032078599508906791015761  26 9.4478872290026760794034998980351  
2  29 -0.43041324091089455672332064750663  31 -15  
2  30 10.062283474629005297629191773012  29 13.021137651441378579875163268298  
2  31 -5.8466720545701171829477971186861  30 14.761332532195115874174007331021  
6  24 -2.6091555213190589235239258414367  32 6.0579661997200453527057106839493  30 -13.424643464601654585521828266792  34 -11.165198608832369586707500275224  35 -6.9052334395602823491344679496251  42 -3.0012556928933356026334422494983  
2  33 -5.7893131279099705466251180041581  29 9.156620821904201790175648056902  
2  34 -14.309504077744755079493188532069  33 -13.860453241948507141501067962963  
2  35 -1.1919970032078599508906791015761  33 9.4478872290026760794034998980351  
2  36 -0.43041324091089455672332064750663  38 -15  
2  37 10.062283474629005297629191773012  36 13.021137651441378579875163268298  
2  38 -5.8466720545701171829477971186861  37 14.761332532195115874174007331021  
6  31 -2.6091555213190589235239258414367  39 6.0579661997200453527057106839493  37 -13.424643464601654585521828266792  41 -11.165198608832369586707500275224  42 -6.9052334395602823491344679496251  49 -3.0012556928933356026334422494983  
2  40 -5.7893131279099705466251180041581  36 9.156620821904201790175648056902  
2  41 -14.309504077744755079493188532069  40 -13.860453241948507141501067962963  
2  42 -1.1919970032078599508906791015761  40 9.4478872290026760794034998980351  
2  43 -0.43041324091089455672332064750663  45 -15  
2  44 10.062283474629005297629191773012  43 13.021137651441378579875163268298  
2  45 -5.8466720545701171829477971186861  44 14.761332532195115874174007331021  
5  38 -2.6091555213190589235239258414367  46 6.0579661997200453527057106839493  44 -13.424643464601654585521828266792  48 -11.165198608832369586707500275224  49 -6.9052334395602823491344679496251  
2  47 -5.7893131279099705466251180041581  43 9.156620821904201790175648056902  
2  48 -14.309504077744755079493188532069  47 -13.860453241948507141501067962963  
2  49 -1.1919970032078599508906791015761  47 9.4478872290026760794034998980351  

1  14 1.2842621603143009600955792848254  
1  8 0.64979035489548508941481941292295  
0  
1  5 1.29927350480647985087045981345  
1  4 1.29927350480647985087045981345  
1  10 1.7261659931955160018901551666204  
0  
2  2 0.64979035489548508941481941292295  21 1.2842621603143009600955792848254  
1  15 0.64979035489548508941481941292295  
1  6 1.7261659931955160018901551666204  
1  12 1.29927350480647985087045981345  
1  11 1.29927350480647985087045981345  
1  17 1.7261659931955160018901551666204  
1  1 1.2842621603143009600955792848254  
2  9 0.64979035489548508941481941292295  28 1.2842621603143009600955792848254  
1  22 0.64979035489548508941481941292295  
1  13 1.7261659931955160018901551666204  
1  19 1.29927350480647985087045981345  
1  18 1.29927350480647985087045981345  
1  24 1.7261659931955160018901551666204  
1  8 1.2842621603143009600955792848254  
2  16 0.64979035489548508941481941292295  35 1.2842621603143009600955792848254  
1  29 0.64979035489548508941481941292295  
1  20 1.7261659931955160018901551666204  
1  26 1.29927350480647985087045981345  
1  25 1.29927350480647985087045981345  
1  31 1.7261659931955160018901551666204  
1  15 1.2842621603143009600955792848254  
2  23 0.64979035489548508941481941292295  42 1.2842621603143009600955792848254  
1  36 0.64979035489548508941481941292295  
1  27 1.7261659931955160018901551666204  
1  33 1.29927350480647985087045981345  
1  32 1.29927350480647985087045981345  
1  38 1.7261659931955160018901551666204  
1  22 1.2842621603143009600955792848254  
2  30 0.64979035489548508941481941292295  49 1.2842621603143009600955792848254  
1  43 0.64979035489548508941481941292295  
1  34 1.7261659931955160018901551666204  
1  40 1.29927350480647985087045981345  
1  39 1.29927350480647985087045981345  
1  45 1.7261659931955160018901551666204  
1  29 1.2842621603143009600955792848254  
1  37 0.64979035489548508941481941292295  
0  
1  41 1.7261659931955160018901551666204  
1  47 1.29927350480647985087045981345  
1  46 1.29927350480647985087045981345  
0  
1  36 1.2842621603143009600955792848254  
