49 9 6

0.10670783471734246461437578545883 1.1385258029165166160368016790017 1.3213444303584616079660918330774 1.5689952533285975722066041271319 0.20401349777651556216540029708995 1.4110019400266389233422614779556 0.96566907303118276750808490760392 0.10670783471734246461437578545883 1.1385258029165166160368016790017 1.3213444303584616079660918330774 1.5689952533285975722066041271319 0.20401349777651556216540029708995 1.4110019400266389233422614779556 0.96566907303118276750808490760392 0.10670783471734246461437578545883 1.1385258029165166160368016790017 1.3213444303584616079660918330774 1.5689952533285975722066041271319 0.20401349777651556216540029708995 1.4110019400266389233422614779556 0.96566907303118276750808490760392 0.10670783471734246461437578545883 1.1385258029165166160368016790017 1.3213444303584616079660918330774 1.5689952533285975722066041271319 0.20401349777651556216540029708995 1.4110019400266389233422614779556 0.96566907303118276750808490760392 0.10670783471734246461437578545883 1.1385258029165166160368016790017 1.3213444303584616079660918330774 1.5689952533285975722066041271319 0.20401349777651556216540029708995 1.4110019400266389233422614779556 0.96566907303118276750808490760392 0.10670783471734246461437578545883 1.1385258029165166160368016790017 1.3213444303584616079660918330774 1.5689952533285975722066041271319 0.20401349777651556216540029708995 1.4110019400266389233422614779556 0.96566907303118276750808490760392 0.10670783471734246461437578545883 1.1385258029165166160368016790017 1.3213444303584616079660918330774 1.5689952533285975722066041271319 0.20401349777651556216540029708995 1.4110019400266389233422614779556 0.96566907303118276750808490760392 

-2.2779361661753885215375703410245 6.9263998417968641874153945536818 -4.051839918519737793189960939344 2.4159694425925906102747831027955 -7.8917666598617266515702795004472 7.2369140900714317155006938264705 -12.158360680259905350908411492128 -2.2779361661753885215375703410245 6.9263998417968641874153945536818 -4.051839918519737793189960939344 2.4159694425925906102747831027955 -7.8917666598617266515702795004472 7.2369140900714317155006938264705 -12.158360680259905350908411492128 -2.2779361661753885215375703410245 6.9263998417968641874153945536818 -4.051839918519737793189960939344 2.4159694425925906102747831027955 -7.8917666598617266515702795004472 7.2369140900714317155006938264705 -12.158360680259905350908411492128 -2.2779361661753885215375703410245 6.9263998417968641874153945536818 -4.051839918519737793189960939344 2.4159694425925906102747831027955 -7.8917666598617266515702795004472 7.2369140900714317155006938264705 -12.158360680259905350908411492128 -2.2779361661753885215375703410245 6.9263998417968641874153945536818 -4.051839918519737793189960939344 2.4159694425925906102747831027955 -7.8917666598617266515702795004472 7.2369140900714317155006938264705 -12.158360680259905350908411492128 -2.2779361661753885215375703410245 6.9263998417968641874153945536818 -4.051839918519737793189960939344 2.4159694425925906102747831027955 -7.8917666598617266515702795004472 7.2369140900714317155006938264705 -12.158360680259905350908411492128 -2.2779361661753885215375703410245 6.9263998417968641874153945536818 -4.051839918519737793189960939344 2.4159694425925906102747831027955 -7.8917666598617266515702795004472 7.2369140900714317155006938264705 -12.158360680259905350908411492128 

1 1 1 1 1 1 1 1 1 1 1 1 1 1 1 1 1 1 1 1 1 1 1 1 1 1 1 1 1 1 1 1 1 1 1 1 1 1 1 1 1 1 1 1 1 1 1 1 1 

2.2779361661753885215375703410245 -6.9263998417968641874153945536818 4.051839918519737793189960939344 -2.4159694425925906102747831027955 7.8917666598617266515702795004472 -7.2369140900714317155006938264705 12.158360680259905350908411492128 2.2779361661753885215375703410245 -6.9263998417968641874153945536818 4.051839918519737793189960939344 -2.4159694425925906102747831027955 7.8917666598617266515702795004472 -7.2369140900714317155006938264705 12.158360680259905350908411492128 2.2779361661753885215375703410245 -6.9263998417968641874153945536818 4.051839918519737793189960939344 -2.4159694425925906102747831027955 7.8917666598617266515702795004472 -7.2369140900714317155006938264705 12.158360680259905350908411492128 2.2779361661753885215375703410245 -6.9263998417968641874153945536818 4.051839918519737793189960939344 -2.4159694425925906102747831027955 7.8917666598617266515702795004472 -7.2369140900714317155006938264705 12.158360680259905350908411492128 2.2779361661753885215375703410245 -6.9263998417968641874153945536818 4.051839918519737793189960939344 -2.4159694425925906102747831027955 7.8917666598617266515702795004472 -7.2369140900714317155006938264705 12.158360680259905350908411492128 2.2779361661753885215375703410245 -6.9263998417968641874153945536818 4.051839918519737793189960939344 -2.4159694425925906102747831027955 7.8917666598617266515702795004472 -7.2369140900714317155006938264705 12.158360680259905350908411492128 2.2779361661753885215375703410245 -6.9263998417968641874153945536818 4.051839918519737793189960939344 -2.4159694425925906102747831027955 7.8917666598617266515702795004472 -7.2369140900714317155006938264705 12.158360680259905350908411492128 

2  1 5.8242661471462096045570433489047  3 13.906032057823448866429316694848  
2  2 1.9122771593121934419201579657965  1 -14.167779668134700798987068992574  
2  3 2.0305461575449768041323750367155  2 14.637947512821458673215602175333  
5  4 -0.42053889844796543684424250386655  2 -0.69486636275234059390015772805782  6 11.823100344092162927722711174283  7 3.8183687245782711450203805725323  14 2.1127231472353300567590395075968  
2  5 3.5445087682320686184311853139661  1 11.059137439950296410984265094157  
2  6 -3.5716161002082538189483784663025  5 -11.803428210530741537809262808878  
2  7 10.050125781529391844060228322633  5 -7.821449495236080018401025881758  
2  8 5.8242661471462096045570433489047  10 13.906032057823448866429316694848  
2  9 1.9122771593121934419201579657965  8 -14.167779668134700798987068992574  
2  10 2.0305461575449768041323750367155  9 14.637947512821458673215602175333  
6  3 -13.015001734559790591561068140436  11 -0.42053889844796543684424250386655  9 -0.69486636275234059390015772805782  13 11.823100344092162927722711174283  14 3.8183687245782711450203805725323  21 2.1127231472353300567590395075968  
2  12 3.5445087682320686184311853139661  8 11.059137439950296410984265094157  
2  13 -3.5716161002082538189483784663025  12 -11.803428210530741537809262808878  
2  14 10.050125781529391844060228322633  12 -7.821449495236080018401025881758  
2  15 5.8242661471462096045570433489047  17 13.906032057823448866429316694848  
2  16 1.9122771593121934419201579657965  15 -14.167779668134700798987068992574  
2  17 2.0305461575449768041323750367155  16 14.637947512821458673215602175333  
6  10 -13.015001734559790591561068140436  18 -0.42053889844796543684424250386655  16 -0.69486636275234059390015772805782  20 11.823100344092162927722711174283  21 3.8183687245782711450203805725323  28 2.1127231472353300567590395075968  
2  19 3.5445087682320686184311853139661  15 11.059137439950296410984265094157  
2  20 -3.5716161002082538189483784663025  19 -11.803428210530741537809262808878  
2  21 10.050125781529391844060228322633  19 -7.821449495236080018401025881758  
2  22 5.8242661471462096045570433489047  24 13.906032057823448866429316694848  
2  23 1.9122771593121934419201579657965  22 -14.167779668134700798987068992574  
2  24 2.0305461575449768041323750367155  23 14.637947512821458673215602175333  
6  17 -13.015001734559790591561068140436  25 -0.42053889844796543684424250386655  23 -0.69486636275234059390015772805782  27 11.823100344092162927722711174283  28 3.8183687245782711450203805725323  35 2.1127231472353300567590395075968  
2  26 3.5445087682320686184311853139661  22 11.059137439950296410984265094157  
2  27 -3.5716161002082538189483784663025  26 -11.803428210530741537809262808878  
2  28 10.050125781529391844060228322633  26 -7.821449495236080018401025881758  
2  29 5.8242661471462096045570433489047  31 13.906032057823448866429316694848  
2  30 1.9122771593121934419201579657965  29 -14.167779668134700798987068992574  
2  31 2.0305461575449768041323750367155  30 14.637947512821458673215602175333  
6  24 -13.015001734559790591561068140436  32 -0.42053889844796543684424250386655  30 -0.69486636275234059390015772805782  34 11.823100344092162927722711174283  35 3.8183687245782711450203805725323  42 2.1127231472353300567590395075968  
2  33 3.5445087682320686184311853139661  29 11.059137439950296410984265094157  
2  34 -3.5716161002082538189483784663025  33 -11.803428210530741537809262808878  
2  35 10.050125781529391844060228322633  33 -7.821449495236080018401025881758  
2  36 5.8242661471462096045570433489047  38 13.906032057823448866429316694848  
2  37 1.9122771593121934419201579657965  36 -14.167779668134700798987068992574  
2  38 2.0305461575449768041323750367155  37 14.637947512821458673215602175333  
6  31 -13.015001734559790591561068140436  39 -0.42053889844796543684424250386655  37 -0.69486636275234059390015772805782  41 11.823100344092162927722711174283  42 3.8183687245782711450203805725323  49 2.1127231472353300567590395075968  
2  40 3.5445087682320686184311853139661  36 11.059137439950296410984265094157  
2  41 -3.5716161002082538189483784663025  40 -11.803428210530741537809262808878  
2  42 10.050125781529391844060228322633  40 -7.821449495236080018401025881758  
2  43 5.8242661471462096045570433489047  45 13.906032057823448866429316694848  
2  44 1.9122771593121934419201579657965  43 -14.167779668134700798987068992574  
2  45 2.0305461575449768041323750367155  44 14.637947512821458673215602175333  
5  38 -13.015001734559790591561068140436  46 -0.42053889844796543684424250386655  44 -0.69486636275234059390015772805782  48 11.823100344092162927722711174283  49 3.8183687245782711450203805725323  
2  47 3.5445087682320686184311853139661  43 11.059137439950296410984265094157  
2  48 -3.5716161002082538189483784663025  47 -11.803428210530741537809262808878  
2  49 10.050125781529391844060228322633  47 -7.821449495236080018401025881758  

1  14 0.35330517780759695956049881715444  
1  8 0.048338538857726986996965479193022  
0  
1  5 0.758246146004332599588337870955  
1  4 0.758246146004332599588337870955  
1  10 0.58022285423094777101482577563729  
0  
2  2 0.048338538857726986996965479193022  21 0.35330517780759695956049881715444  
1  15 0.048338538857726986996965479193022  
1  6 0.58022285423094777101482577563729  
1  12 0.758246146004332599588337870955  
1  11 0.758246146004332599588337870955  
1  17 0.58022285423094777101482577563729  
1  1 0.35330517780759695956049881715444  
2  9 0.048338538857726986996965479193022  28 0.35330517780759695956049881715444  
1  22 0.048338538857726986996965479193022  
1  13 0.58022285423094777101482577563729  
1  19 0.758246146004332599588337870955  
1  18 0.758246146004332599588337870955  
1  24 0.58022285423094777101482577563729  
1  8 0.35330517780759695956049881715444  
2  16 0.048338538857726986996965479193022  35 0.35330517780759695956049881715444  
1  29 0.048338538857726986996965479193022  
1  20 0.58022285423094777101482577563729  
1  26 0.758246146004332599588337870955  
1  25 0.758246146004332599588337870955  
1  31 0.58022285423094777101482577563729  
1  15 0.35330517780759695956049881715444  
2  23 0.048338538857726986996965479193022  42 0.35330517780759695956049881715444  
1  36 0.048338538857726986996965479193022  
1  27 0.58022285423094777101482577563729  
1  33 0.758246146004332599588337870955  
1  32 0.758246146004332599588337870955  
1  38 0.58022285423094777101482577563729  
1  22 0.35330517780759695956049881715444  
2  30 0.048338538857726986996965479193022  49 0.35330517780759695956049881715444  
1  43 0.048338538857726986996965479193022  
1  34 0.58022285423094777101482577563729  
1  40 0.758246146004332599588337870955  
1  39 0.758246146004332599588337870955  
1  45 0.58022285423094777101482577563729  
1  29 0.35330517780759695956049881715444  
1  37 0.048338538857726986996965479193022  
0  
1  41 0.58022285423094777101482577563729  
1  47 0.758246146004332599588337870955  
1  46 0.758246146004332599588337870955  
0  
1  36 0.35330517780759695956049881715444  
