49 9 6

0.87200511217249965234543651604326 1.7267903970939926239225314930081 0.59791182999492975547184414608637 2.0879509696536926455223692755681 1.438573102696554695256736522424 1.2971883132428283502690646855626 1.4470384937882423415089760965202 0.87200511217249965234543651604326 1.7267903970939926239225314930081 0.59791182999492975547184414608637 2.0879509696536926455223692755681 1.438573102696554695256736522424 1.2971883132428283502690646855626 1.4470384937882423415089760965202 0.87200511217249965234543651604326 1.7267903970939926239225314930081 0.59791182999492975547184414608637 2.0879509696536926455223692755681 1.438573102696554695256736522424 1.2971883132428283502690646855626 1.4470384937882423415089760965202 0.87200511217249965234543651604326 1.7267903970939926239225314930081 0.59791182999492975547184414608637 2.0879509696536926455223692755681 1.438573102696554695256736522424 1.2971883132428283502690646855626 1.4470384937882423415089760965202 0.87200511217249965234543651604326 1.7267903970939926239225314930081 0.59791182999492975547184414608637 2.0879509696536926455223692755681 1.438573102696554695256736522424 1.2971883132428283502690646855626 1.4470384937882423415089760965202 0.87200511217249965234543651604326 1.7267903970939926239225314930081 0.59791182999492975547184414608637 2.0879509696536926455223692755681 1.438573102696554695256736522424 1.2971883132428283502690646855626 1.4470384937882423415089760965202 0.87200511217249965234543651604326 1.7267903970939926239225314930081 0.59791182999492975547184414608637 2.0879509696536926455223692755681 1.438573102696554695256736522424 1.2971883132428283502690646855626 1.4470384937882423415089760965202 

2.8508678329047909549842643173179 5.1215188021695112752240675035864 6.2054021852182046359303058125079 3.7729413811421923519162646698533 1.5724867856578508273912575532449 8.0514145484601833402393822325394 -7.7151796099464506895060367241967 2.8508678329047909549842643173179 5.1215188021695112752240675035864 6.2054021852182046359303058125079 3.7729413811421923519162646698533 1.5724867856578508273912575532449 8.0514145484601833402393822325394 -7.7151796099464506895060367241967 2.8508678329047909549842643173179 5.1215188021695112752240675035864 6.2054021852182046359303058125079 3.7729413811421923519162646698533 1.5724867856578508273912575532449 8.0514145484601833402393822325394 -7.7151796099464506895060367241967 2.8508678329047909549842643173179 5.1215188021695112752240675035864 6.2054021852182046359303058125079 3.7729413811421923519162646698533 1.5724867856578508273912575532449 8.0514145484601833402393822325394 -7.7151796099464506895060367241967 2.8508678329047909549842643173179 5.1215188021695112752240675035864 6.2054021852182046359303058125079 3.7729413811421923519162646698533 1.5724867856578508273912575532449 8.0514145484601833402393822325394 -7.7151796099464506895060367241967 2.8508678329047909549842643173179 5.1215188021695112752240675035864 6.2054021852182046359303058125079 3.7729413811421923519162646698533 1.5724867856578508273912575532449 8.0514145484601833402393822325394 -7.7151796099464506895060367241967 2.8508678329047909549842643173179 5.1215188021695112752240675035864 6.2054021852182046359303058125079 3.7729413811421923519162646698533 1.5724867856578508273912575532449 8.0514145484601833402393822325394 -7.7151796099464506895060367241967 

1 1 1 1 1 1 1 1 1 1 1 1 1 1 1 1 1 1 1 1 1 1 1 1 1 1 1 1 1 1 1 1 1 1 1 1 1 1 1 1 1 1 1 1 1 1 1 1 1 

-2.8508678329047909549842643173179 -5.1215188021695112752240675035864 -6.2054021852182046359303058125079 -3.7729413811421923519162646698533 -1.5724867856578508273912575532449 -8.0514145484601833402393822325394 7.7151796099464506895060367241967 -2.8508678329047909549842643173179 -5.1215188021695112752240675035864 -6.2054021852182046359303058125079 -3.7729413811421923519162646698533 -1.5724867856578508273912575532449 -8.0514145484601833402393822325394 7.7151796099464506895060367241967 -2.8508678329047909549842643173179 -5.1215188021695112752240675035864 -6.2054021852182046359303058125079 -3.7729413811421923519162646698533 -1.5724867856578508273912575532449 -8.0514145484601833402393822325394 7.7151796099464506895060367241967 -2.8508678329047909549842643173179 -5.1215188021695112752240675035864 -6.2054021852182046359303058125079 -3.7729413811421923519162646698533 -1.5724867856578508273912575532449 -8.0514145484601833402393822325394 7.7151796099464506895060367241967 -2.8508678329047909549842643173179 -5.1215188021695112752240675035864 -6.2054021852182046359303058125079 -3.7729413811421923519162646698533 -1.5724867856578508273912575532449 -8.0514145484601833402393822325394 7.7151796099464506895060367241967 -2.8508678329047909549842643173179 -5.1215188021695112752240675035864 -6.2054021852182046359303058125079 -3.7729413811421923519162646698533 -1.5724867856578508273912575532449 -8.0514145484601833402393822325394 7.7151796099464506895060367241967 -2.8508678329047909549842643173179 -5.1215188021695112752240675035864 -6.2054021852182046359303058125079 -3.7729413811421923519162646698533 -1.5724867856578508273912575532449 -8.0514145484601833402393822325394 7.7151796099464506895060367241967 

2  1 6.2324062843042060677589688566513  3 -13.85793482277398958046887855744  
2  2 0.14808409773871061831940210140601  1 -13.407609636109281581184404785745  
2  3 1.0708219538397250047978559450712  2 -13.186052865352392515774226922076  
5  4 -10.38529085597528833773139922414  2 5.1078069147543629924257402308285  6 3.3269684163430199852484747680137  7 2.3835764394542042765579026308842  14 3.0961883940592578312589466804639  
2  5 5.2208379821053432223720847105142  1 -11.503630807452841722238190413918  
2  6 -2.3590959562993125686602979840245  5 -13.638316134953464953127877379302  
2  7 -5.3662342745172102453921070264187  5 14.509276197400183150421071331948  
2  8 6.2324062843042060677589688566513  10 -13.85793482277398958046887855744  
2  9 0.14808409773871061831940210140601  8 -13.407609636109281581184404785745  
2  10 1.0708219538397250047978559450712  9 -13.186052865352392515774226922076  
6  3 6.7656801472418264253860797907691  11 -10.38529085597528833773139922414  9 5.1078069147543629924257402308285  13 3.3269684163430199852484747680137  14 2.3835764394542042765579026308842  21 3.0961883940592578312589466804639  
2  12 5.2208379821053432223720847105142  8 -11.503630807452841722238190413918  
2  13 -2.3590959562993125686602979840245  12 -13.638316134953464953127877379302  
2  14 -5.3662342745172102453921070264187  12 14.509276197400183150421071331948  
2  15 6.2324062843042060677589688566513  17 -13.85793482277398958046887855744  
2  16 0.14808409773871061831940210140601  15 -13.407609636109281581184404785745  
2  17 1.0708219538397250047978559450712  16 -13.186052865352392515774226922076  
6  10 6.7656801472418264253860797907691  18 -10.38529085597528833773139922414  16 5.1078069147543629924257402308285  20 3.3269684163430199852484747680137  21 2.3835764394542042765579026308842  28 3.0961883940592578312589466804639  
2  19 5.2208379821053432223720847105142  15 -11.503630807452841722238190413918  
2  20 -2.3590959562993125686602979840245  19 -13.638316134953464953127877379302  
2  21 -5.3662342745172102453921070264187  19 14.509276197400183150421071331948  
2  22 6.2324062843042060677589688566513  24 -13.85793482277398958046887855744  
2  23 0.14808409773871061831940210140601  22 -13.407609636109281581184404785745  
2  24 1.0708219538397250047978559450712  23 -13.186052865352392515774226922076  
6  17 6.7656801472418264253860797907691  25 -10.38529085597528833773139922414  23 5.1078069147543629924257402308285  27 3.3269684163430199852484747680137  28 2.3835764394542042765579026308842  35 3.0961883940592578312589466804639  
2  26 5.2208379821053432223720847105142  22 -11.503630807452841722238190413918  
2  27 -2.3590959562993125686602979840245  26 -13.638316134953464953127877379302  
2  28 -5.3662342745172102453921070264187  26 14.509276197400183150421071331948  
2  29 6.2324062843042060677589688566513  31 -13.85793482277398958046887855744  
2  30 0.14808409773871061831940210140601  29 -13.407609636109281581184404785745  
2  31 1.0708219538397250047978559450712  30 -13.186052865352392515774226922076  
6  24 6.7656801472418264253860797907691  32 -10.38529085597528833773139922414  30 5.1078069147543629924257402308285  34 3.3269684163430199852484747680137  35 2.3835764394542042765579026308842  42 3.0961883940592578312589466804639  
2  33 5.2208379821053432223720847105142  29 -11.503630807452841722238190413918  
2  34 -2.3590959562993125686602979840245  33 -13.638316134953464953127877379302  
2  35 -5.3662342745172102453921070264187  33 14.509276197400183150421071331948  
2  36 6.2324062843042060677589688566513  38 -13.85793482277398958046887855744  
2  37 0.14808409773871061831940210140601  36 -13.407609636109281581184404785745  
2  38 1.0708219538397250047978559450712  37 -13.186052865352392515774226922076  
6  31 6.7656801472418264253860797907691  39 -10.38529085597528833773139922414  37 5.1078069147543629924257402308285  41 3.3269684163430199852484747680137  42 2.3835764394542042765579026308842  49 3.0961883940592578312589466804639  
2  40 5.2208379821053432223720847105142  36 -11.503630807452841722238190413918  
2  41 -2.3590959562993125686602979840245  40 -13.638316134953464953127877379302  
2  42 -5.3662342745172102453921070264187  40 14.509276197400183150421071331948  
2  43 6.2324062843042060677589688566513  45 -13.85793482277398958046887855744  
2  44 0.14808409773871061831940210140601  43 -13.407609636109281581184404785745  
2  45 1.0708219538397250047978559450712  44 -13.186052865352392515774226922076  
5  38 6.7656801472418264253860797907691  46 -10.38529085597528833773139922414  44 5.1078069147543629924257402308285  48 3.3269684163430199852484747680137  49 2.3835764394542042765579026308842  
2  47 5.2208379821053432223720847105142  43 -11.503630807452841722238190413918  
2  48 -2.3590959562993125686602979840245  47 -13.638316134953464953127877379302  
2  49 -5.3662342745172102453921070264187  47 14.509276197400183150421071331948  

1  14 0.84976284548590952372393303448916  
1  8 1.7690713150753203386500445049023  
0  
1  5 1.5794865765044650007808968439349  
1  4 1.5794865765044650007808968439349  
1  10 0.81294531578105611036022537518875  
0  
2  2 1.7690713150753203386500445049023  21 0.84976284548590952372393303448916  
1  15 1.7690713150753203386500445049023  
1  6 0.81294531578105611036022537518875  
1  12 1.5794865765044650007808968439349  
1  11 1.5794865765044650007808968439349  
1  17 0.81294531578105611036022537518875  
1  1 0.84976284548590952372393303448916  
2  9 1.7690713150753203386500445049023  28 0.84976284548590952372393303448916  
1  22 1.7690713150753203386500445049023  
1  13 0.81294531578105611036022537518875  
1  19 1.5794865765044650007808968439349  
1  18 1.5794865765044650007808968439349  
1  24 0.81294531578105611036022537518875  
1  8 0.84976284548590952372393303448916  
2  16 1.7690713150753203386500445049023  35 0.84976284548590952372393303448916  
1  29 1.7690713150753203386500445049023  
1  20 0.81294531578105611036022537518875  
1  26 1.5794865765044650007808968439349  
1  25 1.5794865765044650007808968439349  
1  31 0.81294531578105611036022537518875  
1  15 0.84976284548590952372393303448916  
2  23 1.7690713150753203386500445049023  42 0.84976284548590952372393303448916  
1  36 1.7690713150753203386500445049023  
1  27 0.81294531578105611036022537518875  
1  33 1.5794865765044650007808968439349  
1  32 1.5794865765044650007808968439349  
1  38 0.81294531578105611036022537518875  
1  22 0.84976284548590952372393303448916  
2  30 1.7690713150753203386500445049023  49 0.84976284548590952372393303448916  
1  43 1.7690713150753203386500445049023  
1  34 0.81294531578105611036022537518875  
1  40 1.5794865765044650007808968439349  
1  39 1.5794865765044650007808968439349  
1  45 0.81294531578105611036022537518875  
1  29 0.84976284548590952372393303448916  
1  37 1.7690713150753203386500445049023  
0  
1  41 0.81294531578105611036022537518875  
1  47 1.5794865765044650007808968439349  
1  46 1.5794865765044650007808968439349  
0  
1  36 0.84976284548590952372393303448916  
