49 9 6

0.56347673360266414821495573050925 2.133638466708511316483054542914 0.10173039453323062808465238049394 0.72991646529300013845897865394363 1.8383656177167813083883629587945 0.38503843988988162294617723091505 1.1350679008626531896197775495239 0.56347673360266414821495573050925 2.133638466708511316483054542914 0.10173039453323062808465238049394 0.72991646529300013845897865394363 1.8383656177167813083883629587945 0.38503843988988162294617723091505 1.1350679008626531896197775495239 0.56347673360266414821495573050925 2.133638466708511316483054542914 0.10173039453323062808465238049394 0.72991646529300013845897865394363 1.8383656177167813083883629587945 0.38503843988988162294617723091505 1.1350679008626531896197775495239 0.56347673360266414821495573050925 2.133638466708511316483054542914 0.10173039453323062808465238049394 0.72991646529300013845897865394363 1.8383656177167813083883629587945 0.38503843988988162294617723091505 1.1350679008626531896197775495239 0.56347673360266414821495573050925 2.133638466708511316483054542914 0.10173039453323062808465238049394 0.72991646529300013845897865394363 1.8383656177167813083883629587945 0.38503843988988162294617723091505 1.1350679008626531896197775495239 0.56347673360266414821495573050925 2.133638466708511316483054542914 0.10173039453323062808465238049394 0.72991646529300013845897865394363 1.8383656177167813083883629587945 0.38503843988988162294617723091505 1.1350679008626531896197775495239 0.56347673360266414821495573050925 2.133638466708511316483054542914 0.10173039453323062808465238049394 0.72991646529300013845897865394363 1.8383656177167813083883629587945 0.38503843988988162294617723091505 1.1350679008626531896197775495239 

0.094303940632030389124018654456449 -0.16949418352665118758793028064247 -8.3589902643157163453224711702205 6.3310136120233169165771869302262 0.37396757242567835177737833873834 -4.8492638739178479667657484242227 2.2536540879047590735240191861521 0.094303940632030389124018654456449 -0.16949418352665118758793028064247 -8.3589902643157163453224711702205 6.3310136120233169165771869302262 0.37396757242567835177737833873834 -4.8492638739178479667657484242227 2.2536540879047590735240191861521 0.094303940632030389124018654456449 -0.16949418352665118758793028064247 -8.3589902643157163453224711702205 6.3310136120233169165771869302262 0.37396757242567835177737833873834 -4.8492638739178479667657484242227 2.2536540879047590735240191861521 0.094303940632030389124018654456449 -0.16949418352665118758793028064247 -8.3589902643157163453224711702205 6.3310136120233169165771869302262 0.37396757242567835177737833873834 -4.8492638739178479667657484242227 2.2536540879047590735240191861521 0.094303940632030389124018654456449 -0.16949418352665118758793028064247 -8.3589902643157163453224711702205 6.3310136120233169165771869302262 0.37396757242567835177737833873834 -4.8492638739178479667657484242227 2.2536540879047590735240191861521 0.094303940632030389124018654456449 -0.16949418352665118758793028064247 -8.3589902643157163453224711702205 6.3310136120233169165771869302262 0.37396757242567835177737833873834 -4.8492638739178479667657484242227 2.2536540879047590735240191861521 0.094303940632030389124018654456449 -0.16949418352665118758793028064247 -8.3589902643157163453224711702205 6.3310136120233169165771869302262 0.37396757242567835177737833873834 -4.8492638739178479667657484242227 2.2536540879047590735240191861521 

1 1 1 1 1 1 1 1 1 1 1 1 1 1 1 1 1 1 1 1 1 1 1 1 1 1 1 1 1 1 1 1 1 1 1 1 1 1 1 1 1 1 1 1 1 1 1 1 1 

-0.094303940632030389124018654456449 0.16949418352665118758793028064247 8.3589902643157163453224711702205 -6.3310136120233169165771869302262 -0.37396757242567835177737833873834 4.8492638739178479667657484242227 -2.2536540879047590735240191861521 -0.094303940632030389124018654456449 0.16949418352665118758793028064247 8.3589902643157163453224711702205 -6.3310136120233169165771869302262 -0.37396757242567835177737833873834 4.8492638739178479667657484242227 -2.2536540879047590735240191861521 -0.094303940632030389124018654456449 0.16949418352665118758793028064247 8.3589902643157163453224711702205 -6.3310136120233169165771869302262 -0.37396757242567835177737833873834 4.8492638739178479667657484242227 -2.2536540879047590735240191861521 -0.094303940632030389124018654456449 0.16949418352665118758793028064247 8.3589902643157163453224711702205 -6.3310136120233169165771869302262 -0.37396757242567835177737833873834 4.8492638739178479667657484242227 -2.2536540879047590735240191861521 -0.094303940632030389124018654456449 0.16949418352665118758793028064247 8.3589902643157163453224711702205 -6.3310136120233169165771869302262 -0.37396757242567835177737833873834 4.8492638739178479667657484242227 -2.2536540879047590735240191861521 -0.094303940632030389124018654456449 0.16949418352665118758793028064247 8.3589902643157163453224711702205 -6.3310136120233169165771869302262 -0.37396757242567835177737833873834 4.8492638739178479667657484242227 -2.2536540879047590735240191861521 -0.094303940632030389124018654456449 0.16949418352665118758793028064247 8.3589902643157163453224711702205 -6.3310136120233169165771869302262 -0.37396757242567835177737833873834 4.8492638739178479667657484242227 -2.2536540879047590735240191861521 

2  1 10.818709495681071430794872867409  3 -15  
2  2 -14.383341561887476700576371513307  1 12.772872631473541460422893578652  
2  3 6.8616908417264284025804954580963  2 14.66864856157342877907012734795  
5  4 -7.3873705151734814222663771943189  2 -14.724099362147184066884619824123  6 7.099159721470574169188694213517  7 0.68647562406318207717248469634796  14 -3.8015724269922404054966591502307  
2  5 -4.3030783174312770000824457383715  1 -14.006737354036705056614664499648  
2  6 1.9144742395813469926224570372142  5 -13.27256560900911530609391775215  
2  7 0.46640131925664096712580430903472  5 -14.000442046257218109417408413719  
2  8 10.818709495681071430794872867409  10 -15  
2  9 -14.383341561887476700576371513307  8 12.772872631473541460422893578652  
2  10 6.8616908417264284025804954580963  9 14.66864856157342877907012734795  
6  3 -0.59486341854509527937722168644541  11 -7.3873705151734814222663771943189  9 -14.724099362147184066884619824123  13 7.099159721470574169188694213517  14 0.68647562406318207717248469634796  21 -3.8015724269922404054966591502307  
2  12 -4.3030783174312770000824457383715  8 -14.006737354036705056614664499648  
2  13 1.9144742395813469926224570372142  12 -13.27256560900911530609391775215  
2  14 0.46640131925664096712580430903472  12 -14.000442046257218109417408413719  
2  15 10.818709495681071430794872867409  17 -15  
2  16 -14.383341561887476700576371513307  15 12.772872631473541460422893578652  
2  17 6.8616908417264284025804954580963  16 14.66864856157342877907012734795  
6  10 -0.59486341854509527937722168644541  18 -7.3873705151734814222663771943189  16 -14.724099362147184066884619824123  20 7.099159721470574169188694213517  21 0.68647562406318207717248469634796  28 -3.8015724269922404054966591502307  
2  19 -4.3030783174312770000824457383715  15 -14.006737354036705056614664499648  
2  20 1.9144742395813469926224570372142  19 -13.27256560900911530609391775215  
2  21 0.46640131925664096712580430903472  19 -14.000442046257218109417408413719  
2  22 10.818709495681071430794872867409  24 -15  
2  23 -14.383341561887476700576371513307  22 12.772872631473541460422893578652  
2  24 6.8616908417264284025804954580963  23 14.66864856157342877907012734795  
6  17 -0.59486341854509527937722168644541  25 -7.3873705151734814222663771943189  23 -14.724099362147184066884619824123  27 7.099159721470574169188694213517  28 0.68647562406318207717248469634796  35 -3.8015724269922404054966591502307  
2  26 -4.3030783174312770000824457383715  22 -14.006737354036705056614664499648  
2  27 1.9144742395813469926224570372142  26 -13.27256560900911530609391775215  
2  28 0.46640131925664096712580430903472  26 -14.000442046257218109417408413719  
2  29 10.818709495681071430794872867409  31 -15  
2  30 -14.383341561887476700576371513307  29 12.772872631473541460422893578652  
2  31 6.8616908417264284025804954580963  30 14.66864856157342877907012734795  
6  24 -0.59486341854509527937722168644541  32 -7.3873705151734814222663771943189  30 -14.724099362147184066884619824123  34 7.099159721470574169188694213517  35 0.68647562406318207717248469634796  42 -3.8015724269922404054966591502307  
2  33 -4.3030783174312770000824457383715  29 -14.006737354036705056614664499648  
2  34 1.9144742395813469926224570372142  33 -13.27256560900911530609391775215  
2  35 0.46640131925664096712580430903472  33 -14.000442046257218109417408413719  
2  36 10.818709495681071430794872867409  38 -15  
2  37 -14.383341561887476700576371513307  36 12.772872631473541460422893578652  
2  38 6.8616908417264284025804954580963  37 14.66864856157342877907012734795  
6  31 -0.59486341854509527937722168644541  39 -7.3873705151734814222663771943189  37 -14.724099362147184066884619824123  41 7.099159721470574169188694213517  42 0.68647562406318207717248469634796  49 -3.8015724269922404054966591502307  
2  40 -4.3030783174312770000824457383715  36 -14.006737354036705056614664499648  
2  41 1.9144742395813469926224570372142  40 -13.27256560900911530609391775215  
2  42 0.46640131925664096712580430903472  40 -14.000442046257218109417408413719  
2  43 10.818709495681071430794872867409  45 -15  
2  44 -14.383341561887476700576371513307  43 12.772872631473541460422893578652  
2  45 6.8616908417264284025804954580963  44 14.66864856157342877907012734795  
5  38 -0.59486341854509527937722168644541  46 -7.3873705151734814222663771943189  44 -14.724099362147184066884619824123  48 7.099159721470574169188694213517  49 0.68647562406318207717248469634796  
2  47 -4.3030783174312770000824457383715  43 -14.006737354036705056614664499648  
2  48 1.9144742395813469926224570372142  47 -13.27256560900911530609391775215  
2  49 0.46640131925664096712580430903472  47 -14.000442046257218109417408413719  

1  14 0.73386571453767668327117235094192  
1  8 1.5146094470998707759434864783543  
0  
1  5 0.22383651827727368832654519792413  
1  4 0.22383651827727368832654519792413  
1  10 1.189341558207197113716802050476  
0  
2  2 1.5146094470998707759434864783543  21 0.73386571453767668327117235094192  
1  15 1.5146094470998707759434864783543  
1  6 1.189341558207197113716802050476  
1  12 0.22383651827727368832654519792413  
1  11 0.22383651827727368832654519792413  
1  17 1.189341558207197113716802050476  
1  1 0.73386571453767668327117235094192  
2  9 1.5146094470998707759434864783543  28 0.73386571453767668327117235094192  
1  22 1.5146094470998707759434864783543  
1  13 1.189341558207197113716802050476  
1  19 0.22383651827727368832654519792413  
1  18 0.22383651827727368832654519792413  
1  24 1.189341558207197113716802050476  
1  8 0.73386571453767668327117235094192  
2  16 1.5146094470998707759434864783543  35 0.73386571453767668327117235094192  
1  29 1.5146094470998707759434864783543  
1  20 1.189341558207197113716802050476  
1  26 0.22383651827727368832654519792413  
1  25 0.22383651827727368832654519792413  
1  31 1.189341558207197113716802050476  
1  15 0.73386571453767668327117235094192  
2  23 1.5146094470998707759434864783543  42 0.73386571453767668327117235094192  
1  36 1.5146094470998707759434864783543  
1  27 1.189341558207197113716802050476  
1  33 0.22383651827727368832654519792413  
1  32 0.22383651827727368832654519792413  
1  38 1.189341558207197113716802050476  
1  22 0.73386571453767668327117235094192  
2  30 1.5146094470998707759434864783543  49 0.73386571453767668327117235094192  
1  43 1.5146094470998707759434864783543  
1  34 1.189341558207197113716802050476  
1  40 0.22383651827727368832654519792413  
1  39 0.22383651827727368832654519792413  
1  45 1.189341558207197113716802050476  
1  29 0.73386571453767668327117235094192  
1  37 1.5146094470998707759434864783543  
0  
1  41 1.189341558207197113716802050476  
1  47 0.22383651827727368832654519792413  
1  46 0.22383651827727368832654519792413  
0  
1  36 0.73386571453767668327117235094192  
