49 9 6

1.1116779950588753234086425436544 0.26929071905922707941272165044211 0.55207534427212412442287359226611 1.1510330850062042706838383310242 1.4589648746062238160448032431304 0.42723233348134914688642993496615 0.87811430728705497372743593587074 1.1116779950588753234086425436544 0.26929071905922707941272165044211 0.55207534427212412442287359226611 1.1510330850062042706838383310242 1.4589648746062238160448032431304 0.42723233348134914688642993496615 0.87811430728705497372743593587074 1.1116779950588753234086425436544 0.26929071905922707941272165044211 0.55207534427212412442287359226611 1.1510330850062042706838383310242 1.4589648746062238160448032431304 0.42723233348134914688642993496615 0.87811430728705497372743593587074 1.1116779950588753234086425436544 0.26929071905922707941272165044211 0.55207534427212412442287359226611 1.1510330850062042706838383310242 1.4589648746062238160448032431304 0.42723233348134914688642993496615 0.87811430728705497372743593587074 1.1116779950588753234086425436544 0.26929071905922707941272165044211 0.55207534427212412442287359226611 1.1510330850062042706838383310242 1.4589648746062238160448032431304 0.42723233348134914688642993496615 0.87811430728705497372743593587074 1.1116779950588753234086425436544 0.26929071905922707941272165044211 0.55207534427212412442287359226611 1.1510330850062042706838383310242 1.4589648746062238160448032431304 0.42723233348134914688642993496615 0.87811430728705497372743593587074 1.1116779950588753234086425436544 0.26929071905922707941272165044211 0.55207534427212412442287359226611 1.1510330850062042706838383310242 1.4589648746062238160448032431304 0.42723233348134914688642993496615 0.87811430728705497372743593587074 

-7.4481597485103057110222835035529 -2.2387716479307728789649445388932 4.3599506949890001195058175653685 9.6027518010779076007565890904516 -1.904506396339417761964796227403 4.1985416769830070649049957864918 8.670583633804543666201425367035 -7.4481597485103057110222835035529 -2.2387716479307728789649445388932 4.3599506949890001195058175653685 9.6027518010779076007565890904516 -1.904506396339417761964796227403 4.1985416769830070649049957864918 8.670583633804543666201425367035 -7.4481597485103057110222835035529 -2.2387716479307728789649445388932 4.3599506949890001195058175653685 9.6027518010779076007565890904516 -1.904506396339417761964796227403 4.1985416769830070649049957864918 8.670583633804543666201425367035 -7.4481597485103057110222835035529 -2.2387716479307728789649445388932 4.3599506949890001195058175653685 9.6027518010779076007565890904516 -1.904506396339417761964796227403 4.1985416769830070649049957864918 8.670583633804543666201425367035 -7.4481597485103057110222835035529 -2.2387716479307728789649445388932 4.3599506949890001195058175653685 9.6027518010779076007565890904516 -1.904506396339417761964796227403 4.1985416769830070649049957864918 8.670583633804543666201425367035 -7.4481597485103057110222835035529 -2.2387716479307728789649445388932 4.3599506949890001195058175653685 9.6027518010779076007565890904516 -1.904506396339417761964796227403 4.1985416769830070649049957864918 8.670583633804543666201425367035 -7.4481597485103057110222835035529 -2.2387716479307728789649445388932 4.3599506949890001195058175653685 9.6027518010779076007565890904516 -1.904506396339417761964796227403 4.1985416769830070649049957864918 8.670583633804543666201425367035 

1 1 1 1 1 1 1 1 1 1 1 1 1 1 1 1 1 1 1 1 1 1 1 1 1 1 1 1 1 1 1 1 1 1 1 1 1 1 1 1 1 1 1 1 1 1 1 1 1 

7.4481597485103057110222835035529 2.2387716479307728789649445388932 -4.3599506949890001195058175653685 -9.6027518010779076007565890904516 1.904506396339417761964796227403 -4.1985416769830070649049957864918 -8.670583633804543666201425367035 7.4481597485103057110222835035529 2.2387716479307728789649445388932 -4.3599506949890001195058175653685 -9.6027518010779076007565890904516 1.904506396339417761964796227403 -4.1985416769830070649049957864918 -8.670583633804543666201425367035 7.4481597485103057110222835035529 2.2387716479307728789649445388932 -4.3599506949890001195058175653685 -9.6027518010779076007565890904516 1.904506396339417761964796227403 -4.1985416769830070649049957864918 -8.670583633804543666201425367035 7.4481597485103057110222835035529 2.2387716479307728789649445388932 -4.3599506949890001195058175653685 -9.6027518010779076007565890904516 1.904506396339417761964796227403 -4.1985416769830070649049957864918 -8.670583633804543666201425367035 7.4481597485103057110222835035529 2.2387716479307728789649445388932 -4.3599506949890001195058175653685 -9.6027518010779076007565890904516 1.904506396339417761964796227403 -4.1985416769830070649049957864918 -8.670583633804543666201425367035 7.4481597485103057110222835035529 2.2387716479307728789649445388932 -4.3599506949890001195058175653685 -9.6027518010779076007565890904516 1.904506396339417761964796227403 -4.1985416769830070649049957864918 -8.670583633804543666201425367035 7.4481597485103057110222835035529 2.2387716479307728789649445388932 -4.3599506949890001195058175653685 -9.6027518010779076007565890904516 1.904506396339417761964796227403 -4.1985416769830070649049957864918 -8.670583633804543666201425367035 

2  1 9.4133660717393556893739514634944  3 13.914802862186116172438232752029  
2  2 -8.1775779991431321036543522495776  1 9.6520523953931061100774968508631  
2  3 11.055050734328366601744164654519  2 -14.628247988731549966701095399912  
5  4 6.6429969217947464343865249247756  2 0.76101546823377974604341034137178  6 1.8497032289798780446687942458084  7 -6.0302277664712429228188739216421  14 13.001005364307106404453406867106  
2  5 1.560231943493712636339409982611  1 -14.113095232331396289282565703616  
2  6 -8.945965347527112143666272459086  5 -14.8771702015943532160235918127  
2  7 0.098186950430794714406168566256383  5 -5.032048885406053884139510046225  
2  8 9.4133660717393556893739514634944  10 13.914802862186116172438232752029  
2  9 -8.1775779991431321036543522495776  8 9.6520523953931061100774968508631  
2  10 11.055050734328366601744164654519  9 -14.628247988731549966701095399912  
6  3 14.23671426301746478770837711636  11 6.6429969217947464343865249247756  9 0.76101546823377974604341034137178  13 1.8497032289798780446687942458084  14 -6.0302277664712429228188739216421  21 13.001005364307106404453406867106  
2  12 1.560231943493712636339409982611  8 -14.113095232331396289282565703616  
2  13 -8.945965347527112143666272459086  12 -14.8771702015943532160235918127  
2  14 0.098186950430794714406168566256383  12 -5.032048885406053884139510046225  
2  15 9.4133660717393556893739514634944  17 13.914802862186116172438232752029  
2  16 -8.1775779991431321036543522495776  15 9.6520523953931061100774968508631  
2  17 11.055050734328366601744164654519  16 -14.628247988731549966701095399912  
6  10 14.23671426301746478770837711636  18 6.6429969217947464343865249247756  16 0.76101546823377974604341034137178  20 1.8497032289798780446687942458084  21 -6.0302277664712429228188739216421  28 13.001005364307106404453406867106  
2  19 1.560231943493712636339409982611  15 -14.113095232331396289282565703616  
2  20 -8.945965347527112143666272459086  19 -14.8771702015943532160235918127  
2  21 0.098186950430794714406168566256383  19 -5.032048885406053884139510046225  
2  22 9.4133660717393556893739514634944  24 13.914802862186116172438232752029  
2  23 -8.1775779991431321036543522495776  22 9.6520523953931061100774968508631  
2  24 11.055050734328366601744164654519  23 -14.628247988731549966701095399912  
6  17 14.23671426301746478770837711636  25 6.6429969217947464343865249247756  23 0.76101546823377974604341034137178  27 1.8497032289798780446687942458084  28 -6.0302277664712429228188739216421  35 13.001005364307106404453406867106  
2  26 1.560231943493712636339409982611  22 -14.113095232331396289282565703616  
2  27 -8.945965347527112143666272459086  26 -14.8771702015943532160235918127  
2  28 0.098186950430794714406168566256383  26 -5.032048885406053884139510046225  
2  29 9.4133660717393556893739514634944  31 13.914802862186116172438232752029  
2  30 -8.1775779991431321036543522495776  29 9.6520523953931061100774968508631  
2  31 11.055050734328366601744164654519  30 -14.628247988731549966701095399912  
6  24 14.23671426301746478770837711636  32 6.6429969217947464343865249247756  30 0.76101546823377974604341034137178  34 1.8497032289798780446687942458084  35 -6.0302277664712429228188739216421  42 13.001005364307106404453406867106  
2  33 1.560231943493712636339409982611  29 -14.113095232331396289282565703616  
2  34 -8.945965347527112143666272459086  33 -14.8771702015943532160235918127  
2  35 0.098186950430794714406168566256383  33 -5.032048885406053884139510046225  
2  36 9.4133660717393556893739514634944  38 13.914802862186116172438232752029  
2  37 -8.1775779991431321036543522495776  36 9.6520523953931061100774968508631  
2  38 11.055050734328366601744164654519  37 -14.628247988731549966701095399912  
6  31 14.23671426301746478770837711636  39 6.6429969217947464343865249247756  37 0.76101546823377974604341034137178  41 1.8497032289798780446687942458084  42 -6.0302277664712429228188739216421  49 13.001005364307106404453406867106  
2  40 1.560231943493712636339409982611  36 -14.113095232331396289282565703616  
2  41 -8.945965347527112143666272459086  40 -14.8771702015943532160235918127  
2  42 0.098186950430794714406168566256383  40 -5.032048885406053884139510046225  
2  43 9.4133660717393556893739514634944  45 13.914802862186116172438232752029  
2  44 -8.1775779991431321036543522495776  43 9.6520523953931061100774968508631  
2  45 11.055050734328366601744164654519  44 -14.628247988731549966701095399912  
5  38 14.23671426301746478770837711636  46 6.6429969217947464343865249247756  44 0.76101546823377974604341034137178  48 1.8497032289798780446687942458084  49 -6.0302277664712429228188739216421  
2  47 1.560231943493712636339409982611  43 -14.113095232331396289282565703616  
2  48 -8.945965347527112143666272459086  47 -14.8771702015943532160235918127  
2  49 0.098186950430794714406168566256383  47 -5.032048885406053884139510046225  

1  14 0.16553314324145496083673378961976  
1  8 0.2877402532546379232414324178535  
0  
1  5 0.57728815927729371093590771124582  
1  4 0.57728815927729371093590771124582  
1  10 1.0924130728787473376684147297055  
0  
2  2 0.2877402532546379232414324178535  21 0.16553314324145496083673378961976  
1  15 0.2877402532546379232414324178535  
1  6 1.0924130728787473376684147297055  
1  12 0.57728815927729371093590771124582  
1  11 0.57728815927729371093590771124582  
1  17 1.0924130728787473376684147297055  
1  1 0.16553314324145496083673378961976  
2  9 0.2877402532546379232414324178535  28 0.16553314324145496083673378961976  
1  22 0.2877402532546379232414324178535  
1  13 1.0924130728787473376684147297055  
1  19 0.57728815927729371093590771124582  
1  18 0.57728815927729371093590771124582  
1  24 1.0924130728787473376684147297055  
1  8 0.16553314324145496083673378961976  
2  16 0.2877402532546379232414324178535  35 0.16553314324145496083673378961976  
1  29 0.2877402532546379232414324178535  
1  20 1.0924130728787473376684147297055  
1  26 0.57728815927729371093590771124582  
1  25 0.57728815927729371093590771124582  
1  31 1.0924130728787473376684147297055  
1  15 0.16553314324145496083673378961976  
2  23 0.2877402532546379232414324178535  42 0.16553314324145496083673378961976  
1  36 0.2877402532546379232414324178535  
1  27 1.0924130728787473376684147297055  
1  33 0.57728815927729371093590771124582  
1  32 0.57728815927729371093590771124582  
1  38 1.0924130728787473376684147297055  
1  22 0.16553314324145496083673378961976  
2  30 0.2877402532546379232414324178535  49 0.16553314324145496083673378961976  
1  43 0.2877402532546379232414324178535  
1  34 1.0924130728787473376684147297055  
1  40 0.57728815927729371093590771124582  
1  39 0.57728815927729371093590771124582  
1  45 1.0924130728787473376684147297055  
1  29 0.16553314324145496083673378961976  
1  37 0.2877402532546379232414324178535  
0  
1  41 1.0924130728787473376684147297055  
1  47 0.57728815927729371093590771124582  
1  46 0.57728815927729371093590771124582  
0  
1  36 0.16553314324145496083673378961976  
