49 9 6

1.4223858674909204413694396862411 0.20059626170696409630522794032004 0.18912763109360897217925412405748 1.6673629036784420875960677221883 2.0189897074433149626315753266681 0.29516334243712427642947204731172 1.859429068932406448055871805991 1.4223858674909204413694396862411 0.20059626170696409630522794032004 0.18912763109360897217925412405748 1.6673629036784420875960677221883 2.0189897074433149626315753266681 0.29516334243712427642947204731172 1.859429068932406448055871805991 1.4223858674909204413694396862411 0.20059626170696409630522794032004 0.18912763109360897217925412405748 1.6673629036784420875960677221883 2.0189897074433149626315753266681 0.29516334243712427642947204731172 1.859429068932406448055871805991 1.4223858674909204413694396862411 0.20059626170696409630522794032004 0.18912763109360897217925412405748 1.6673629036784420875960677221883 2.0189897074433149626315753266681 0.29516334243712427642947204731172 1.859429068932406448055871805991 1.4223858674909204413694396862411 0.20059626170696409630522794032004 0.18912763109360897217925412405748 1.6673629036784420875960677221883 2.0189897074433149626315753266681 0.29516334243712427642947204731172 1.859429068932406448055871805991 1.4223858674909204413694396862411 0.20059626170696409630522794032004 0.18912763109360897217925412405748 1.6673629036784420875960677221883 2.0189897074433149626315753266681 0.29516334243712427642947204731172 1.859429068932406448055871805991 1.4223858674909204413694396862411 0.20059626170696409630522794032004 0.18912763109360897217925412405748 1.6673629036784420875960677221883 2.0189897074433149626315753266681 0.29516334243712427642947204731172 1.859429068932406448055871805991 

11.340356816806025364030574564822 -10.407169359992028745409697876312 -4.7993798750431606592314892623108 -2.7583286733100829124509800749365 11.434915795930105986144553753547 0.23392270265064235568175377011357 -8.2984069153898012416448182193562 11.340356816806025364030574564822 -10.407169359992028745409697876312 -4.7993798750431606592314892623108 -2.7583286733100829124509800749365 11.434915795930105986144553753547 0.23392270265064235568175377011357 -8.2984069153898012416448182193562 11.340356816806025364030574564822 -10.407169359992028745409697876312 -4.7993798750431606592314892623108 -2.7583286733100829124509800749365 11.434915795930105986144553753547 0.23392270265064235568175377011357 -8.2984069153898012416448182193562 11.340356816806025364030574564822 -10.407169359992028745409697876312 -4.7993798750431606592314892623108 -2.7583286733100829124509800749365 11.434915795930105986144553753547 0.23392270265064235568175377011357 -8.2984069153898012416448182193562 11.340356816806025364030574564822 -10.407169359992028745409697876312 -4.7993798750431606592314892623108 -2.7583286733100829124509800749365 11.434915795930105986144553753547 0.23392270265064235568175377011357 -8.2984069153898012416448182193562 11.340356816806025364030574564822 -10.407169359992028745409697876312 -4.7993798750431606592314892623108 -2.7583286733100829124509800749365 11.434915795930105986144553753547 0.23392270265064235568175377011357 -8.2984069153898012416448182193562 11.340356816806025364030574564822 -10.407169359992028745409697876312 -4.7993798750431606592314892623108 -2.7583286733100829124509800749365 11.434915795930105986144553753547 0.23392270265064235568175377011357 -8.2984069153898012416448182193562 

1 1 1 1 1 1 1 1 1 1 1 1 1 1 1 1 1 1 1 1 1 1 1 1 1 1 1 1 1 1 1 1 1 1 1 1 1 1 1 1 1 1 1 1 1 1 1 1 1 

-11.340356816806025364030574564822 10.407169359992028745409697876312 4.7993798750431606592314892623108 2.7583286733100829124509800749365 -11.434915795930105986144553753547 -0.23392270265064235568175377011357 8.2984069153898012416448182193562 -11.340356816806025364030574564822 10.407169359992028745409697876312 4.7993798750431606592314892623108 2.7583286733100829124509800749365 -11.434915795930105986144553753547 -0.23392270265064235568175377011357 8.2984069153898012416448182193562 -11.340356816806025364030574564822 10.407169359992028745409697876312 4.7993798750431606592314892623108 2.7583286733100829124509800749365 -11.434915795930105986144553753547 -0.23392270265064235568175377011357 8.2984069153898012416448182193562 -11.340356816806025364030574564822 10.407169359992028745409697876312 4.7993798750431606592314892623108 2.7583286733100829124509800749365 -11.434915795930105986144553753547 -0.23392270265064235568175377011357 8.2984069153898012416448182193562 -11.340356816806025364030574564822 10.407169359992028745409697876312 4.7993798750431606592314892623108 2.7583286733100829124509800749365 -11.434915795930105986144553753547 -0.23392270265064235568175377011357 8.2984069153898012416448182193562 -11.340356816806025364030574564822 10.407169359992028745409697876312 4.7993798750431606592314892623108 2.7583286733100829124509800749365 -11.434915795930105986144553753547 -0.23392270265064235568175377011357 8.2984069153898012416448182193562 -11.340356816806025364030574564822 10.407169359992028745409697876312 4.7993798750431606592314892623108 2.7583286733100829124509800749365 -11.434915795930105986144553753547 -0.23392270265064235568175377011357 8.2984069153898012416448182193562 

2  1 -9.4492412356310158116912134573795  3 -14.761028630115717419357679318637  
2  2 8.4277385399667519294553130748682  1 14.267439282678470391374503378756  
2  3 5.7549583227155443054812167247292  2 8.8930256267664553604390675900504  
5  4 0.7627246291496273533638827757386  2 13.888994187126648682806262513623  6 14.114235989475707455653719080146  7 11.200568854386682815515996480826  14 5.4486709853827122174152464140207  
2  5 -5.5169172290900441169014811748639  1 -12.942364331559856438502720266115  
2  6 5.8106116318535230291786319867242  5 -6.2069024309024678487389792280737  
2  7 11.954114964017572120269505830947  5 -7.09767423685657306009488820564  
2  8 -9.4492412356310158116912134573795  10 -14.761028630115717419357679318637  
2  9 8.4277385399667519294553130748682  8 14.267439282678470391374503378756  
2  10 5.7549583227155443054812167247292  9 8.8930256267664553604390675900504  
6  3 -14.978468531205033187347908096854  11 0.7627246291496273533638827757386  9 13.888994187126648682806262513623  13 14.114235989475707455653719080146  14 11.200568854386682815515996480826  21 5.4486709853827122174152464140207  
2  12 -5.5169172290900441169014811748639  8 -12.942364331559856438502720266115  
2  13 5.8106116318535230291786319867242  12 -6.2069024309024678487389792280737  
2  14 11.954114964017572120269505830947  12 -7.09767423685657306009488820564  
2  15 -9.4492412356310158116912134573795  17 -14.761028630115717419357679318637  
2  16 8.4277385399667519294553130748682  15 14.267439282678470391374503378756  
2  17 5.7549583227155443054812167247292  16 8.8930256267664553604390675900504  
6  10 -14.978468531205033187347908096854  18 0.7627246291496273533638827757386  16 13.888994187126648682806262513623  20 14.114235989475707455653719080146  21 11.200568854386682815515996480826  28 5.4486709853827122174152464140207  
2  19 -5.5169172290900441169014811748639  15 -12.942364331559856438502720266115  
2  20 5.8106116318535230291786319867242  19 -6.2069024309024678487389792280737  
2  21 11.954114964017572120269505830947  19 -7.09767423685657306009488820564  
2  22 -9.4492412356310158116912134573795  24 -14.761028630115717419357679318637  
2  23 8.4277385399667519294553130748682  22 14.267439282678470391374503378756  
2  24 5.7549583227155443054812167247292  23 8.8930256267664553604390675900504  
6  17 -14.978468531205033187347908096854  25 0.7627246291496273533638827757386  23 13.888994187126648682806262513623  27 14.114235989475707455653719080146  28 11.200568854386682815515996480826  35 5.4486709853827122174152464140207  
2  26 -5.5169172290900441169014811748639  22 -12.942364331559856438502720266115  
2  27 5.8106116318535230291786319867242  26 -6.2069024309024678487389792280737  
2  28 11.954114964017572120269505830947  26 -7.09767423685657306009488820564  
2  29 -9.4492412356310158116912134573795  31 -14.761028630115717419357679318637  
2  30 8.4277385399667519294553130748682  29 14.267439282678470391374503378756  
2  31 5.7549583227155443054812167247292  30 8.8930256267664553604390675900504  
6  24 -14.978468531205033187347908096854  32 0.7627246291496273533638827757386  30 13.888994187126648682806262513623  34 14.114235989475707455653719080146  35 11.200568854386682815515996480826  42 5.4486709853827122174152464140207  
2  33 -5.5169172290900441169014811748639  29 -12.942364331559856438502720266115  
2  34 5.8106116318535230291786319867242  33 -6.2069024309024678487389792280737  
2  35 11.954114964017572120269505830947  33 -7.09767423685657306009488820564  
2  36 -9.4492412356310158116912134573795  38 -14.761028630115717419357679318637  
2  37 8.4277385399667519294553130748682  36 14.267439282678470391374503378756  
2  38 5.7549583227155443054812167247292  37 8.8930256267664553604390675900504  
6  31 -14.978468531205033187347908096854  39 0.7627246291496273533638827757386  37 13.888994187126648682806262513623  41 14.114235989475707455653719080146  42 11.200568854386682815515996480826  49 5.4486709853827122174152464140207  
2  40 -5.5169172290900441169014811748639  36 -12.942364331559856438502720266115  
2  41 5.8106116318535230291786319867242  40 -6.2069024309024678487389792280737  
2  42 11.954114964017572120269505830947  40 -7.09767423685657306009488820564  
2  43 -9.4492412356310158116912134573795  45 -14.761028630115717419357679318637  
2  44 8.4277385399667519294553130748682  43 14.267439282678470391374503378756  
2  45 5.7549583227155443054812167247292  44 8.8930256267664553604390675900504  
5  38 -14.978468531205033187347908096854  46 0.7627246291496273533638827757386  44 13.888994187126648682806262513623  48 14.114235989475707455653719080146  49 11.200568854386682815515996480826  
2  47 -5.5169172290900441169014811748639  43 -12.942364331559856438502720266115  
2  48 5.8106116318535230291786319867242  47 -6.2069024309024678487389792280737  
2  49 11.954114964017572120269505830947  47 -7.09767423685657306009488820564  

1  14 0.47995014289092907677769517249544  
1  8 0.12024955046375951361881107004592  
0  
1  5 1.3410342570118443106252925645094  
1  4 1.3410342570118443106252925645094  
1  10 0.80690823589058924270034367509652  
0  
2  2 0.12024955046375951361881107004592  21 0.47995014289092907677769517249544  
1  15 0.12024955046375951361881107004592  
1  6 0.80690823589058924270034367509652  
1  12 1.3410342570118443106252925645094  
1  11 1.3410342570118443106252925645094  
1  17 0.80690823589058924270034367509652  
1  1 0.47995014289092907677769517249544  
2  9 0.12024955046375951361881107004592  28 0.47995014289092907677769517249544  
1  22 0.12024955046375951361881107004592  
1  13 0.80690823589058924270034367509652  
1  19 1.3410342570118443106252925645094  
1  18 1.3410342570118443106252925645094  
1  24 0.80690823589058924270034367509652  
1  8 0.47995014289092907677769517249544  
2  16 0.12024955046375951361881107004592  35 0.47995014289092907677769517249544  
1  29 0.12024955046375951361881107004592  
1  20 0.80690823589058924270034367509652  
1  26 1.3410342570118443106252925645094  
1  25 1.3410342570118443106252925645094  
1  31 0.80690823589058924270034367509652  
1  15 0.47995014289092907677769517249544  
2  23 0.12024955046375951361881107004592  42 0.47995014289092907677769517249544  
1  36 0.12024955046375951361881107004592  
1  27 0.80690823589058924270034367509652  
1  33 1.3410342570118443106252925645094  
1  32 1.3410342570118443106252925645094  
1  38 0.80690823589058924270034367509652  
1  22 0.47995014289092907677769517249544  
2  30 0.12024955046375951361881107004592  49 0.47995014289092907677769517249544  
1  43 0.12024955046375951361881107004592  
1  34 0.80690823589058924270034367509652  
1  40 1.3410342570118443106252925645094  
1  39 1.3410342570118443106252925645094  
1  45 0.80690823589058924270034367509652  
1  29 0.47995014289092907677769517249544  
1  37 0.12024955046375951361881107004592  
0  
1  41 0.80690823589058924270034367509652  
1  47 1.3410342570118443106252925645094  
1  46 1.3410342570118443106252925645094  
0  
1  36 0.47995014289092907677769517249544  
