50.005 0
50.055 0.000222834
50.105 0.000191458
50.155 0.000149902
50.205 0.000122166
50.255 0.000106967
50.305 0.000107092
50.355 0.0001172
50.405 0.000139152
50.455 0.000170089
50.505 0.000179451
50.555 0.000180244
50.605 0.000194901
50.655 0.000216102
50.705 0.000234637
50.755 0.000243803
50.805 0.000234882
50.855 0.000208465
50.905 0.000177266
50.955 0.000154131
51.005 0.000137744
51.055 0.000120848
51.105 0.000106435
51.155 9.43976e-05
51.205 8.42183e-05
51.255 7.65508e-05
51.305 8.72305e-05
51.355 0.000118447
51.405 0.000163875
51.455 0.000219273
51.505 0.000277802
51.555 0.000317238
51.605 0.000323953
51.655 0.000310302
51.705 0.000291847
51.755 0.000276632
51.805 0.000263673
51.855 0.000245622
51.905 0.000224094
51.955 0.000217346
52.005 0.000225006
52.055 0.000235832
52.105 0.000237188
52.155 0.00022036
52.205 0.000187347
52.255 0.000146635
52.305 0.000120081
52.355 0.000106612
52.405 0.00010754
52.455 0.00011593
52.505 0.000133211
52.555 0.0001633
52.605 0.000173891
52.655 0.000178779
52.705 0.00019652
52.755 0.000218947
52.805 0.000237636
52.855 0.000245105
52.905 0.00023321
52.955 0.000204856
53.005 0.000173823
53.055 0.000151972
53.105 0.000135003
53.155 0.000118469
53.205 0.000104612
53.255 9.29651e-05
53.305 8.2854e-05
53.355 7.6156e-05
53.405 8.96905e-05
53.455 0.000122728
53.505 0.000168671
53.555 0.000224391
53.605 0.000281913
53.655 0.000319033
53.705 0.000323499
53.755 0.000308653
53.805 0.000289832
53.855 0.000274773
53.905 0.000262275
53.955 0.000244397
54.005 0.000223647
54.055 0.000219116
54.105 0.00022727
54.155 0.000237161
54.205 0.000236541
54.255 0.000217765
54.305 0.000183183
54.355 0.000143543
54.405 0.000118022
54.455 0.000106288
54.505 0.000107948
54.555 0.000114726
54.605 0.000127788
54.655 0.000156881
54.705 0.00016864
54.755 0.000177744
54.805 0.000198186
54.855 0.000221725
54.905 0.000240403
54.955 0.000245939
55.005 0.000231218
55.055 0.000201265
55.105 0.000170575
55.155 0.000149801
55.205 0.000132424
55.255 0.000116273
55.305 0.000102923
55.355 9.16876e-05
55.405 8.15956e-05
55.455 7.6812e-05
55.505 9.29504e-05
55.555 0.00012708
55.605 0.000173562
55.655 0.000229492
55.705 0.000285755
55.755 0.000320457
55.805 0.00032268
55.855 0.000306817
55.905 0.000287738
55.955 0.000272889
56.005 0.00026092
56.055 0.000243337
56.105 0.000223813
56.155 0.000221008
56.205 0.000229331
56.255 0.000238171
56.305 0.000235644
56.355 0.000215096
56.405 0.00017903
56.455 0.000140605
56.505 0.000116
56.555 0.000106012
56.605 0.00010831
56.655 0.000113567
56.705 0.000122847
56.755 0.000150846
56.805 0.000163682
56.855 0.000177034
56.905 0.00019984
56.955 0.000224391
57.005 0.000242883
57.055 0.000246319
57.105 0.000228945
57.155 0.000197744
57.205 0.000167526
57.255 0.00014763
57.305 0.000130019
57.355 0.00011425
57.405 0.000101358
57.455 9.04631e-05
57.505 8.04456e-05
57.555 7.78518e-05
57.605 9.69063e-05
57.655 0.000131457
57.705 0.000178478
57.755 0.000234478
57.805 0.000289253
57.855 0.000321504
57.905 0.000321565
57.955 0.000304853
58.005 0.000285616
58.055 0.000271021
58.105 0.000259639
58.155 0.000242437
58.205 0.000224331
58.255 0.000222961
58.305 0.000231205
58.355 0.00023889
58.405 0.000234548
58.455 0.000212389
58.505 0.000174928
58.555 0.000137803
58.605 0.000114334
58.655 0.000105791
58.705 0.000108621
58.755 0.000112444
58.805 0.000118362
58.855 0.000145208
58.905 0.000159011
58.955 0.000176572
59.005 0.000201438
59.055 0.000226931
59.105 0.000245058
59.155 0.000246288
59.205 0.000226476
59.255 0.000194333
59.305 0.000164676
59.355 0.0001455
59.405 0.000127791
59.455 0.000112388
59.505 9.99049e-05
59.555 8.92955e-05
59.605 7.94183e-05
59.655 7.91838e-05
59.705 0.000100752
59.755 0.000135825
59.805 0.000183361
59.855 0.000239272
59.905 0.000292366
59.955 0.000322193
60.005 0.000320215
60.055 0.000302819
60.105 0.00028351
60.155 0.000269772
60.205 0.000258453
60.255 0.000241695
60.305 0.000225025
60.355 0.000224913
60.405 0.000232918
60.455 0.000239345
60.505 0.000233295
60.555 0.000209672
60.605 0.000170905
60.655 0.000135128
60.705 0.000112634
60.755 0.000105633
60.805 0.000108882
60.855 0.00011135
60.905 0.000114344
60.955 0.000139921
61.005 0.000154926
61.055 0.000176289
61.105 0.000202877
61.155 0.000229326
61.205 0.000246913
61.255 0.000245892
61.305 0.00022388
61.355 0.00019106
61.405 0.000162016
61.455 0.000143439
61.505 0.000125737
61.555 0.000110677
61.605 9.85556e-05
61.655 8.819e-05
61.705 7.84841e-05
61.755 8.07368e-05
61.805 0.000104488
61.855 0.000140152
61.905 0.000188161
61.955 0.000243816
62.005 0.000295074
62.055 0.000322551
62.105 0.000318686
62.155 0.000300751
62.205 0.000281446
62.255 0.000268419
62.305 0.000257371
62.355 0.000241103
62.405 0.00022587
62.455 0.000226819
62.505 0.000234394
62.555 0.000239577
62.605 0.000231926
62.655 0.000206969
62.705 0.000166989
62.755 0.000132579
62.805 0.000111505
62.855 0.000105529
62.905 0.000109091
62.955 0.000110284
63.005 0.000110689
63.055 0.000134997
63.105 0.000151517
63.155 0.000176134
63.205 0.000204288
63.255 0.000231561
63.305 0.00024845
63.355 0.000245184
63.405 0.000221217
63.455 0.000187941
63.505 0.000159539
63.555 0.000141461
63.605 0.000123847
63.655 0.000109101
63.705 9.72988e-05
63.755 8.71455e-05
63.805 7.76255e-05
63.855 8.24413e-05
63.905 0.000108105
63.955 0.000144406
64.005 0.000192833
64.055 0.000248061
64.105 0.000297381
64.155 0.000322619
64.205 0.000317028
64.255 0.00029868
64.305 0.000279437
64.355 0.000267139
64.405 0.000256392
64.455 0.000240645
64.505 0.000226835
64.555 0.00022863
64.605 0.00023564
64.655 0.000239622
64.705 0.000230477
64.755 0.000204301
64.805 0.000163199
64.855 0.000130149
64.905 0.000110428
64.955 0.000105479
65.005 0.000109252
65.055 0.000109247
65.105 0.000107361
65.155 0.000130089
65.205 0.000148704
65.255 0.000176067
65.305 0.000205655
65.355 0.000233627
65.405 0.000249675
65.455 0.000244215
65.505 0.000218534
65.555 0.000184986
65.605 0.000157231
65.655 0.000139577
65.705 0.00012211
65.755 0.000107648
65.805 9.61261e-05
65.855 8.61611e-05
65.905 7.68774e-05
65.955 8.42491e-05
66.005 0.000111602
66.055 0.000148565
66.105 0.000197343
66.155 0.000251981
66.205 0.000299302
66.255 0.000322436
66.305 0.000315284
66.355 0.000296633
66.405 0.000277502
66.455 0.000265947
66.505 0.000255516
66.555 0.000240311
66.605 0.00022789
66.655 0.000230308
66.705 0.000236667
66.755 0.000239503
66.805 0.00022897
66.855 0.000201446
66.905 0.000159553
66.955 0.000127836
67.005 0.000109413
67.055 0.000105476
67.105 0.000109367
67.155 0.000108238
67.205 0.000104328
67.255 0.000125449
67.305 0.000146279
67.355 0.000176057
67.405 0.000206968
67.455 0.000235518
67.505 0.000250614
67.555 0.000243043
67.605 0.000215873
67.655 0.000182201
67.705 0.000155084
67.755 0.000137794
67.805 0.000120517
67.855 0.000106309
67.905 9.50331e-05
67.955 8.52381e-05
68.005 7.64189e-05
68.055 8.61235e-05
68.105 0.000114981
68.155 0.000152613
68.205 0.000201669
68.255 0.00025557
68.305 0.000300877
68.355 0.000322053
68.405 0.000313497
68.455 0.000294637
68.505 0.000275655
68.555 0.000264827
68.605 0.000254741
68.655 0.000240095
68.705 0.000229016
68.755 0.000231849
68.805 0.000237513
68.855 0.00023926
68.905 0.000227433
68.955 0.000198554
69.005 0.000156473
69.055 0.000125637
69.105 0.000108468
69.155 0.000105503
69.205 0.000109436
69.255 0.000107258
69.305 0.000101561
69.355 0.000120677
69.405 0.000144158
69.455 0.000176082
69.505 0.000208216
69.555 0.000237232
69.605 0.000251284
69.655 0.000241708
69.705 0.000213261
69.755 0.000179583
69.805 0.000153085
69.855 0.00013611
69.905 0.000119055
69.955 0.00010507
70.005 9.40102e-05
70.055 8.43715e-05
70.105 7.67302e-05
70.155 8.80262e-05
70.205 0.000118234
70.255 0.00015653
70.305 0.000205786
70.355 0.000258822
70.405 0.000302134
70.455 0.000321497
70.505 0.000311693
70.555 0.000292703
70.605 0.000273899
70.655 0.000263779
70.705 0.000254061
70.755 0.000239982
70.805 0.000230175
70.855 0.000233228
70.905 0.000238183
70.955 0.000238907
71.005 0.000225881
71.055 0.000195715
71.105 0.000153768
71.155 0.000123549
71.205 0.000107619
71.255 0.000105558
71.305 0.000109464
71.355 0.000106308
71.405 9.90327e-05
71.455 0.000116273
71.505 0.00014229
71.555 0.000176128
71.605 0.000209397
71.655 0.000238772
71.705 0.000251713
71.755 0.000240256
71.805 0.000210719
71.855 0.000177129
71.905 0.000151222
71.955 0.000134528
72.005 0.000117714
72.055 0.000103925
72.105 9.30551e-05
72.155 8.35621e-05
72.205 7.73081e-05
72.255 8.99334e-05
72.305 0.000121362
72.355 0.000160304
72.405 0.000209678
72.455 0.000261746
72.505 0.00030311
72.555 0.000320764
72.605 0.000309897
72.655 0.00029084
72.705 0.000272235
72.755 0.000262803
72.805 0.000253467
72.855 0.000239956
72.905 0.000231347
72.955 0.000234456
73.005 0.000238714
73.055 0.000238474
73.105 0.00022433
73.155 0.000192951
73.205 0.000151257
73.255 0.000121573
73.305 0.000106864
73.355 0.000105636
73.405 0.000109459
73.455 0.000105393
73.505 9.67206e-05
73.555 0.000112212
73.605 0.000140637
73.655 0.000176185
73.705 0.000210508
73.755 0.000240142
73.805 0.000251928
73.855 0.00023872
73.905 0.000208262
73.955 0.000174832
74.005 0.000149486
74.055 0.000133042
74.105 0.000116482
74.155 0.000102864
74.205 9.21605e-05
74.255 8.28049e-05
74.305 7.80119e-05
74.355 9.18266e-05
74.405 0.000124368
74.455 0.000163925
74.505 0.000213334
74.555 0.000264352
74.605 0.000303836
74.655 0.000319896
74.705 0.000308126
74.755 0.000289052
74.805 0.00027066
74.855 0.0002619
74.905 0.00025295
74.955 0.00024001
75.005 0.000232504
75.055 0.00023553
75.105 0.000239116
75.155 0.000237976
75.205 0.000222793
75.255 0.000190275
75.305 0.000148899
75.355 0.00011994
75.405 0.0001062
75.455 0.000105731
75.505 0.000109426
75.555 0.000104514
75.605 9.46046e-05
75.655 0.000108469
75.705 0.000139166
75.755 0.000176249
75.805 0.00021155
75.855 0.000241353
75.905 0.000251959
75.955 0.000237134
76.005 0.000205904
76.055 0.000172687
76.105 0.000147868
76.155 0.00013165
76.205 0.00011535
76.255 0.000101881
76.305 9.13241e-05
76.355 8.20995e-05
76.405 7.88032e-05
76.455 9.36943e-05
76.505 0.000127249
76.555 0.000167393
76.605 0.000216761
76.655 0.00026667
76.705 0.000304358
76.755 0.000318937
76.805 0.000306455
76.855 0.000287345
76.905 0.000269177
76.955 0.000261068
77.005 0.000252506
77.055 0.00024013
77.105 0.00023363
77.155 0.000236466
77.205 0.000239413
77.255 0.000237429
77.305 0.000221278
77.355 0.000187695
77.405 0.00014668
77.455 0.000118346
77.505 0.000105612
77.555 0.000105831
77.605 0.000109363
77.655 0.000103667
77.705 9.26624e-05
77.755 0.000105016
77.805 0.000137848
77.855 0.000176308
77.905 0.000212519
77.955 0.000242411
78.005 0.000251833
78.055 0.00023552
78.105 0.000203647
78.155 0.000170682
78.205 0.000146358
78.255 0.000130347
78.305 0.000114308
78.355 0.000100968
78.405 9.05397e-05
78.455 8.14403e-05
78.505 7.96478e-05
78.555 9.56631e-05
78.605 0.000130007
78.655 0.000170698
78.705 0.000219949
78.755 0.000268715
78.805 0.000304697
78.855 0.000317911
78.905 0.000304844
78.955 0.000285718
79.005 0.000267779
79.055 0.000260302
79.105 0.000252126
79.155 0.000240306
79.205 0.000234712
79.255 0.000237277
79.305 0.000239626
79.355 0.000236851
79.405 0.000219797
79.455 0.000185219
79.505 0.000144598
79.555 0.000116855
79.605 0.000105109
79.655 0.000105943
79.705 0.00010928
79.755 0.000102858
79.805 9.08805e-05
79.855 0.000101836
79.905 0.000136663
79.955 0.000176368
80.005 0.000213424
80.055 0.000243331
80.105 0.000251577
80.155 0.000233904
80.205 0.000201499
80.255 0.000168814
80.305 0.000144948
80.355 0.000129128
80.405 0.000113348
80.455 0.000100118
80.505 8.98365e-05
80.555 8.08265e-05
80.605 8.0524e-05
80.655 9.76421e-05
80.705 0.000132643
80.755 0.000173838
80.805 0.000222908
80.855 0.00027051
80.905 0.000304887
80.955 0.000316841
81.005 0.000303284
81.055 0.000284172
81.105 0.000266654
81.155 0.000259597
81.205 0.000251804
81.255 0.000240527
81.305 0.000235732
81.355 0.000237967
81.405 0.000239758
81.455 0.000236244
81.505 0.000218348
81.555 0.000182847
81.605 0.000142634
81.655 0.000115798
81.705 0.000104666
81.755 0.000106051
81.805 0.000109177
81.855 0.000102082
81.905 8.92407e-05
81.955 9.89028e-05
82.005 0.000135597
82.055 0.000176381
82.105 0.000214256
82.155 0.000244115
82.205 0.000251207
82.255 0.000232296
82.305 0.000199457
82.355 0.000167071
82.405 0.000143674
82.455 0.00012799
82.505 0.000112464
82.555 9.93289e-05
82.605 8.92046e-05
82.655 8.02548e-05
82.705 8.14133e-05
82.755 9.97346e-05
82.805 0.000135159
82.855 0.00017682
82.905 0.00022565
82.955 0.000272088
83.005 0.000304957
83.055 0.000315754
83.105 0.000301785
83.155 0.000282711
83.205 0.00026571
83.255 0.000258957
83.305 0.000251538
83.355 0.000240788
83.405 0.000236694
83.455 0.00023856
83.505 0.000239832
83.555 0.000235624
83.605 0.000216941
83.655 0.000180582
83.705 0.000140792
83.755 0.000114798
83.805 0.00010429
83.855 0.000106163
83.905 0.00010906
83.955 0.000101343
84.005 8.77316e-05
84.055 9.6338e-05
84.105 0.000134635
84.155 0.000176364
84.205 0.000215025
84.255 0.000244782
84.305 0.000250749
84.355 0.000230713
84.405 0.000197521
84.455 0.000165445
84.505 0.000142491
84.555 0.000126926
84.605 0.000111636
84.655 9.85929e-05
84.705 8.86063e-05
84.755 7.97026e-05
84.805 8.23022e-05
84.855 0.00010182
84.905 0.000137557
84.955 0.000179638
85.005 0.000228177
85.055 0.00027346
85.105 0.00030492
85.155 0.000314656
85.205 0.00030034
85.255 0.000281326
85.305 0.000264808
85.355 0.000258368
85.405 0.000251315
85.455 0.000241073
85.505 0.000237586
85.555 0.000239065
85.605 0.000239858
85.655 0.000234999
85.705 0.00021558
85.755 0.000178425
85.805 0.000139059
85.855 0.000113854
85.905 0.000103962
85.955 0.000106268
86.005 0.000108929
86.055 0.000100637
86.105 8.63393e-05
86.155 9.4097e-05
86.205 0.000133751
86.255 0.000176361
86.305 0.000215734
86.355 0.000245341
86.405 0.00025022
86.455 0.000229163
86.505 0.00019569
86.555 0.000163928
86.605 0.00014138
86.655 0.00012593
86.705 0.000110844
86.755 9.79062e-05
86.805 8.80405e-05
86.855 7.91904e-05
86.905 8.31839e-05
86.955 0.000103782
87.005 0.000139842
87.055 0.000182303
87.105 0.000230511
87.155 0.00027466
87.205 0.000304807
87.255 0.000313567
87.305 0.000298964
87.355 0.000280021
87.405 0.000263933
87.455 0.00025783
87.505 0.000251135
87.555 0.000241378
87.605 0.000238405
87.655 0.000239486
87.705 0.000239838
87.755 0.00023437
87.805 0.000214181
87.855 0.000176372
87.905 0.000137431
87.955 0.000112981
88.005 0.000103691
88.055 0.000106375
88.105 0.000108791
88.155 9.99663e-05
88.205 8.50552e-05
88.255 9.21354e-05
88.305 0.000132956
88.355 0.000176357
88.405 0.000216382
88.455 0.0002458
88.505 0.000249634
88.555 0.000227654
88.605 0.000193958
88.655 0.000162511
88.705 0.000140388
88.755 0.000125
88.805 0.000110108
88.855 9.72655e-05
88.905 8.75068e-05
88.955 7.87887e-05
89.005 8.40468e-05
89.055 0.000105632
89.105 0.000142013
89.155 0.000184814
89.205 0.000232653
89.255 0.000275702
89.305 0.000304626
89.355 0.000312491
89.405 0.000297648
89.455 0.000278787
89.505 0.000263105
89.555 0.000257341
89.605 0.000250992
89.655 0.000241697
89.705 0.000239159
89.755 0.000239841
89.805 0.000239784
89.855 0.000233742
89.905 0.000212741
89.955 0.000174414
90.005 0.000135893
90.055 0.000112154
90.105 0.000103452
90.155 0.000106469
90.205 0.000108641
90.255 9.93271e-05
90.305 8.38672e-05
90.355 9.03717e-05
90.405 0.000132236
90.455 0.000176365
90.505 0.000216981
90.555 0.000246176
90.605 0.000249008
90.655 0.000226193
90.705 0.000192325
90.755 0.000161189
90.805 0.000139501
90.855 0.000124132
90.905 0.000109407
90.955 9.6668e-05
91.005 8.70036e-05
91.055 7.84606e-05
91.105 8.48867e-05
91.155 0.000107377
91.205 0.000144077
91.255 0.000187177
91.305 0.000234622
91.355 0.000276604
91.405 0.000304396
91.455 0.000311441
91.505 0.000296402
91.555 0.000277624
91.605 0.000262408
91.655 0.000256892
91.705 0.00025088
91.755 0.000242022
91.805 0.00023985
91.855 0.00024014
91.905 0.000239707
91.955 0.000233126
92.005 0.00021135
92.055 0.000172562
92.105 0.000134455
92.155 0.000111396
92.205 0.000103255
92.255 0.000106565
92.305 0.000108492
92.355 9.87227e-05
92.405 8.277e-05
92.455 8.88405e-05
92.505 0.000131563
92.555 0.000176362
92.605 0.00021752
92.655 0.000246467
92.705 0.000248347
92.755 0.000224779
92.805 0.000190783
92.855 0.000159953
92.905 0.000138661
92.955 0.000123317
93.005 0.000108745
93.055 9.6108e-05
93.105 8.65277e-05
93.155 7.82669e-05
93.205 8.5703e-05
93.255 0.000109021
93.305 0.000146035
93.355 0.0001894
93.405 0.00023643
93.455 0.000277387
93.505 0.000304127
93.555 0.000310414
93.605 0.000295233
93.655 0.000276527
93.705 0.000261758
93.755 0.000256484
93.805 0.000250797
93.855 0.000242347
93.905 0.000240479
93.955 0.000240389
94.005 0.00023961
94.055 0.000232522
94.105 0.000210011
94.155 0.000170803
94.205 0.0001331
94.255 0.000110695
94.305 0.000103088
94.355 0.000106653
94.405 0.000108336
94.455 9.81471e-05
94.505 8.17516e-05
94.555 8.74676e-05
94.605 0.000130955
94.655 0.000176377
94.705 0.000218022
94.755 0.000246698
94.805 0.000247671
94.855 0.000223422
94.905 0.000189333
94.955 0.0001588
95.005 0.000137868
95.055 0.000122556
95.105 0.000108128
95.155 9.55849e-05
95.205 8.60796e-05
95.255 7.8345e-05
95.305 8.64886e-05
95.355 0.000110576
95.405 0.000147892
95.455 0.000191485
95.505 0.000238087
95.555 0.000278062
95.605 0.000303826
95.655 0.000309421
95.705 0.000294123
95.755 0.000275493
95.805 0.000261148
95.855 0.00025611
95.905 0.000250736
95.955 0.000242672
96.005 0.000241045
96.055 0.000240591
96.105 0.000239494
96.155 0.000231926
96.205 0.00020872
96.255 0.000169135
96.305 0.000131824
96.355 0.000110039
96.405 0.000102945
96.455 0.000106734
96.505 0.000108179
96.555 9.76023e-05
96.605 8.08092e-05
96.655 8.62371e-05
96.705 0.000130401
96.755 0.00017638
96.805 0.000218472
96.855 0.000246864
96.905 0.00024698
96.955 0.000222117
97.005 0.000187964
97.055 0.000157721
97.105 0.000137118
97.155 0.000121844
97.205 0.000107552
97.255 9.50942e-05
97.305 8.56569e-05
97.355 7.8465e-05
97.405 8.7248e-05
97.455 0.000112041
97.505 0.000149653
97.555 0.000193446
97.605 0.000239611
97.655 0.000278645
97.705 0.000303507
97.755 0.000308462
97.805 0.000293069
97.855 0.000274517
97.905 0.000260577
97.955 0.000255768
98.005 0.000250697
98.055 0.00024299
98.105 0.000241559
98.155 0.000240754
98.205 0.000239362
98.255 0.000231346
98.305 0.000207478
98.355 0.000167553
98.405 0.000130626
98.455 0.000109446
98.505 0.000102832
98.555 0.000106813
98.605 0.000108024
98.655 9.70874e-05
98.705 7.99344e-05
98.755 8.51296e-05
98.805 0.000129898
98.855 0.000176396
98.905 0.000218886
98.955 0.000246981
99.005 0.000246287
99.055 0.000220867
99.105 0.000186676
99.155 0.000156713
99.205 0.000136411
99.255 0.000121177
99.305 0.000107015
99.355 9.46364e-05
99.405 8.5259e-05
99.455 7.86137e-05
99.505 8.79754e-05
99.555 0.000113423
99.605 0.000151321
99.655 0.000195284
99.705 0.000241007
99.755 0.00027915
99.805 0.000303172
99.855 0.000307542
99.905 0.000292071
99.955 0.000273602
100.005 0.000260048
100.055 0.000255456
100.105 0.000250676
100.155 0.000243298
100.205 0.000242025
100.255 0.00024089
100.305 0.000239223
100.355 0.000230783
100.405 0.000206292
100.455 0.000166054
100.505 0.000129498
100.555 0.00010889
100.605 0.000102733
100.655 0.000106884
100.705 0.000107869
100.755 9.65987e-05
100.805 7.91208e-05
100.855 8.4129e-05
100.905 0.000129436
100.955 0.00017641
101.005 0.000219265
101.055 0.000247057
101.105 0.000245597
101.155 0.000219674
101.205 0.000185464
101.255 0.000155769
101.305 0.000135744
101.355 0.000120553
101.405 0.000106513
101.455 9.42066e-05
101.505 8.48847e-05
101.555 7.87878e-05
101.605 8.86746e-05
101.655 0.000114734
101.705 0.0001529
101.755 0.000197006
101.805 0.000242286
101.855 0.000279579
101.905 0.000302827
101.955 0.000306654
102.005 0.000291123
102.055 0.000272736
102.105 0.000259547
102.155 0.000255169
102.205 0.000250669
102.255 0.000243595
102.305 0.000242447
102.355 0.000240999
102.405 0.000239082
102.455 0.000230239
102.505 0.000205159
102.555 0.000164637
102.605 0.000128437
102.655 0.000108382
102.705 0.000102654
102.755 0.00010695
102.805 0.000107716
102.855 9.61358e-05
102.905 7.83649e-05
102.955 8.32293e-05
103.005 0.000129001
103.055 0.000176421
103.105 0.000219605
103.155 0.00024709
103.205 0.000244909
103.255 0.000218534
103.305 0.000184322
103.355 0.000154885
103.405 0.000135114
103.455 0.000119968
103.505 0.00010604
103.555 9.38031e-05
103.605 8.4531e-05
103.655 7.8975e-05
103.705 8.9341e-05
103.755 0.000115969
103.805 0.000154394
103.855 0.00019862
103.905 0.000243461
103.955 0.000279952
104.005 0.000302479
104.055 0.000305805
104.105 0.000290228
104.155 0.000271923
104.205 0.000259084
104.255 0.00025491
104.305 0.000250675
104.355 0.000243881
104.405 0.000242827
104.455 0.000241086
104.505 0.000238934
104.555 0.000229715
104.605 0.000204076
104.655 0.000163296
104.705 0.000127512
104.755 0.000107913
104.805 0.000102591
104.855 0.000107014
104.905 0.000107567
104.955 9.57014e-05
105.005 7.76615e-05
105.055 8.2416e-05
105.105 0.000128612
105.155 0.000176444
105.205 0.000219924
105.255 0.000247096
105.305 0.000244236
105.355 0.000217448
105.405 0.000183249
105.455 0.000154058
105.505 0.00013452
105.555 0.000119418
105.605 0.000105598
105.655 9.34251e-05
105.705 8.41987e-05
105.755 7.91746e-05
105.805 8.99834e-05
105.855 0.000117138
105.905 0.000155811
105.955 0.000200138
106.005 0.000244546
106.055 0.000280275
106.105 0.000302137
106.155 0.000304999
106.205 0.000289384
106.255 0.00027116
106.305 0.000258652
106.355 0.000254673
106.405 0.000250693
106.455 0.000244188
106.505 0.000243168
106.555 0.000241151
106.605 0.000238782
106.655 0.000229207
106.705 0.000203044
106.755 0.000162024
106.805 0.000126679
106.855 0.000107489
106.905 0.000102545
106.955 0.000107074
107.005 0.000107422
107.055 9.52886e-05
107.105 7.70064e-05
107.155 8.16801e-05
107.205 0.000128261
107.255 0.00017646
107.305 0.000220209
107.355 0.000247071
107.405 0.000243572
107.455 0.000216413
107.505 0.000182238
107.555 0.000153281
107.605 0.00013396
107.655 0.000118904
107.705 0.000105182
107.755 9.30693e-05
107.805 8.3885e-05
107.855 7.9379e-05
107.905 9.05914e-05
107.955 0.000118241
108.005 0.000157148
108.055 0.000201555
108.105 0.000245539
108.155 0.00028055
108.205 0.000301792
108.255 0.000304226
108.305 0.000288584
108.355 0.000270438
108.405 0.000258244
108.455 0.000254456
108.505 0.000250719
108.555 0.000244526
108.605 0.000243477
108.655 0.000241199
108.705 0.000238629
108.755 0.000228716
108.805 0.000202058
108.855 0.000160821
108.905 0.000125883
108.955 0.000107087
109.005 0.000102501
109.055 0.000107125
109.105 0.000107277
109.155 9.48967e-05
109.205 7.6395e-05
109.255 8.10136e-05
109.305 0.000127938
109.355 0.000176478
109.405 0.000220465
109.455 0.00024702
109.505 0.000242923
109.555 0.000215426
109.605 0.000181285
109.655 0.000152553
109.705 0.00013343
109.755 0.000118422
109.805 0.000104794
109.855 9.27364e-05
109.905 8.35895e-05
109.955 7.95869e-05
