49 9 6

0.11968891110367030350403183547314 2.0697730205505906475593747018138 1.1402474572406213759734328050399 1.1143914707511874961909370540525 0.70748180479147804167183721801848 0.15257860325833205727974473120412 1.5000468469439287577671393592027 0.11968891110367030350403183547314 2.0697730205505906475593747018138 1.1402474572406213759734328050399 1.1143914707511874961909370540525 0.70748180479147804167183721801848 0.15257860325833205727974473120412 1.5000468469439287577671393592027 0.11968891110367030350403183547314 2.0697730205505906475593747018138 1.1402474572406213759734328050399 1.1143914707511874961909370540525 0.70748180479147804167183721801848 0.15257860325833205727974473120412 1.5000468469439287577671393592027 0.11968891110367030350403183547314 2.0697730205505906475593747018138 1.1402474572406213759734328050399 1.1143914707511874961909370540525 0.70748180479147804167183721801848 0.15257860325833205727974473120412 1.5000468469439287577671393592027 0.11968891110367030350403183547314 2.0697730205505906475593747018138 1.1402474572406213759734328050399 1.1143914707511874961909370540525 0.70748180479147804167183721801848 0.15257860325833205727974473120412 1.5000468469439287577671393592027 0.11968891110367030350403183547314 2.0697730205505906475593747018138 1.1402474572406213759734328050399 1.1143914707511874961909370540525 0.70748180479147804167183721801848 0.15257860325833205727974473120412 1.5000468469439287577671393592027 0.11968891110367030350403183547314 2.0697730205505906475593747018138 1.1402474572406213759734328050399 1.1143914707511874961909370540525 0.70748180479147804167183721801848 0.15257860325833205727974473120412 1.5000468469439287577671393592027 

1.950462220224021159253879886819 3.6584957841860972216352365649072 -5.8466946247872000341772036335897 -6.8776721593711052094022306846455 -2.3042452332340030984880741016241 -3.0517565149642909005933688604273 7.3014149960301670816420482879039 1.950462220224021159253879886819 3.6584957841860972216352365649072 -5.8466946247872000341772036335897 -6.8776721593711052094022306846455 -2.3042452332340030984880741016241 -3.0517565149642909005933688604273 7.3014149960301670816420482879039 1.950462220224021159253879886819 3.6584957841860972216352365649072 -5.8466946247872000341772036335897 -6.8776721593711052094022306846455 -2.3042452332340030984880741016241 -3.0517565149642909005933688604273 7.3014149960301670816420482879039 1.950462220224021159253879886819 3.6584957841860972216352365649072 -5.8466946247872000341772036335897 -6.8776721593711052094022306846455 -2.3042452332340030984880741016241 -3.0517565149642909005933688604273 7.3014149960301670816420482879039 1.950462220224021159253879886819 3.6584957841860972216352365649072 -5.8466946247872000341772036335897 -6.8776721593711052094022306846455 -2.3042452332340030984880741016241 -3.0517565149642909005933688604273 7.3014149960301670816420482879039 1.950462220224021159253879886819 3.6584957841860972216352365649072 -5.8466946247872000341772036335897 -6.8776721593711052094022306846455 -2.3042452332340030984880741016241 -3.0517565149642909005933688604273 7.3014149960301670816420482879039 1.950462220224021159253879886819 3.6584957841860972216352365649072 -5.8466946247872000341772036335897 -6.8776721593711052094022306846455 -2.3042452332340030984880741016241 -3.0517565149642909005933688604273 7.3014149960301670816420482879039 

1 1 1 1 1 1 1 1 1 1 1 1 1 1 1 1 1 1 1 1 1 1 1 1 1 1 1 1 1 1 1 1 1 1 1 1 1 1 1 1 1 1 1 1 1 1 1 1 1 

-1.950462220224021159253879886819 -3.6584957841860972216352365649072 5.8466946247872000341772036335897 6.8776721593711052094022306846455 2.3042452332340030984880741016241 3.0517565149642909005933688604273 -7.3014149960301670816420482879039 -1.950462220224021159253879886819 -3.6584957841860972216352365649072 5.8466946247872000341772036335897 6.8776721593711052094022306846455 2.3042452332340030984880741016241 3.0517565149642909005933688604273 -7.3014149960301670816420482879039 -1.950462220224021159253879886819 -3.6584957841860972216352365649072 5.8466946247872000341772036335897 6.8776721593711052094022306846455 2.3042452332340030984880741016241 3.0517565149642909005933688604273 -7.3014149960301670816420482879039 -1.950462220224021159253879886819 -3.6584957841860972216352365649072 5.8466946247872000341772036335897 6.8776721593711052094022306846455 2.3042452332340030984880741016241 3.0517565149642909005933688604273 -7.3014149960301670816420482879039 -1.950462220224021159253879886819 -3.6584957841860972216352365649072 5.8466946247872000341772036335897 6.8776721593711052094022306846455 2.3042452332340030984880741016241 3.0517565149642909005933688604273 -7.3014149960301670816420482879039 -1.950462220224021159253879886819 -3.6584957841860972216352365649072 5.8466946247872000341772036335897 6.8776721593711052094022306846455 2.3042452332340030984880741016241 3.0517565149642909005933688604273 -7.3014149960301670816420482879039 -1.950462220224021159253879886819 -3.6584957841860972216352365649072 5.8466946247872000341772036335897 6.8776721593711052094022306846455 2.3042452332340030984880741016241 3.0517565149642909005933688604273 -7.3014149960301670816420482879039 

2  1 12.56707138493603537199305719696  3 -15  
2  2 -13.771539454997345330866664880887  1 13.746264749149792905313915980514  
2  3 -0.4597185252270967747989516283269  2 14.728695333494977504074086027686  
5  4 13.549283231083137479799916036427  2 -9.82196048667143095656228979351  6 14.009400149588984163528948556632  7 0.4021170538766993263202209618612  14 6.5753800518059835056305928446818  
2  5 -6.8367839288050431534315976023208  1 11.009250515649162238673852698412  
2  6 0.41220405698624540402619231826975  5 2.5789198527512189329513603297528  
2  7 -8.3094613889549258090028160950169  5 11.122291574417690895870691747405  
2  8 12.56707138493603537199305719696  10 -15  
2  9 -13.771539454997345330866664880887  8 13.746264749149792905313915980514  
2  10 -0.4597185252270967747989516283269  9 14.728695333494977504074086027686  
6  3 6.2694958476631112986865446146112  11 13.549283231083137479799916036427  9 -9.82196048667143095656228979351  13 14.009400149588984163528948556632  14 0.4021170538766993263202209618612  21 6.5753800518059835056305928446818  
2  12 -6.8367839288050431534315976023208  8 11.009250515649162238673852698412  
2  13 0.41220405698624540402619231826975  12 2.5789198527512189329513603297528  
2  14 -8.3094613889549258090028160950169  12 11.122291574417690895870691747405  
2  15 12.56707138493603537199305719696  17 -15  
2  16 -13.771539454997345330866664880887  15 13.746264749149792905313915980514  
2  17 -0.4597185252270967747989516283269  16 14.728695333494977504074086027686  
6  10 6.2694958476631112986865446146112  18 13.549283231083137479799916036427  16 -9.82196048667143095656228979351  20 14.009400149588984163528948556632  21 0.4021170538766993263202209618612  28 6.5753800518059835056305928446818  
2  19 -6.8367839288050431534315976023208  15 11.009250515649162238673852698412  
2  20 0.41220405698624540402619231826975  19 2.5789198527512189329513603297528  
2  21 -8.3094613889549258090028160950169  19 11.122291574417690895870691747405  
2  22 12.56707138493603537199305719696  24 -15  
2  23 -13.771539454997345330866664880887  22 13.746264749149792905313915980514  
2  24 -0.4597185252270967747989516283269  23 14.728695333494977504074086027686  
6  17 6.2694958476631112986865446146112  25 13.549283231083137479799916036427  23 -9.82196048667143095656228979351  27 14.009400149588984163528948556632  28 0.4021170538766993263202209618612  35 6.5753800518059835056305928446818  
2  26 -6.8367839288050431534315976023208  22 11.009250515649162238673852698412  
2  27 0.41220405698624540402619231826975  26 2.5789198527512189329513603297528  
2  28 -8.3094613889549258090028160950169  26 11.122291574417690895870691747405  
2  29 12.56707138493603537199305719696  31 -15  
2  30 -13.771539454997345330866664880887  29 13.746264749149792905313915980514  
2  31 -0.4597185252270967747989516283269  30 14.728695333494977504074086027686  
6  24 6.2694958476631112986865446146112  32 13.549283231083137479799916036427  30 -9.82196048667143095656228979351  34 14.009400149588984163528948556632  35 0.4021170538766993263202209618612  42 6.5753800518059835056305928446818  
2  33 -6.8367839288050431534315976023208  29 11.009250515649162238673852698412  
2  34 0.41220405698624540402619231826975  33 2.5789198527512189329513603297528  
2  35 -8.3094613889549258090028160950169  33 11.122291574417690895870691747405  
2  36 12.56707138493603537199305719696  38 -15  
2  37 -13.771539454997345330866664880887  36 13.746264749149792905313915980514  
2  38 -0.4597185252270967747989516283269  37 14.728695333494977504074086027686  
6  31 6.2694958476631112986865446146112  39 13.549283231083137479799916036427  37 -9.82196048667143095656228979351  41 14.009400149588984163528948556632  42 0.4021170538766993263202209618612  49 6.5753800518059835056305928446818  
2  40 -6.8367839288050431534315976023208  36 11.009250515649162238673852698412  
2  41 0.41220405698624540402619231826975  40 2.5789198527512189329513603297528  
2  42 -8.3094613889549258090028160950169  40 11.122291574417690895870691747405  
2  43 12.56707138493603537199305719696  45 -15  
2  44 -13.771539454997345330866664880887  43 13.746264749149792905313915980514  
2  45 -0.4597185252270967747989516283269  44 14.728695333494977504074086027686  
5  38 6.2694958476631112986865446146112  46 13.549283231083137479799916036427  44 -9.82196048667143095656228979351  48 14.009400149588984163528948556632  49 0.4021170538766993263202209618612  
2  47 -6.8367839288050431534315976023208  43 11.009250515649162238673852698412  
2  48 0.41220405698624540402619231826975  47 2.5789198527512189329513603297528  
2  49 -8.3094613889549258090028160950169  47 11.122291574417690895870691747405  

1  14 0.093960809751606144679669796460075  
1  8 1.011727077254709339371174792177  
0  
1  5 0.037308128417187780279107300884789  
1  4 0.037308128417187780279107300884789  
1  10 0.90618098238577660108461486743181  
0  
2  2 1.011727077254709339371174792177  21 0.093960809751606144679669796460075  
1  15 1.011727077254709339371174792177  
1  6 0.90618098238577660108461486743181  
1  12 0.037308128417187780279107300884789  
1  11 0.037308128417187780279107300884789  
1  17 0.90618098238577660108461486743181  
1  1 0.093960809751606144679669796460075  
2  9 1.011727077254709339371174792177  28 0.093960809751606144679669796460075  
1  22 1.011727077254709339371174792177  
1  13 0.90618098238577660108461486743181  
1  19 0.037308128417187780279107300884789  
1  18 0.037308128417187780279107300884789  
1  24 0.90618098238577660108461486743181  
1  8 0.093960809751606144679669796460075  
2  16 1.011727077254709339371174792177  35 0.093960809751606144679669796460075  
1  29 1.011727077254709339371174792177  
1  20 0.90618098238577660108461486743181  
1  26 0.037308128417187780279107300884789  
1  25 0.037308128417187780279107300884789  
1  31 0.90618098238577660108461486743181  
1  15 0.093960809751606144679669796460075  
2  23 1.011727077254709339371174792177  42 0.093960809751606144679669796460075  
1  36 1.011727077254709339371174792177  
1  27 0.90618098238577660108461486743181  
1  33 0.037308128417187780279107300884789  
1  32 0.037308128417187780279107300884789  
1  38 0.90618098238577660108461486743181  
1  22 0.093960809751606144679669796460075  
2  30 1.011727077254709339371174792177  49 0.093960809751606144679669796460075  
1  43 1.011727077254709339371174792177  
1  34 0.90618098238577660108461486743181  
1  40 0.037308128417187780279107300884789  
1  39 0.037308128417187780279107300884789  
1  45 0.90618098238577660108461486743181  
1  29 0.093960809751606144679669796460075  
1  37 1.011727077254709339371174792177  
0  
1  41 0.90618098238577660108461486743181  
1  47 0.037308128417187780279107300884789  
1  46 0.037308128417187780279107300884789  
0  
1  36 0.093960809751606144679669796460075  
