49 9 6

1.4366758842440223720160474840668 0.11684441556717284349531382758869 0.41650340768003191183055378132849 0.16040859806094887041183483233908 0.95547821072629335326098498626379 2.1721190295994481367358730494743 2.3445634528949472752401561592706 1.4366758842440223720160474840668 0.11684441556717284349531382758869 0.41650340768003191183055378132849 0.16040859806094887041183483233908 0.95547821072629335326098498626379 2.1721190295994481367358730494743 2.3445634528949472752401561592706 1.4366758842440223720160474840668 0.11684441556717284349531382758869 0.41650340768003191183055378132849 0.16040859806094887041183483233908 0.95547821072629335326098498626379 2.1721190295994481367358730494743 2.3445634528949472752401561592706 1.4366758842440223720160474840668 0.11684441556717284349531382758869 0.41650340768003191183055378132849 0.16040859806094887041183483233908 0.95547821072629335326098498626379 2.1721190295994481367358730494743 2.3445634528949472752401561592706 1.4366758842440223720160474840668 0.11684441556717284349531382758869 0.41650340768003191183055378132849 0.16040859806094887041183483233908 0.95547821072629335326098498626379 2.1721190295994481367358730494743 2.3445634528949472752401561592706 1.4366758842440223720160474840668 0.11684441556717284349531382758869 0.41650340768003191183055378132849 0.16040859806094887041183483233908 0.95547821072629335326098498626379 2.1721190295994481367358730494743 2.3445634528949472752401561592706 1.4366758842440223720160474840668 0.11684441556717284349531382758869 0.41650340768003191183055378132849 0.16040859806094887041183483233908 0.95547821072629335326098498626379 2.1721190295994481367358730494743 2.3445634528949472752401561592706 

4.0228328645072481961619814683218 -10.387218777348506293378704867791 -1.0190126283416274244331134468666 -7.0252387691434421412850497290492 13.79702753111429558430245378986 6.8126144089569722339660984289367 12.304109873581108303142173099332 4.0228328645072481961619814683218 -10.387218777348506293378704867791 -1.0190126283416274244331134468666 -7.0252387691434421412850497290492 13.79702753111429558430245378986 6.8126144089569722339660984289367 12.304109873581108303142173099332 4.0228328645072481961619814683218 -10.387218777348506293378704867791 -1.0190126283416274244331134468666 -7.0252387691434421412850497290492 13.79702753111429558430245378986 6.8126144089569722339660984289367 12.304109873581108303142173099332 4.0228328645072481961619814683218 -10.387218777348506293378704867791 -1.0190126283416274244331134468666 -7.0252387691434421412850497290492 13.79702753111429558430245378986 6.8126144089569722339660984289367 12.304109873581108303142173099332 4.0228328645072481961619814683218 -10.387218777348506293378704867791 -1.0190126283416274244331134468666 -7.0252387691434421412850497290492 13.79702753111429558430245378986 6.8126144089569722339660984289367 12.304109873581108303142173099332 4.0228328645072481961619814683218 -10.387218777348506293378704867791 -1.0190126283416274244331134468666 -7.0252387691434421412850497290492 13.79702753111429558430245378986 6.8126144089569722339660984289367 12.304109873581108303142173099332 4.0228328645072481961619814683218 -10.387218777348506293378704867791 -1.0190126283416274244331134468666 -7.0252387691434421412850497290492 13.79702753111429558430245378986 6.8126144089569722339660984289367 12.304109873581108303142173099332 

1 1 1 1 1 1 1 1 1 1 1 1 1 1 1 1 1 1 1 1 1 1 1 1 1 1 1 1 1 1 1 1 1 1 1 1 1 1 1 1 1 1 1 1 1 1 1 1 1 

-4.0228328645072481961619814683218 10.387218777348506293378704867791 1.0190126283416274244331134468666 7.0252387691434421412850497290492 -13.79702753111429558430245378986 -6.8126144089569722339660984289367 -12.304109873581108303142173099332 -4.0228328645072481961619814683218 10.387218777348506293378704867791 1.0190126283416274244331134468666 7.0252387691434421412850497290492 -13.79702753111429558430245378986 -6.8126144089569722339660984289367 -12.304109873581108303142173099332 -4.0228328645072481961619814683218 10.387218777348506293378704867791 1.0190126283416274244331134468666 7.0252387691434421412850497290492 -13.79702753111429558430245378986 -6.8126144089569722339660984289367 -12.304109873581108303142173099332 -4.0228328645072481961619814683218 10.387218777348506293378704867791 1.0190126283416274244331134468666 7.0252387691434421412850497290492 -13.79702753111429558430245378986 -6.8126144089569722339660984289367 -12.304109873581108303142173099332 -4.0228328645072481961619814683218 10.387218777348506293378704867791 1.0190126283416274244331134468666 7.0252387691434421412850497290492 -13.79702753111429558430245378986 -6.8126144089569722339660984289367 -12.304109873581108303142173099332 -4.0228328645072481961619814683218 10.387218777348506293378704867791 1.0190126283416274244331134468666 7.0252387691434421412850497290492 -13.79702753111429558430245378986 -6.8126144089569722339660984289367 -12.304109873581108303142173099332 -4.0228328645072481961619814683218 10.387218777348506293378704867791 1.0190126283416274244331134468666 7.0252387691434421412850497290492 -13.79702753111429558430245378986 -6.8126144089569722339660984289367 -12.304109873581108303142173099332 

2  1 -8.731230848165568048102613829542  3 -13.393262342116408092351775849238  
2  2 12.183300961559687891622161259875  1 14.749528064064058696658321423456  
2  3 2.5489629794400614493099510582397  2 14.976472211274618473453301703557  
5  4 11.785415508906407211497935350053  2 -10.190395127504354277903075853828  6 0.86989481704471960377134109876351  7 4.3679611379515543845286629220936  14 -8.6428819953363387185163446702063  
2  5 -9.0697653342958126643225114094093  1 -5.5823524190456144111749381409027  
2  6 -6.9146691735972405368215731868986  5 -13.311354903079285705302936548833  
2  7 -5.3273859048779543812202064145822  5 8.3432473301108593943808955373242  
2  8 -8.731230848165568048102613829542  10 -13.393262342116408092351775849238  
2  9 12.183300961559687891622161259875  8 14.749528064064058696658321423456  
2  10 2.5489629794400614493099510582397  9 14.976472211274618473453301703557  
6  3 -4.0612378978595078393709627562203  11 11.785415508906407211497935350053  9 -10.190395127504354277903075853828  13 0.86989481704471960377134109876351  14 4.3679611379515543845286629220936  21 -8.6428819953363387185163446702063  
2  12 -9.0697653342958126643225114094093  8 -5.5823524190456144111749381409027  
2  13 -6.9146691735972405368215731868986  12 -13.311354903079285705302936548833  
2  14 -5.3273859048779543812202064145822  12 8.3432473301108593943808955373242  
2  15 -8.731230848165568048102613829542  17 -13.393262342116408092351775849238  
2  16 12.183300961559687891622161259875  15 14.749528064064058696658321423456  
2  17 2.5489629794400614493099510582397  16 14.976472211274618473453301703557  
6  10 -4.0612378978595078393709627562203  18 11.785415508906407211497935350053  16 -10.190395127504354277903075853828  20 0.86989481704471960377134109876351  21 4.3679611379515543845286629220936  28 -8.6428819953363387185163446702063  
2  19 -9.0697653342958126643225114094093  15 -5.5823524190456144111749381409027  
2  20 -6.9146691735972405368215731868986  19 -13.311354903079285705302936548833  
2  21 -5.3273859048779543812202064145822  19 8.3432473301108593943808955373242  
2  22 -8.731230848165568048102613829542  24 -13.393262342116408092351775849238  
2  23 12.183300961559687891622161259875  22 14.749528064064058696658321423456  
2  24 2.5489629794400614493099510582397  23 14.976472211274618473453301703557  
6  17 -4.0612378978595078393709627562203  25 11.785415508906407211497935350053  23 -10.190395127504354277903075853828  27 0.86989481704471960377134109876351  28 4.3679611379515543845286629220936  35 -8.6428819953363387185163446702063  
2  26 -9.0697653342958126643225114094093  22 -5.5823524190456144111749381409027  
2  27 -6.9146691735972405368215731868986  26 -13.311354903079285705302936548833  
2  28 -5.3273859048779543812202064145822  26 8.3432473301108593943808955373242  
2  29 -8.731230848165568048102613829542  31 -13.393262342116408092351775849238  
2  30 12.183300961559687891622161259875  29 14.749528064064058696658321423456  
2  31 2.5489629794400614493099510582397  30 14.976472211274618473453301703557  
6  24 -4.0612378978595078393709627562203  32 11.785415508906407211497935350053  30 -10.190395127504354277903075853828  34 0.86989481704471960377134109876351  35 4.3679611379515543845286629220936  42 -8.6428819953363387185163446702063  
2  33 -9.0697653342958126643225114094093  29 -5.5823524190456144111749381409027  
2  34 -6.9146691735972405368215731868986  33 -13.311354903079285705302936548833  
2  35 -5.3273859048779543812202064145822  33 8.3432473301108593943808955373242  
2  36 -8.731230848165568048102613829542  38 -13.393262342116408092351775849238  
2  37 12.183300961559687891622161259875  36 14.749528064064058696658321423456  
2  38 2.5489629794400614493099510582397  37 14.976472211274618473453301703557  
6  31 -4.0612378978595078393709627562203  39 11.785415508906407211497935350053  37 -10.190395127504354277903075853828  41 0.86989481704471960377134109876351  42 4.3679611379515543845286629220936  49 -8.6428819953363387185163446702063  
2  40 -9.0697653342958126643225114094093  36 -5.5823524190456144111749381409027  
2  41 -6.9146691735972405368215731868986  40 -13.311354903079285705302936548833  
2  42 -5.3273859048779543812202064145822  40 8.3432473301108593943808955373242  
2  43 -8.731230848165568048102613829542  45 -13.393262342116408092351775849238  
2  44 12.183300961559687891622161259875  43 14.749528064064058696658321423456  
2  45 2.5489629794400614493099510582397  44 14.976472211274618473453301703557  
5  38 -4.0612378978595078393709627562203  46 11.785415508906407211497935350053  44 -10.190395127504354277903075853828  48 0.86989481704471960377134109876351  49 4.3679611379515543845286629220936  
2  47 -9.0697653342958126643225114094093  43 -5.5823524190456144111749381409027  
2  48 -6.9146691735972405368215731868986  47 -13.311354903079285705302936548833  
2  49 -5.3273859048779543812202064145822  47 8.3432473301108593943808955373242  

1  14 1.394442782869437458259653794812  
1  8 0.12269947240819956135737811564468  
0  
1  5 1.0356654629575756665360586339375  
1  4 1.0356654629575756665360586339375  
1  10 1.4324900960668460747626795637188  
0  
2  2 0.12269947240819956135737811564468  21 1.394442782869437458259653794812  
1  15 0.12269947240819956135737811564468  
1  6 1.4324900960668460747626795637188  
1  12 1.0356654629575756665360586339375  
1  11 1.0356654629575756665360586339375  
1  17 1.4324900960668460747626795637188  
1  1 1.394442782869437458259653794812  
2  9 0.12269947240819956135737811564468  28 1.394442782869437458259653794812  
1  22 0.12269947240819956135737811564468  
1  13 1.4324900960668460747626795637188  
1  19 1.0356654629575756665360586339375  
1  18 1.0356654629575756665360586339375  
1  24 1.4324900960668460747626795637188  
1  8 1.394442782869437458259653794812  
2  16 0.12269947240819956135737811564468  35 1.394442782869437458259653794812  
1  29 0.12269947240819956135737811564468  
1  20 1.4324900960668460747626795637188  
1  26 1.0356654629575756665360586339375  
1  25 1.0356654629575756665360586339375  
1  31 1.4324900960668460747626795637188  
1  15 1.394442782869437458259653794812  
2  23 0.12269947240819956135737811564468  42 1.394442782869437458259653794812  
1  36 0.12269947240819956135737811564468  
1  27 1.4324900960668460747626795637188  
1  33 1.0356654629575756665360586339375  
1  32 1.0356654629575756665360586339375  
1  38 1.4324900960668460747626795637188  
1  22 1.394442782869437458259653794812  
2  30 0.12269947240819956135737811564468  49 1.394442782869437458259653794812  
1  43 0.12269947240819956135737811564468  
1  34 1.4324900960668460747626795637188  
1  40 1.0356654629575756665360586339375  
1  39 1.0356654629575756665360586339375  
1  45 1.4324900960668460747626795637188  
1  29 1.394442782869437458259653794812  
1  37 0.12269947240819956135737811564468  
0  
1  41 1.4324900960668460747626795637188  
1  47 1.0356654629575756665360586339375  
1  46 1.0356654629575756665360586339375  
0  
1  36 1.394442782869437458259653794812  
