49 9 6

0.23690270041930228117621481942479 0.74944377944132944957544850694831 1.1395251833124069307245918025728 1.5996874838739498780881831407896 1.7563811295991165195573557866737 0.51163109141935037005310960012139 0.24044291799454353686371632647933 0.23690270041930228117621481942479 0.74944377944132944957544850694831 1.1395251833124069307245918025728 1.5996874838739498780881831407896 1.7563811295991165195573557866737 0.51163109141935037005310960012139 0.24044291799454353686371632647933 0.23690270041930228117621481942479 0.74944377944132944957544850694831 1.1395251833124069307245918025728 1.5996874838739498780881831407896 1.7563811295991165195573557866737 0.51163109141935037005310960012139 0.24044291799454353686371632647933 0.23690270041930228117621481942479 0.74944377944132944957544850694831 1.1395251833124069307245918025728 1.5996874838739498780881831407896 1.7563811295991165195573557866737 0.51163109141935037005310960012139 0.24044291799454353686371632647933 0.23690270041930228117621481942479 0.74944377944132944957544850694831 1.1395251833124069307245918025728 1.5996874838739498780881831407896 1.7563811295991165195573557866737 0.51163109141935037005310960012139 0.24044291799454353686371632647933 0.23690270041930228117621481942479 0.74944377944132944957544850694831 1.1395251833124069307245918025728 1.5996874838739498780881831407896 1.7563811295991165195573557866737 0.51163109141935037005310960012139 0.24044291799454353686371632647933 0.23690270041930228117621481942479 0.74944377944132944957544850694831 1.1395251833124069307245918025728 1.5996874838739498780881831407896 1.7563811295991165195573557866737 0.51163109141935037005310960012139 0.24044291799454353686371632647933 

-6.8103591231761759772211917152163 3.9251108428777921055541355599416 1.9288252284394349356233533399063 12.226754766842628185941066476516 3.0009041449124351785826547711622 7.7794355701705324435124566662125 -13.135232779107393952244819956832 -6.8103591231761759772211917152163 3.9251108428777921055541355599416 1.9288252284394349356233533399063 12.226754766842628185941066476516 3.0009041449124351785826547711622 7.7794355701705324435124566662125 -13.135232779107393952244819956832 -6.8103591231761759772211917152163 3.9251108428777921055541355599416 1.9288252284394349356233533399063 12.226754766842628185941066476516 3.0009041449124351785826547711622 7.7794355701705324435124566662125 -13.135232779107393952244819956832 -6.8103591231761759772211917152163 3.9251108428777921055541355599416 1.9288252284394349356233533399063 12.226754766842628185941066476516 3.0009041449124351785826547711622 7.7794355701705324435124566662125 -13.135232779107393952244819956832 -6.8103591231761759772211917152163 3.9251108428777921055541355599416 1.9288252284394349356233533399063 12.226754766842628185941066476516 3.0009041449124351785826547711622 7.7794355701705324435124566662125 -13.135232779107393952244819956832 -6.8103591231761759772211917152163 3.9251108428777921055541355599416 1.9288252284394349356233533399063 12.226754766842628185941066476516 3.0009041449124351785826547711622 7.7794355701705324435124566662125 -13.135232779107393952244819956832 -6.8103591231761759772211917152163 3.9251108428777921055541355599416 1.9288252284394349356233533399063 12.226754766842628185941066476516 3.0009041449124351785826547711622 7.7794355701705324435124566662125 -13.135232779107393952244819956832 

1 1 1 1 1 1 1 1 1 1 1 1 1 1 1 1 1 1 1 1 1 1 1 1 1 1 1 1 1 1 1 1 1 1 1 1 1 1 1 1 1 1 1 1 1 1 1 1 1 

6.8103591231761759772211917152163 -3.9251108428777921055541355599416 -1.9288252284394349356233533399063 -12.226754766842628185941066476516 -3.0009041449124351785826547711622 -7.7794355701705324435124566662125 13.135232779107393952244819956832 6.8103591231761759772211917152163 -3.9251108428777921055541355599416 -1.9288252284394349356233533399063 -12.226754766842628185941066476516 -3.0009041449124351785826547711622 -7.7794355701705324435124566662125 13.135232779107393952244819956832 6.8103591231761759772211917152163 -3.9251108428777921055541355599416 -1.9288252284394349356233533399063 -12.226754766842628185941066476516 -3.0009041449124351785826547711622 -7.7794355701705324435124566662125 13.135232779107393952244819956832 6.8103591231761759772211917152163 -3.9251108428777921055541355599416 -1.9288252284394349356233533399063 -12.226754766842628185941066476516 -3.0009041449124351785826547711622 -7.7794355701705324435124566662125 13.135232779107393952244819956832 6.8103591231761759772211917152163 -3.9251108428777921055541355599416 -1.9288252284394349356233533399063 -12.226754766842628185941066476516 -3.0009041449124351785826547711622 -7.7794355701705324435124566662125 13.135232779107393952244819956832 6.8103591231761759772211917152163 -3.9251108428777921055541355599416 -1.9288252284394349356233533399063 -12.226754766842628185941066476516 -3.0009041449124351785826547711622 -7.7794355701705324435124566662125 13.135232779107393952244819956832 6.8103591231761759772211917152163 -3.9251108428777921055541355599416 -1.9288252284394349356233533399063 -12.226754766842628185941066476516 -3.0009041449124351785826547711622 -7.7794355701705324435124566662125 13.135232779107393952244819956832 

2  1 8.3344017381041108905037617660128  3 10.316971402042922179020933981519  
2  2 4.0465979831002814037788084533531  1 -13.82087437317184175356032937998  
2  3 -14.03075328006533872837735543726  2 13.743169596305865098884169128723  
5  4 13.849153725607305176481531816535  2 -8.3153295355861889248672014218755  6 1.1863468037919522313217157716281  7 -5.0914780799340100259087193990126  14 10.630426687457743994968950573821  
2  5 -1.1739925431463169580581507034367  1 -12.02200866494433029174615512602  
2  6 -14.493845119915429009438412322197  5 13.153094084800132534951444540638  
2  7 -4.4677843028223866994608215463813  5 7.1677603730620811361973210296128  
2  8 8.3344017381041108905037617660128  10 10.316971402042922179020933981519  
2  9 4.0465979831002814037788084533531  8 -13.82087437317184175356032937998  
2  10 -14.03075328006533872837735543726  9 13.743169596305865098884169128723  
6  3 1.4923539524270772460567968664691  11 13.849153725607305176481531816535  9 -8.3153295355861889248672014218755  13 1.1863468037919522313217157716281  14 -5.0914780799340100259087193990126  21 10.630426687457743994968950573821  
2  12 -1.1739925431463169580581507034367  8 -12.02200866494433029174615512602  
2  13 -14.493845119915429009438412322197  12 13.153094084800132534951444540638  
2  14 -4.4677843028223866994608215463813  12 7.1677603730620811361973210296128  
2  15 8.3344017381041108905037617660128  17 10.316971402042922179020933981519  
2  16 4.0465979831002814037788084533531  15 -13.82087437317184175356032937998  
2  17 -14.03075328006533872837735543726  16 13.743169596305865098884169128723  
6  10 1.4923539524270772460567968664691  18 13.849153725607305176481531816535  16 -8.3153295355861889248672014218755  20 1.1863468037919522313217157716281  21 -5.0914780799340100259087193990126  28 10.630426687457743994968950573821  
2  19 -1.1739925431463169580581507034367  15 -12.02200866494433029174615512602  
2  20 -14.493845119915429009438412322197  19 13.153094084800132534951444540638  
2  21 -4.4677843028223866994608215463813  19 7.1677603730620811361973210296128  
2  22 8.3344017381041108905037617660128  24 10.316971402042922179020933981519  
2  23 4.0465979831002814037788084533531  22 -13.82087437317184175356032937998  
2  24 -14.03075328006533872837735543726  23 13.743169596305865098884169128723  
6  17 1.4923539524270772460567968664691  25 13.849153725607305176481531816535  23 -8.3153295355861889248672014218755  27 1.1863468037919522313217157716281  28 -5.0914780799340100259087193990126  35 10.630426687457743994968950573821  
2  26 -1.1739925431463169580581507034367  22 -12.02200866494433029174615512602  
2  27 -14.493845119915429009438412322197  26 13.153094084800132534951444540638  
2  28 -4.4677843028223866994608215463813  26 7.1677603730620811361973210296128  
2  29 8.3344017381041108905037617660128  31 10.316971402042922179020933981519  
2  30 4.0465979831002814037788084533531  29 -13.82087437317184175356032937998  
2  31 -14.03075328006533872837735543726  30 13.743169596305865098884169128723  
6  24 1.4923539524270772460567968664691  32 13.849153725607305176481531816535  30 -8.3153295355861889248672014218755  34 1.1863468037919522313217157716281  35 -5.0914780799340100259087193990126  42 10.630426687457743994968950573821  
2  33 -1.1739925431463169580581507034367  29 -12.02200866494433029174615512602  
2  34 -14.493845119915429009438412322197  33 13.153094084800132534951444540638  
2  35 -4.4677843028223866994608215463813  33 7.1677603730620811361973210296128  
2  36 8.3344017381041108905037617660128  38 10.316971402042922179020933981519  
2  37 4.0465979831002814037788084533531  36 -13.82087437317184175356032937998  
2  38 -14.03075328006533872837735543726  37 13.743169596305865098884169128723  
6  31 1.4923539524270772460567968664691  39 13.849153725607305176481531816535  37 -8.3153295355861889248672014218755  41 1.1863468037919522313217157716281  42 -5.0914780799340100259087193990126  49 10.630426687457743994968950573821  
2  40 -1.1739925431463169580581507034367  36 -12.02200866494433029174615512602  
2  41 -14.493845119915429009438412322197  40 13.153094084800132534951444540638  
2  42 -4.4677843028223866994608215463813  40 7.1677603730620811361973210296128  
2  43 8.3344017381041108905037617660128  45 10.316971402042922179020933981519  
2  44 4.0465979831002814037788084533531  43 -13.82087437317184175356032937998  
2  45 -14.03075328006533872837735543726  44 13.743169596305865098884169128723  
5  38 1.4923539524270772460567968664691  46 13.849153725607305176481531816535  44 -8.3153295355861889248672014218755  48 1.1863468037919522313217157716281  49 -5.0914780799340100259087193990126  
2  47 -1.1739925431463169580581507034367  43 -12.02200866494433029174615512602  
2  48 -14.493845119915429009438412322197  47 13.153094084800132534951444540638  
2  49 -4.4677843028223866994608215463813  47 7.1677603730620811361973210296128  

1  14 1.3139770147015656931444027577527  
1  8 0.05916729784448093720783390381257  
0  
1  5 0.22947827471012216538071015747846  
1  4 0.22947827471012216538071015747846  
1  10 0.14726329523677783583934797206894  
0  
2  2 0.05916729784448093720783390381257  21 1.3139770147015656931444027577527  
1  15 0.05916729784448093720783390381257  
1  6 0.14726329523677783583934797206894  
1  12 0.22947827471012216538071015747846  
1  11 0.22947827471012216538071015747846  
1  17 0.14726329523677783583934797206894  
1  1 1.3139770147015656931444027577527  
2  9 0.05916729784448093720783390381257  28 1.3139770147015656931444027577527  
1  22 0.05916729784448093720783390381257  
1  13 0.14726329523677783583934797206894  
1  19 0.22947827471012216538071015747846  
1  18 0.22947827471012216538071015747846  
1  24 0.14726329523677783583934797206894  
1  8 1.3139770147015656931444027577527  
2  16 0.05916729784448093720783390381257  35 1.3139770147015656931444027577527  
1  29 0.05916729784448093720783390381257  
1  20 0.14726329523677783583934797206894  
1  26 0.22947827471012216538071015747846  
1  25 0.22947827471012216538071015747846  
1  31 0.14726329523677783583934797206894  
1  15 1.3139770147015656931444027577527  
2  23 0.05916729784448093720783390381257  42 1.3139770147015656931444027577527  
1  36 0.05916729784448093720783390381257  
1  27 0.14726329523677783583934797206894  
1  33 0.22947827471012216538071015747846  
1  32 0.22947827471012216538071015747846  
1  38 0.14726329523677783583934797206894  
1  22 1.3139770147015656931444027577527  
2  30 0.05916729784448093720783390381257  49 1.3139770147015656931444027577527  
1  43 0.05916729784448093720783390381257  
1  34 0.14726329523677783583934797206894  
1  40 0.22947827471012216538071015747846  
1  39 0.22947827471012216538071015747846  
1  45 0.14726329523677783583934797206894  
1  29 1.3139770147015656931444027577527  
1  37 0.05916729784448093720783390381257  
0  
1  41 0.14726329523677783583934797206894  
1  47 0.22947827471012216538071015747846  
1  46 0.22947827471012216538071015747846  
0  
1  36 1.3139770147015656931444027577527  
