49 9 6

0.12233018742771228914989478653297 0.94889922177221053267714978574077 1.3527054342097510897247047978453 0.41076773765675245186912434292026 0.34778096251200696364946907124249 2.011089870841366256115634314483 0.58542771340073151975502696586773 0.12233018742771228914989478653297 0.94889922177221053267714978574077 1.3527054342097510897247047978453 0.41076773765675245186912434292026 0.34778096251200696364946907124249 2.011089870841366256115634314483 0.58542771340073151975502696586773 0.12233018742771228914989478653297 0.94889922177221053267714978574077 1.3527054342097510897247047978453 0.41076773765675245186912434292026 0.34778096251200696364946907124249 2.011089870841366256115634314483 0.58542771340073151975502696586773 0.12233018742771228914989478653297 0.94889922177221053267714978574077 1.3527054342097510897247047978453 0.41076773765675245186912434292026 0.34778096251200696364946907124249 2.011089870841366256115634314483 0.58542771340073151975502696586773 0.12233018742771228914989478653297 0.94889922177221053267714978574077 1.3527054342097510897247047978453 0.41076773765675245186912434292026 0.34778096251200696364946907124249 2.011089870841366256115634314483 0.58542771340073151975502696586773 0.12233018742771228914989478653297 0.94889922177221053267714978574077 1.3527054342097510897247047978453 0.41076773765675245186912434292026 0.34778096251200696364946907124249 2.011089870841366256115634314483 0.58542771340073151975502696586773 0.12233018742771228914989478653297 0.94889922177221053267714978574077 1.3527054342097510897247047978453 0.41076773765675245186912434292026 0.34778096251200696364946907124249 2.011089870841366256115634314483 0.58542771340073151975502696586773 

-7.5045918821773440754441253375262 -9.1960676004863035615244371001609 3.7916463139256624259587624692358 -1.5386434265475665839062457962427 3.769494302475134173135984383407 4.8152946661950739581925517995842 11.538183162897887257258844329044 -7.5045918821773440754441253375262 -9.1960676004863035615244371001609 3.7916463139256624259587624692358 -1.5386434265475665839062457962427 3.769494302475134173135984383407 4.8152946661950739581925517995842 11.538183162897887257258844329044 -7.5045918821773440754441253375262 -9.1960676004863035615244371001609 3.7916463139256624259587624692358 -1.5386434265475665839062457962427 3.769494302475134173135984383407 4.8152946661950739581925517995842 11.538183162897887257258844329044 -7.5045918821773440754441253375262 -9.1960676004863035615244371001609 3.7916463139256624259587624692358 -1.5386434265475665839062457962427 3.769494302475134173135984383407 4.8152946661950739581925517995842 11.538183162897887257258844329044 -7.5045918821773440754441253375262 -9.1960676004863035615244371001609 3.7916463139256624259587624692358 -1.5386434265475665839062457962427 3.769494302475134173135984383407 4.8152946661950739581925517995842 11.538183162897887257258844329044 -7.5045918821773440754441253375262 -9.1960676004863035615244371001609 3.7916463139256624259587624692358 -1.5386434265475665839062457962427 3.769494302475134173135984383407 4.8152946661950739581925517995842 11.538183162897887257258844329044 -7.5045918821773440754441253375262 -9.1960676004863035615244371001609 3.7916463139256624259587624692358 -1.5386434265475665839062457962427 3.769494302475134173135984383407 4.8152946661950739581925517995842 11.538183162897887257258844329044 

1 1 1 1 1 1 1 1 1 1 1 1 1 1 1 1 1 1 1 1 1 1 1 1 1 1 1 1 1 1 1 1 1 1 1 1 1 1 1 1 1 1 1 1 1 1 1 1 1 

7.5045918821773440754441253375262 9.1960676004863035615244371001609 -3.7916463139256624259587624692358 1.5386434265475665839062457962427 -3.769494302475134173135984383407 -4.8152946661950739581925517995842 -11.538183162897887257258844329044 7.5045918821773440754441253375262 9.1960676004863035615244371001609 -3.7916463139256624259587624692358 1.5386434265475665839062457962427 -3.769494302475134173135984383407 -4.8152946661950739581925517995842 -11.538183162897887257258844329044 7.5045918821773440754441253375262 9.1960676004863035615244371001609 -3.7916463139256624259587624692358 1.5386434265475665839062457962427 -3.769494302475134173135984383407 -4.8152946661950739581925517995842 -11.538183162897887257258844329044 7.5045918821773440754441253375262 9.1960676004863035615244371001609 -3.7916463139256624259587624692358 1.5386434265475665839062457962427 -3.769494302475134173135984383407 -4.8152946661950739581925517995842 -11.538183162897887257258844329044 7.5045918821773440754441253375262 9.1960676004863035615244371001609 -3.7916463139256624259587624692358 1.5386434265475665839062457962427 -3.769494302475134173135984383407 -4.8152946661950739581925517995842 -11.538183162897887257258844329044 7.5045918821773440754441253375262 9.1960676004863035615244371001609 -3.7916463139256624259587624692358 1.5386434265475665839062457962427 -3.769494302475134173135984383407 -4.8152946661950739581925517995842 -11.538183162897887257258844329044 7.5045918821773440754441253375262 9.1960676004863035615244371001609 -3.7916463139256624259587624692358 1.5386434265475665839062457962427 -3.769494302475134173135984383407 -4.8152946661950739581925517995842 -11.538183162897887257258844329044 

2  1 4.865073162369812465044560667593  3 14.312621070393978683910063409712  
2  2 -0.60159739104779330620687005648506  1 15  
2  3 3.5826121025936754627139180229278  2 -14.565324307671673409458890091628  
5  4 -2.8609738465311673749624787888024  2 14.61663021628438663412907771999  6 7.5885750715503812457995991280768  7 -7.1391699047603767169789534818847  14 2.6458450834565070408643805421889  
2  5 5.5446060742530134390904095198493  1 -13.514356307236059961951468721963  
2  6 1.3867452692230726185584899212699  5 -8.2800697263901863465207497938536  
2  7 5.7465338444119691274636352318339  5 -1.0368634802904814762314344989136  
2  8 4.865073162369812465044560667593  10 14.312621070393978683910063409712  
2  9 -0.60159739104779330620687005648506  8 15  
2  10 3.5826121025936754627139180229278  9 -14.565324307671673409458890091628  
6  3 5.7540672139317967648253215884324  11 -2.8609738465311673749624787888024  9 14.61663021628438663412907771999  13 7.5885750715503812457995991280768  14 -7.1391699047603767169789534818847  21 2.6458450834565070408643805421889  
2  12 5.5446060742530134390904095198493  8 -13.514356307236059961951468721963  
2  13 1.3867452692230726185584899212699  12 -8.2800697263901863465207497938536  
2  14 5.7465338444119691274636352318339  12 -1.0368634802904814762314344989136  
2  15 4.865073162369812465044560667593  17 14.312621070393978683910063409712  
2  16 -0.60159739104779330620687005648506  15 15  
2  17 3.5826121025936754627139180229278  16 -14.565324307671673409458890091628  
6  10 5.7540672139317967648253215884324  18 -2.8609738465311673749624787888024  16 14.61663021628438663412907771999  20 7.5885750715503812457995991280768  21 -7.1391699047603767169789534818847  28 2.6458450834565070408643805421889  
2  19 5.5446060742530134390904095198493  15 -13.514356307236059961951468721963  
2  20 1.3867452692230726185584899212699  19 -8.2800697263901863465207497938536  
2  21 5.7465338444119691274636352318339  19 -1.0368634802904814762314344989136  
2  22 4.865073162369812465044560667593  24 14.312621070393978683910063409712  
2  23 -0.60159739104779330620687005648506  22 15  
2  24 3.5826121025936754627139180229278  23 -14.565324307671673409458890091628  
6  17 5.7540672139317967648253215884324  25 -2.8609738465311673749624787888024  23 14.61663021628438663412907771999  27 7.5885750715503812457995991280768  28 -7.1391699047603767169789534818847  35 2.6458450834565070408643805421889  
2  26 5.5446060742530134390904095198493  22 -13.514356307236059961951468721963  
2  27 1.3867452692230726185584899212699  26 -8.2800697263901863465207497938536  
2  28 5.7465338444119691274636352318339  26 -1.0368634802904814762314344989136  
2  29 4.865073162369812465044560667593  31 14.312621070393978683910063409712  
2  30 -0.60159739104779330620687005648506  29 15  
2  31 3.5826121025936754627139180229278  30 -14.565324307671673409458890091628  
6  24 5.7540672139317967648253215884324  32 -2.8609738465311673749624787888024  30 14.61663021628438663412907771999  34 7.5885750715503812457995991280768  35 -7.1391699047603767169789534818847  42 2.6458450834565070408643805421889  
2  33 5.5446060742530134390904095198493  29 -13.514356307236059961951468721963  
2  34 1.3867452692230726185584899212699  33 -8.2800697263901863465207497938536  
2  35 5.7465338444119691274636352318339  33 -1.0368634802904814762314344989136  
2  36 4.865073162369812465044560667593  38 14.312621070393978683910063409712  
2  37 -0.60159739104779330620687005648506  36 15  
2  38 3.5826121025936754627139180229278  37 -14.565324307671673409458890091628  
6  31 5.7540672139317967648253215884324  39 -2.8609738465311673749624787888024  37 14.61663021628438663412907771999  41 7.5885750715503812457995991280768  42 -7.1391699047603767169789534818847  49 2.6458450834565070408643805421889  
2  40 5.5446060742530134390904095198493  36 -13.514356307236059961951468721963  
2  41 1.3867452692230726185584899212699  40 -8.2800697263901863465207497938536  
2  42 5.7465338444119691274636352318339  40 -1.0368634802904814762314344989136  
2  43 4.865073162369812465044560667593  45 14.312621070393978683910063409712  
2  44 -0.60159739104779330620687005648506  43 15  
2  45 3.5826121025936754627139180229278  44 -14.565324307671673409458890091628  
5  38 5.7540672139317967648253215884324  46 -2.8609738465311673749624787888024  44 14.61663021628438663412907771999  48 7.5885750715503812457995991280768  49 -7.1391699047603767169789534818847  
2  47 5.5446060742530134390904095198493  43 -13.514356307236059961951468721963  
2  48 1.3867452692230726185584899212699  47 -8.2800697263901863465207497938536  
2  49 5.7465338444119691274636352318339  47 -1.0368634802904814762314344989136  

1  14 0.60772212310778606081385078141466  
1  8 1.3997004100126482217802958984976  
0  
1  5 0.76402728352463944450079225134687  
1  4 0.76402728352463944450079225134687  
1  10 1.7802864323809459712322222912917  
0  
2  2 1.3997004100126482217802958984976  21 0.60772212310778606081385078141466  
1  15 1.3997004100126482217802958984976  
1  6 1.7802864323809459712322222912917  
1  12 0.76402728352463944450079225134687  
1  11 0.76402728352463944450079225134687  
1  17 1.7802864323809459712322222912917  
1  1 0.60772212310778606081385078141466  
2  9 1.3997004100126482217802958984976  28 0.60772212310778606081385078141466  
1  22 1.3997004100126482217802958984976  
1  13 1.7802864323809459712322222912917  
1  19 0.76402728352463944450079225134687  
1  18 0.76402728352463944450079225134687  
1  24 1.7802864323809459712322222912917  
1  8 0.60772212310778606081385078141466  
2  16 1.3997004100126482217802958984976  35 0.60772212310778606081385078141466  
1  29 1.3997004100126482217802958984976  
1  20 1.7802864323809459712322222912917  
1  26 0.76402728352463944450079225134687  
1  25 0.76402728352463944450079225134687  
1  31 1.7802864323809459712322222912917  
1  15 0.60772212310778606081385078141466  
2  23 1.3997004100126482217802958984976  42 0.60772212310778606081385078141466  
1  36 1.3997004100126482217802958984976  
1  27 1.7802864323809459712322222912917  
1  33 0.76402728352463944450079225134687  
1  32 0.76402728352463944450079225134687  
1  38 1.7802864323809459712322222912917  
1  22 0.60772212310778606081385078141466  
2  30 1.3997004100126482217802958984976  49 0.60772212310778606081385078141466  
1  43 1.3997004100126482217802958984976  
1  34 1.7802864323809459712322222912917  
1  40 0.76402728352463944450079225134687  
1  39 0.76402728352463944450079225134687  
1  45 1.7802864323809459712322222912917  
1  29 0.60772212310778606081385078141466  
1  37 1.3997004100126482217802958984976  
0  
1  41 1.7802864323809459712322222912917  
1  47 0.76402728352463944450079225134687  
1  46 0.76402728352463944450079225134687  
0  
1  36 0.60772212310778606081385078141466  
