0 0 0 0
1 0 0 0
2 0 0 0
3 0 0 0
4 0 0 0
5 0 0 0
6 0 0 0
7 0 0 0
8 0 0 0
9 0 0 0
10 0 0 0
11 0 0 0
12 0 0 0
13 0 0 0
14 0 0 0
15 0 0 0
16 0 0 0
17 0 0 0
18 0 0 0
19 0 0 0
20 0 0 0
21 0 0 0
22 0 0 0
23 0 0 0
24 0 0 0
25 0 0 0
26 0 0 0
27 0 0 0
28 0 0 0
29 0 0 0
30 0 0 0
31 0 0 0
32 0 0 0
33 0 0 0
34 0 0 0
35 0 0 0
36 0 0 0
37 0 0 0
38 0 0 0
39 0 0 0
40 0 0 0
41 0 0 0
42 0 0 0
43 0 0 0
44 0 0 0
45 0 0 0
46 0 0 0
47 8.397894479e-14 8.397894479e-16 7.052463168e-29
48 8.397894479e-14 8.828421719e-16 7.063694453e-29
49 8.397894479e-14 9.241847994e-16 7.073413043e-29
50 8.397894479e-14 9.522431308e-16 7.074262246e-29
51 3.821681005e-13 4.772777114e-15 1.523925691e-27
52 3.952587267e-13 9.310646603e-15 3.057936421e-27
53 3.136957229e-12 4.176702924e-14 1.00828865e-25
54 3.136957229e-12 8.487236439e-14 1.625002818e-25
55 3.317104471e-10 3.458235518e-12 1.099711924e-21
56 0.01081519822 0.0001081519857 1.169685125e-06
57 0.01081519822 0.0001081522904 1.169685059e-06
58 0.01328486457 0.000241000939 2.905535294e-06
59 0.02256055613 0.0004666065103 7.885481503e-06
60 0.02256055613 0.0007275530271 1.1018398e-05
61 0.02673170108 0.001362238595 2.398836037e-05
62 0.02673170108 0.0010456782 2.031475365e-05
63 0.02998165772 0.001702629741 3.589654257e-05
64 0.02998165772 0.00155730316 3.355548392e-05
65 0.06860713035 0.002447284745 8.159900794e-05
66 0.06860713035 0.002614862179 9.216081752e-05
67 0.06860713035 0.002368502636 9.306291196e-05
68 0.06860713035 0.002384892316 9.762426586e-05
69 0.06860713035 0.003547724259 0.0001423248858
70 0.06860713035 0.003022682877 0.0001261555269
71 0.06860713035 0.004315470247 0.0001944882588
72 0.06860713035 0.004941516707 0.0002325980211
73 0.06860713035 0.004380096861 0.0001955880043
74 0.08331410437 0.004625717837 0.0002418576725
75 0.08331410437 0.007532676824 0.0004155445586
76 0.1128023508 0.007228581046 0.0004239163221
77 0.1128023508 0.007296296442 0.0004559228313
78 0.1128023508 0.006915734753 0.0004683624216
79 0.1266463276 0.00958463229 0.00072789888
80 0.1698346782 0.01507633209 0.00132015785
81 0.3939048856 0.01790143943 0.002977847556
82 0.3939048856 0.01702102573 0.003264977156
83 0.3939048856 0.01928044845 0.00363416675
84 0.4109079816 0.02701257365 0.006560441795
85 0.6010977593 0.04622356102 0.01368359657
86 0.6010977593 0.04199417863 0.01287920882
87 0.6010977593 0.05641320899 0.01707820049
88 0.6383380109 0.06754648273 0.02273486517
89 0.6383380109 0.06344934216 0.02056952972
90 0.6383380109 0.06759215643 0.02226543635
91 0.8921261086 0.08432436932 0.03474645961
92 0.9173079769 0.09789886074 0.04367380768
93 0.9173079769 0.08835781887 0.0407791681
94 0.9738912509 0.09561148525 0.05129456628
95 0.9738912509 0.108486911 0.06395200719
96 0.991521411 0.1136275857 0.0664385028
96 0 0 0
97 4.07448171e-14 4.07448171e-16 1.66014012e-29
98 4.07448171e-14 7.710561305e-16 2.952318027e-29
99 4.07448171e-14 7.763247473e-16 2.951774924e-29
100 4.78776179e-09 4.787839422e-11 2.292265545e-19
101 4.78776179e-09 4.787881432e-11 2.292265139e-19
102 4.78776179e-09 4.787876734e-11 2.292265184e-19
103 4.78776179e-09 5.828887017e-11 2.390566401e-19
104 4.78776179e-09 7.369607327e-11 2.609815939e-19
105 4.78776179e-09 8.888066392e-11 2.81779307e-19
106 1.395851062e-08 3.429863939e-10 3.343430751e-18
107 1.395851062e-08 3.613604872e-10 3.538363365e-18
108 5.346700203e-08 9.616177669e-10 3.225279146e-17
109 5.346700203e-08 9.437592395e-10 3.20080311e-17
110 5.346700203e-08 1.31468777e-09 4.28448407e-17
111 3.057807555e-06 3.231463215e-08 9.346336537e-14
112 8.627157442e-06 1.184824827e-07 8.321341519e-13
113 8.627157442e-06 2.399122368e-07 1.58107029e-12
114 8.627157442e-06 3.054003456e-07 1.987918071e-12
115 1.673045242e-05 5.954185648e-07 5.803015166e-12
116 1.673045242e-05 7.197817129e-07 6.666603836e-12
117 1.673045242e-05 9.925271455e-07 1.164326889e-11
118 1.673045242e-05 9.227050366e-07 1.265758056e-11
119 4.467813771e-05 1.426567636e-06 3.074757474e-11
120 5.247201931e-05 2.053673312e-06 7.938235692e-11
121 5.247201931e-05 2.155050746e-06 9.147571364e-11
122 5.247201931e-05 2.944064476e-06 1.182150352e-10
123 7.110377308e-05 3.022361467e-06 1.401538835e-10
124 7.40371142e-05 3.038077396e-06 1.731112779e-10
125 0.0001512623608 4.872858547e-06 4.069722272e-10
126 0.0001512623608 4.853467466e-06 3.989916084e-10
127 0.0001753826096 6.800663914e-06 7.193328656e-10
128 0.0001753826096 8.6439739e-06 8.808693244e-10
129 0.0001753826096 1.049253437e-05 1.298636657e-09
130 0.0003440352762 1.291480851e-05 2.322057987e-09
131 0.0003440352762 1.039678548e-05 2.082489615e-09
132 0.0004566813504 2.308337038e-05 6.984530462e-09
133 0.0004634167234 2.914210479e-05 1.062525604e-08
134 0.0004634167234 2.013375008e-05 7.542560399e-09
135 0.0004634167234 2.243736254e-05 7.944168215e-09
136 0.0004634167234 1.909295306e-05 7.423760836e-09
137 0.0004793023281 2.991055136e-05 1.172516631e-08
138 0.0006474153374 3.011800401e-05 1.288817398e-08
139 0.0006474153374 2.83774311e-05 1.162028114e-08
140 0.0006474153374 2.940007132e-05 1.263839062e-08
141 0.0006742544014 3.291085946e-05 1.546109846e-08
142 0.0006742544014 2.920720227e-05 1.327002766e-08
143 0.0006742544014 3.411414501e-05 1.574387141e-08
144 0.0007881768882 4.10321518e-05 2.177467071e-08
145 0.0008406574573 4.889137087e-05 2.808951677e-08
146 0.0008406574573 4.653644065e-05 2.859767471e-08
147 0.003351645373 0.0001002223325 1.537777809e-07
148 0.003351645373 0.0001340406392 1.952625005e-07
149 0.00980637094 0.0002379485418 1.28614175e-06
150 0.00980637094 0.0002068740541 1.266548423e-06
151 0.00980637094 0.0003080555785 1.619554493e-06
152 0.01111764885 0.0004520782479 3.176105105e-06
153 0.03707953114 0.0008828958318 1.858141501e-05
154 0.03707953114 0.0009968621161 1.972584116e-05
155 0.03707953114 0.001168296523 2.637991978e-05
156 0.03707953114 0.001538364852 3.118449032e-05
157 0.04550597167 0.002264715516 5.40201232e-05
158 0.04550597167 0.002096866842 5.504748112e-05
159 0.04550597167 0.00229715772 5.796446395e-05
160 0.04550597167 0.002052301816 5.58916397e-05
161 0.05280022165 0.002971406053 9.370388738e-05
162 0.07133667367 0.003511186419 0.0001421165845
163 0.07133667367 0.00285346398 0.0001146976938
164 0.1178317473 0.004306697788 0.0002487700086
165 0.1178317473 0.003948859129 0.0002478034859
166 0.1178317473 0.004693410292 0.0002684691712
167 0.1178317473 0.004715152443 0.0003006115412
168 0.1178317473 0.004892094969 0.0003068349381
169 0.151288805 0.007638222383 0.0005724595443
170 0.151288805 0.007746830512 0.0006703119136
171 0.151288805 0.005524561972 0.0005717641559
172 0.151288805 0.007002448936 0.0006187039889
173 0.151288805 0.007332271878 0.000655638208
174 0.1747691026 0.01026570265 0.0009710561967
175 0.1747691026 0.008225917924 0.0008422818933
176 0.1747691026 0.006959150997 0.0007822619283
177 0.1747691026 0.009123802844 0.0009802473232
178 0.1747691026 0.008244996336 0.0009129904856
179 0.1747691026 0.01077810761 0.001080216137
180 0.1747691026 0.01015634257 0.001042399094
181 0.1747691026 0.008356067051 0.0009339190987
182 0.1850280768 0.01266718444 0.001488671883
183 0.1850280768 0.01028713136 0.001394763017
184 0.1850280768 0.01033856264 0.001456403264
185 0.1850280768 0.01020571153 0.001376393833
186 0.1850280768 0.009304469735 0.001243640292
187 0.1850280768 0.009951677345 0.001385259898
188 0.1850280768 0.01142061947 0.001526409693
189 0.1850280768 0.01275762317 0.001533952017
190 0.1850280768 0.01150647946 0.001370958492
191 0.1850280768 0.009182690775 0.001207580698
192 0.1850280768 0.009925528834 0.001304629286
193 0.1850280768 0.01226440286 0.001581492678
194 0.1850280768 0.01026468171 0.001328614916
195 0.1850280768 0.01219387259 0.001589566633
196 0.1850280768 0.0136939118 0.001733579403
197 0.2051561668 0.01169203739 0.001632940285
198 0.2051561668 0.01247721254 0.001639549763
199 0.3370394865 0.01798743983 0.003064563637
200 0.3370394865 0.01729498483 0.003647881054
201 0.3370394865 0.01910737571 0.00398294663
202 0.4496890776 0.02385776606 0.005953665212
203 0.4496890776 0.02418336341 0.005438732579
204 0.4496890776 0.02092737689 0.00513765668
205 0.4496890776 0.0212649096 0.005509129391
206 0.4496890776 0.02124258359 0.004944566293
207 0.4496890776 0.02036905048 0.005166424297
208 0.4496890776 0.02109975051 0.005625226166
209 0.4496890776 0.02180765608 0.005686265008
210 0.4496890776 0.02282201583 0.006350192602
211 0.4496890776 0.0269155714 0.007377283827
212 0.4496890776 0.02505646206 0.007339052893
213 0.4496890776 0.03017643643 0.008859967193
214 0.4496890776 0.03401883411 0.009876106175
215 0.4496890776 0.02984732363 0.009075031577
216 0.4496890776 0.03158692801 0.008245094313
217 0.4496890776 0.0308361422 0.008993297027
218 0.4496890776 0.03407743172 0.008954694108
219 0.4496890776 0.03398501873 0.0095130156
220 0.4496890776 0.03553946052 0.0093873023
221 0.4496890776 0.03805088058 0.00795081708
222 0.4496890776 0.05752849935 0.01335936774
223 0.4496890776 0.04762969297 0.01054166023
224 0.4496890776 0.04990194519 0.01096338452
225 0.4496890776 0.04999737426 0.01346846455
226 0.4496890776 0.04702083301 0.01206551256
227 0.4496890776 0.02648328707 0.007241228851
228 0.4496890776 0.0299919818 0.008667058328
229 0.4496890776 0.03009976977 0.00936218602
230 0.4608110746 0.03707291678 0.009861481503
231 0.4608110746 0.03135972189 0.008565405021
232 0.4608110746 0.03253143442 0.008311048347
233 0.4608110746 0.03922953394 0.0108250645
234 0.4608110746 0.05034134614 0.0132656526
235 0.4608110746 0.03942390122 0.00977934354
236 0.4608110746 0.03961939165 0.01026942085
237 0.468067798 0.03829198901 0.01105620201
238 0.468067798 0.05655564631 0.01349826521
239 0.468067798 0.05196909646 0.01123729262
240 0.468067798 0.04503579874 0.01177769862
241 0.468067798 0.05115916984 0.01175590081
242 0.468067798 0.05410443065 0.0148496412
243 0.468067798 0.04734116297 0.01131631508
244 0.468067798 0.03810603921 0.01017905997
245 0.468067798 0.04150472606 0.01096373743
246 0.468067798 0.03520042544 0.009262804847
247 0.468067798 0.04754819986 0.01206267724
248 0.468067798 0.04612570921 0.01306729386
249 0.468067798 0.04022125075 0.01126068883
250 0.4689222941 0.05060217464 0.01330352518
251 0.4689222941 0.04778335558 0.01154423721
252 0.4689222941 0.0500919135 0.0120008477
253 0.4704604762 0.04598098527 0.0135058374
254 0.4704604762 0.05031604886 0.01200679095
255 0.4704604762 0.05167833948 0.012659914
256 0.4704604762 0.05120357202 0.0126542503
257 0.4704604762 0.05061976096 0.01086604363
258 0.4704604762 0.05966333603 0.01358145531
259 0.4704604762 0.05473699285 0.01293641697
260 0.4704604762 0.05504766303 0.01332230768
261 0.4704604762 0.05490669905 0.0118255118
262 0.4704604762 0.05654687974 0.01231057224
263 0.4704604762 0.05153350693 0.01182354476
264 0.4725104995 0.04681207939 0.01309251678
265 0.4725104995 0.046128504 0.01002487503
266 0.4725104995 0.04403861463 0.01062945895
267 0.4725104995 0.04353204818 0.01112525266
268 0.4725104995 0.04405702259 0.01196103602
269 0.4725104995 0.06262839148 0.01621370398
270 0.4725104995 0.05304314716 0.01329576878
271 0.4725104995 0.04679604559 0.01159086444
272 0.4725104995 0.0544904132 0.01126432863
273 0.4754994211 0.04749897758 0.01204169837
274 0.4754994211 0.04396495746 0.01063538272
275 0.4754994211 0.03807306132 0.0100704175
276 0.4754994211 0.03707201119 0.01123293942
277 0.4754994211 0.04350704382 0.01195732955
278 0.480519513 0.05471909777 0.01383817901
279 0.480519513 0.05058316329 0.01400516866
280 0.480519513 0.04871912724 0.01272852358
281 0.480519513 0.04885366599 0.01132916508
282 0.480519513 0.04753596223 0.0110112817
283 0.480519513 0.0418395604 0.01181784712
284 0.480519513 0.0467947906 0.01223830811
285 0.480519513 0.04340052711 0.01118536768
286 0.480519513 0.04519204023 0.01104519959
287 0.480519513 0.03872702557 0.0102853993
288 0.4866989009 0.05386851994 0.01513961995
289 0.4866989009 0.04640407326 0.01216261107
290 0.4866989009 0.04230165645 0.01195703428
291 0.4866989009 0.0529321203 0.01396667932
292 0.4866989009 0.04685815616 0.01245365362
293 0.4866989009 0.05183378503 0.01345073052
294 0.4866989009 0.05970207805 0.01602862954
295 0.4866989009 0.05140203533 0.01369217438
296 0.4866989009 0.04084503766 0.01189961097
297 0.4866989009 0.04170433284 0.01073460202
298 0.4866989009 0.04897953326 0.01314179447
299 0.4866989009 0.0401143678 0.01134022085
300 0.4866989009 0.03439354143 0.009637226463
