49 9 6

0.7239896652063632087603650688834 0.77076540818786709596821538070799 0.18106962864668019186353831173619 2.3892312299200906267060418031178 0.82330337331584346749480118887732 1.0173768034369163881791564563173 2.0354683910032078664187338290503 0.7239896652063632087603650688834 0.77076540818786709596821538070799 0.18106962864668019186353831173619 2.3892312299200906267060418031178 0.82330337331584346749480118887732 1.0173768034369163881791564563173 2.0354683910032078664187338290503 0.7239896652063632087603650688834 0.77076540818786709596821538070799 0.18106962864668019186353831173619 2.3892312299200906267060418031178 0.82330337331584346749480118887732 1.0173768034369163881791564563173 2.0354683910032078664187338290503 0.7239896652063632087603650688834 0.77076540818786709596821538070799 0.18106962864668019186353831173619 2.3892312299200906267060418031178 0.82330337331584346749480118887732 1.0173768034369163881791564563173 2.0354683910032078664187338290503 0.7239896652063632087603650688834 0.77076540818786709596821538070799 0.18106962864668019186353831173619 2.3892312299200906267060418031178 0.82330337331584346749480118887732 1.0173768034369163881791564563173 2.0354683910032078664187338290503 0.7239896652063632087603650688834 0.77076540818786709596821538070799 0.18106962864668019186353831173619 2.3892312299200906267060418031178 0.82330337331584346749480118887732 1.0173768034369163881791564563173 2.0354683910032078664187338290503 0.7239896652063632087603650688834 0.77076540818786709596821538070799 0.18106962864668019186353831173619 2.3892312299200906267060418031178 0.82330337331584346749480118887732 1.0173768034369163881791564563173 2.0354683910032078664187338290503 

12.829809908789604477874490839895 -11.102819780473080157889853580855 -5.015906709791281059551693033427 10.181129929075861895171328797005 -0.076057975805260788493278312216717 0.1724242262927067059763430734165 -10.897808042758555302498280070722 12.829809908789604477874490839895 -11.102819780473080157889853580855 -5.015906709791281059551693033427 10.181129929075861895171328797005 -0.076057975805260788493278312216717 0.1724242262927067059763430734165 -10.897808042758555302498280070722 12.829809908789604477874490839895 -11.102819780473080157889853580855 -5.015906709791281059551693033427 10.181129929075861895171328797005 -0.076057975805260788493278312216717 0.1724242262927067059763430734165 -10.897808042758555302498280070722 12.829809908789604477874490839895 -11.102819780473080157889853580855 -5.015906709791281059551693033427 10.181129929075861895171328797005 -0.076057975805260788493278312216717 0.1724242262927067059763430734165 -10.897808042758555302498280070722 12.829809908789604477874490839895 -11.102819780473080157889853580855 -5.015906709791281059551693033427 10.181129929075861895171328797005 -0.076057975805260788493278312216717 0.1724242262927067059763430734165 -10.897808042758555302498280070722 12.829809908789604477874490839895 -11.102819780473080157889853580855 -5.015906709791281059551693033427 10.181129929075861895171328797005 -0.076057975805260788493278312216717 0.1724242262927067059763430734165 -10.897808042758555302498280070722 12.829809908789604477874490839895 -11.102819780473080157889853580855 -5.015906709791281059551693033427 10.181129929075861895171328797005 -0.076057975805260788493278312216717 0.1724242262927067059763430734165 -10.897808042758555302498280070722 

1 1 1 1 1 1 1 1 1 1 1 1 1 1 1 1 1 1 1 1 1 1 1 1 1 1 1 1 1 1 1 1 1 1 1 1 1 1 1 1 1 1 1 1 1 1 1 1 1 

-12.829809908789604477874490839895 11.102819780473080157889853580855 5.015906709791281059551693033427 -10.181129929075861895171328797005 0.076057975805260788493278312216717 -0.1724242262927067059763430734165 10.897808042758555302498280070722 -12.829809908789604477874490839895 11.102819780473080157889853580855 5.015906709791281059551693033427 -10.181129929075861895171328797005 0.076057975805260788493278312216717 -0.1724242262927067059763430734165 10.897808042758555302498280070722 -12.829809908789604477874490839895 11.102819780473080157889853580855 5.015906709791281059551693033427 -10.181129929075861895171328797005 0.076057975805260788493278312216717 -0.1724242262927067059763430734165 10.897808042758555302498280070722 -12.829809908789604477874490839895 11.102819780473080157889853580855 5.015906709791281059551693033427 -10.181129929075861895171328797005 0.076057975805260788493278312216717 -0.1724242262927067059763430734165 10.897808042758555302498280070722 -12.829809908789604477874490839895 11.102819780473080157889853580855 5.015906709791281059551693033427 -10.181129929075861895171328797005 0.076057975805260788493278312216717 -0.1724242262927067059763430734165 10.897808042758555302498280070722 -12.829809908789604477874490839895 11.102819780473080157889853580855 5.015906709791281059551693033427 -10.181129929075861895171328797005 0.076057975805260788493278312216717 -0.1724242262927067059763430734165 10.897808042758555302498280070722 -12.829809908789604477874490839895 11.102819780473080157889853580855 5.015906709791281059551693033427 -10.181129929075861895171328797005 0.076057975805260788493278312216717 -0.1724242262927067059763430734165 10.897808042758555302498280070722 

2  1 -14.23533151966836562962726020487  3 -14.650901654936076212720763578545  
2  2 6.6826048032849749702677399909589  1 14.787854728290035666304902406409  
2  3 7.6277633761370786658062570495531  2 11.814608596067925461170489143115  
5  4 5.2028023498649771383384177170228  2 7.1148931418382534985767051693983  6 -3.165542237963042015991277366993  7 14.488964975144668301254569087178  14 -2.7959115219347543401795519457664  
2  5 -8.5982482141691765065161234815605  1 -13.017664456048192889170422859024  
2  6 -9.1372145397894630747259725467302  5 -15  
2  7 2.5105110731698840886849666276248  5 -13.205316162750046160567762854043  
2  8 -14.23533151966836562962726020487  10 -14.650901654936076212720763578545  
2  9 6.6826048032849749702677399909589  8 14.787854728290035666304902406409  
2  10 7.6277633761370786658062570495531  9 11.814608596067925461170489143115  
6  3 13.942630736629942234117152111139  11 5.2028023498649771383384177170228  9 7.1148931418382534985767051693983  13 -3.165542237963042015991277366993  14 14.488964975144668301254569087178  21 -2.7959115219347543401795519457664  
2  12 -8.5982482141691765065161234815605  8 -13.017664456048192889170422859024  
2  13 -9.1372145397894630747259725467302  12 -15  
2  14 2.5105110731698840886849666276248  12 -13.205316162750046160567762854043  
2  15 -14.23533151966836562962726020487  17 -14.650901654936076212720763578545  
2  16 6.6826048032849749702677399909589  15 14.787854728290035666304902406409  
2  17 7.6277633761370786658062570495531  16 11.814608596067925461170489143115  
6  10 13.942630736629942234117152111139  18 5.2028023498649771383384177170228  16 7.1148931418382534985767051693983  20 -3.165542237963042015991277366993  21 14.488964975144668301254569087178  28 -2.7959115219347543401795519457664  
2  19 -8.5982482141691765065161234815605  15 -13.017664456048192889170422859024  
2  20 -9.1372145397894630747259725467302  19 -15  
2  21 2.5105110731698840886849666276248  19 -13.205316162750046160567762854043  
2  22 -14.23533151966836562962726020487  24 -14.650901654936076212720763578545  
2  23 6.6826048032849749702677399909589  22 14.787854728290035666304902406409  
2  24 7.6277633761370786658062570495531  23 11.814608596067925461170489143115  
6  17 13.942630736629942234117152111139  25 5.2028023498649771383384177170228  23 7.1148931418382534985767051693983  27 -3.165542237963042015991277366993  28 14.488964975144668301254569087178  35 -2.7959115219347543401795519457664  
2  26 -8.5982482141691765065161234815605  22 -13.017664456048192889170422859024  
2  27 -9.1372145397894630747259725467302  26 -15  
2  28 2.5105110731698840886849666276248  26 -13.205316162750046160567762854043  
2  29 -14.23533151966836562962726020487  31 -14.650901654936076212720763578545  
2  30 6.6826048032849749702677399909589  29 14.787854728290035666304902406409  
2  31 7.6277633761370786658062570495531  30 11.814608596067925461170489143115  
6  24 13.942630736629942234117152111139  32 5.2028023498649771383384177170228  30 7.1148931418382534985767051693983  34 -3.165542237963042015991277366993  35 14.488964975144668301254569087178  42 -2.7959115219347543401795519457664  
2  33 -8.5982482141691765065161234815605  29 -13.017664456048192889170422859024  
2  34 -9.1372145397894630747259725467302  33 -15  
2  35 2.5105110731698840886849666276248  33 -13.205316162750046160567762854043  
2  36 -14.23533151966836562962726020487  38 -14.650901654936076212720763578545  
2  37 6.6826048032849749702677399909589  36 14.787854728290035666304902406409  
2  38 7.6277633761370786658062570495531  37 11.814608596067925461170489143115  
6  31 13.942630736629942234117152111139  39 5.2028023498649771383384177170228  37 7.1148931418382534985767051693983  41 -3.165542237963042015991277366993  42 14.488964975144668301254569087178  49 -2.7959115219347543401795519457664  
2  40 -8.5982482141691765065161234815605  36 -13.017664456048192889170422859024  
2  41 -9.1372145397894630747259725467302  40 -15  
2  42 2.5105110731698840886849666276248  40 -13.205316162750046160567762854043  
2  43 -14.23533151966836562962726020487  45 -14.650901654936076212720763578545  
2  44 6.6826048032849749702677399909589  43 14.787854728290035666304902406409  
2  45 7.6277633761370786658062570495531  44 11.814608596067925461170489143115  
5  38 13.942630736629942234117152111139  46 5.2028023498649771383384177170228  44 7.1148931418382534985767051693983  48 -3.165542237963042015991277366993  49 14.488964975144668301254569087178  
2  47 -8.5982482141691765065161234815605  43 -13.017664456048192889170422859024  
2  48 -9.1372145397894630747259725467302  47 -15  
2  49 2.5105110731698840886849666276248  47 -13.205316162750046160567762854043  

1  14 0.58442914491530473242164589464664  
1  8 0.21277486233971376616835868844646  
0  
1  5 0.087723598656531565076477363618324  
1  4 0.087723598656531565076477363618324  
1  10 0.89552480453460636677931461235858  
0  
2  2 0.21277486233971376616835868844646  21 0.58442914491530473242164589464664  
1  15 0.21277486233971376616835868844646  
1  6 0.89552480453460636677931461235858  
1  12 0.087723598656531565076477363618324  
1  11 0.087723598656531565076477363618324  
1  17 0.89552480453460636677931461235858  
1  1 0.58442914491530473242164589464664  
2  9 0.21277486233971376616835868844646  28 0.58442914491530473242164589464664  
1  22 0.21277486233971376616835868844646  
1  13 0.89552480453460636677931461235858  
1  19 0.087723598656531565076477363618324  
1  18 0.087723598656531565076477363618324  
1  24 0.89552480453460636677931461235858  
1  8 0.58442914491530473242164589464664  
2  16 0.21277486233971376616835868844646  35 0.58442914491530473242164589464664  
1  29 0.21277486233971376616835868844646  
1  20 0.89552480453460636677931461235858  
1  26 0.087723598656531565076477363618324  
1  25 0.087723598656531565076477363618324  
1  31 0.89552480453460636677931461235858  
1  15 0.58442914491530473242164589464664  
2  23 0.21277486233971376616835868844646  42 0.58442914491530473242164589464664  
1  36 0.21277486233971376616835868844646  
1  27 0.89552480453460636677931461235858  
1  33 0.087723598656531565076477363618324  
1  32 0.087723598656531565076477363618324  
1  38 0.89552480453460636677931461235858  
1  22 0.58442914491530473242164589464664  
2  30 0.21277486233971376616835868844646  49 0.58442914491530473242164589464664  
1  43 0.21277486233971376616835868844646  
1  34 0.89552480453460636677931461235858  
1  40 0.087723598656531565076477363618324  
1  39 0.087723598656531565076477363618324  
1  45 0.89552480453460636677931461235858  
1  29 0.58442914491530473242164589464664  
1  37 0.21277486233971376616835868844646  
0  
1  41 0.89552480453460636677931461235858  
1  47 0.087723598656531565076477363618324  
1  46 0.087723598656531565076477363618324  
0  
1  36 0.58442914491530473242164589464664  
