49 9 6

0.69223520872675026183173940808047 1.0366939347089696443759976318688 0.10000000000000008881784197001252 1.5412223180930602062232992466306 1.2946181334653776850984741031425 1.3087781321286122704350418644026 0.17866106391994418522983778530033 0.69223520872675026183173940808047 1.0366939347089696443759976318688 0.10000000000000008881784197001252 1.5412223180930602062232992466306 1.2946181334653776850984741031425 1.3087781321286122704350418644026 0.17866106391994418522983778530033 0.69223520872675026183173940808047 1.0366939347089696443759976318688 0.10000000000000008881784197001252 1.5412223180930602062232992466306 1.2946181334653776850984741031425 1.3087781321286122704350418644026 0.17866106391994418522983778530033 0.69223520872675026183173940808047 1.0366939347089696443759976318688 0.10000000000000008881784197001252 1.5412223180930602062232992466306 1.2946181334653776850984741031425 1.3087781321286122704350418644026 0.17866106391994418522983778530033 0.69223520872675026183173940808047 1.0366939347089696443759976318688 0.10000000000000008881784197001252 1.5412223180930602062232992466306 1.2946181334653776850984741031425 1.3087781321286122704350418644026 0.17866106391994418522983778530033 0.69223520872675026183173940808047 1.0366939347089696443759976318688 0.10000000000000008881784197001252 1.5412223180930602062232992466306 1.2946181334653776850984741031425 1.3087781321286122704350418644026 0.17866106391994418522983778530033 0.69223520872675026183173940808047 1.0366939347089696443759976318688 0.10000000000000008881784197001252 1.5412223180930602062232992466306 1.2946181334653776850984741031425 1.3087781321286122704350418644026 0.17866106391994418522983778530033 

1.758178312225826545045492821373 7.0676496908322992140938367811032 9.126018807448033953733101952821 -13.658467271169246970430322107859 -5.6426844376706695172174477193039 9.0372688554651166015219132532366 2.315754542665080961683088389691 1.758178312225826545045492821373 7.0676496908322992140938367811032 9.126018807448033953733101952821 -13.658467271169246970430322107859 -5.6426844376706695172174477193039 9.0372688554651166015219132532366 2.315754542665080961683088389691 1.758178312225826545045492821373 7.0676496908322992140938367811032 9.126018807448033953733101952821 -13.658467271169246970430322107859 -5.6426844376706695172174477193039 9.0372688554651166015219132532366 2.315754542665080961683088389691 1.758178312225826545045492821373 7.0676496908322992140938367811032 9.126018807448033953733101952821 -13.658467271169246970430322107859 -5.6426844376706695172174477193039 9.0372688554651166015219132532366 2.315754542665080961683088389691 1.758178312225826545045492821373 7.0676496908322992140938367811032 9.126018807448033953733101952821 -13.658467271169246970430322107859 -5.6426844376706695172174477193039 9.0372688554651166015219132532366 2.315754542665080961683088389691 1.758178312225826545045492821373 7.0676496908322992140938367811032 9.126018807448033953733101952821 -13.658467271169246970430322107859 -5.6426844376706695172174477193039 9.0372688554651166015219132532366 2.315754542665080961683088389691 1.758178312225826545045492821373 7.0676496908322992140938367811032 9.126018807448033953733101952821 -13.658467271169246970430322107859 -5.6426844376706695172174477193039 9.0372688554651166015219132532366 2.315754542665080961683088389691 

1 1 1 1 1 1 1 1 1 1 1 1 1 1 1 1 1 1 1 1 1 1 1 1 1 1 1 1 1 1 1 1 1 1 1 1 1 1 1 1 1 1 1 1 1 1 1 1 1 

-1.758178312225826545045492821373 -7.0676496908322992140938367811032 -9.126018807448033953733101952821 13.658467271169246970430322107859 5.6426844376706695172174477193039 -9.0372688554651166015219132532366 -2.315754542665080961683088389691 -1.758178312225826545045492821373 -7.0676496908322992140938367811032 -9.126018807448033953733101952821 13.658467271169246970430322107859 5.6426844376706695172174477193039 -9.0372688554651166015219132532366 -2.315754542665080961683088389691 -1.758178312225826545045492821373 -7.0676496908322992140938367811032 -9.126018807448033953733101952821 13.658467271169246970430322107859 5.6426844376706695172174477193039 -9.0372688554651166015219132532366 -2.315754542665080961683088389691 -1.758178312225826545045492821373 -7.0676496908322992140938367811032 -9.126018807448033953733101952821 13.658467271169246970430322107859 5.6426844376706695172174477193039 -9.0372688554651166015219132532366 -2.315754542665080961683088389691 -1.758178312225826545045492821373 -7.0676496908322992140938367811032 -9.126018807448033953733101952821 13.658467271169246970430322107859 5.6426844376706695172174477193039 -9.0372688554651166015219132532366 -2.315754542665080961683088389691 -1.758178312225826545045492821373 -7.0676496908322992140938367811032 -9.126018807448033953733101952821 13.658467271169246970430322107859 5.6426844376706695172174477193039 -9.0372688554651166015219132532366 -2.315754542665080961683088389691 -1.758178312225826545045492821373 -7.0676496908322992140938367811032 -9.126018807448033953733101952821 13.658467271169246970430322107859 5.6426844376706695172174477193039 -9.0372688554651166015219132532366 -2.315754542665080961683088389691 

2  1 9.6809231515155573788433684967458  3 -13.284663324849727672471999539994  
2  2 -0.13863501066075481493733434490423  1 -13.370647326132525378739046573173  
2  3 3.7547645172492853937740164838033  2 -14.880055712798304412558536569122  
5  4 -1.8161673897852377290718095537159  2 -1.9499631165865367599110413721064  6 9.8302158688827727672787659685127  7 4.7721014339871112852620171906892  14 12.02929425897717941040809819242  
2  5 -7.5138577573744615989426165469922  1 14.960926430100245809740044933278  
2  6 -9.4750084822789233385265106335282  5 -8.1330019820994863266605534590781  
2  7 -0.60020849032995271521429003769299  5 -6.7196798835645994429910388134886  
2  8 9.6809231515155573788433684967458  10 -13.284663324849727672471999539994  
2  9 -0.13863501066075481493733434490423  8 -13.370647326132525378739046573173  
2  10 3.7547645172492853937740164838033  9 -14.880055712798304412558536569122  
6  3 -14.934615973532601174156297929585  11 -1.8161673897852377290718095537159  9 -1.9499631165865367599110413721064  13 9.8302158688827727672787659685127  14 4.7721014339871112852620171906892  21 12.02929425897717941040809819242  
2  12 -7.5138577573744615989426165469922  8 14.960926430100245809740044933278  
2  13 -9.4750084822789233385265106335282  12 -8.1330019820994863266605534590781  
2  14 -0.60020849032995271521429003769299  12 -6.7196798835645994429910388134886  
2  15 9.6809231515155573788433684967458  17 -13.284663324849727672471999539994  
2  16 -0.13863501066075481493733434490423  15 -13.370647326132525378739046573173  
2  17 3.7547645172492853937740164838033  16 -14.880055712798304412558536569122  
6  10 -14.934615973532601174156297929585  18 -1.8161673897852377290718095537159  16 -1.9499631165865367599110413721064  20 9.8302158688827727672787659685127  21 4.7721014339871112852620171906892  28 12.02929425897717941040809819242  
2  19 -7.5138577573744615989426165469922  15 14.960926430100245809740044933278  
2  20 -9.4750084822789233385265106335282  19 -8.1330019820994863266605534590781  
2  21 -0.60020849032995271521429003769299  19 -6.7196798835645994429910388134886  
2  22 9.6809231515155573788433684967458  24 -13.284663324849727672471999539994  
2  23 -0.13863501066075481493733434490423  22 -13.370647326132525378739046573173  
2  24 3.7547645172492853937740164838033  23 -14.880055712798304412558536569122  
6  17 -14.934615973532601174156297929585  25 -1.8161673897852377290718095537159  23 -1.9499631165865367599110413721064  27 9.8302158688827727672787659685127  28 4.7721014339871112852620171906892  35 12.02929425897717941040809819242  
2  26 -7.5138577573744615989426165469922  22 14.960926430100245809740044933278  
2  27 -9.4750084822789233385265106335282  26 -8.1330019820994863266605534590781  
2  28 -0.60020849032995271521429003769299  26 -6.7196798835645994429910388134886  
2  29 9.6809231515155573788433684967458  31 -13.284663324849727672471999539994  
2  30 -0.13863501066075481493733434490423  29 -13.370647326132525378739046573173  
2  31 3.7547645172492853937740164838033  30 -14.880055712798304412558536569122  
6  24 -14.934615973532601174156297929585  32 -1.8161673897852377290718095537159  30 -1.9499631165865367599110413721064  34 9.8302158688827727672787659685127  35 4.7721014339871112852620171906892  42 12.02929425897717941040809819242  
2  33 -7.5138577573744615989426165469922  29 14.960926430100245809740044933278  
2  34 -9.4750084822789233385265106335282  33 -8.1330019820994863266605534590781  
2  35 -0.60020849032995271521429003769299  33 -6.7196798835645994429910388134886  
2  36 9.6809231515155573788433684967458  38 -13.284663324849727672471999539994  
2  37 -0.13863501066075481493733434490423  36 -13.370647326132525378739046573173  
2  38 3.7547645172492853937740164838033  37 -14.880055712798304412558536569122  
6  31 -14.934615973532601174156297929585  39 -1.8161673897852377290718095537159  37 -1.9499631165865367599110413721064  41 9.8302158688827727672787659685127  42 4.7721014339871112852620171906892  49 12.02929425897717941040809819242  
2  40 -7.5138577573744615989426165469922  36 14.960926430100245809740044933278  
2  41 -9.4750084822789233385265106335282  40 -8.1330019820994863266605534590781  
2  42 -0.60020849032995271521429003769299  40 -6.7196798835645994429910388134886  
2  43 9.6809231515155573788433684967458  45 -13.284663324849727672471999539994  
2  44 -0.13863501066075481493733434490423  43 -13.370647326132525378739046573173  
2  45 3.7547645172492853937740164838033  44 -14.880055712798304412558536569122  
5  38 -14.934615973532601174156297929585  46 -1.8161673897852377290718095537159  44 -1.9499631165865367599110413721064  48 9.8302158688827727672787659685127  49 4.7721014339871112852620171906892  
2  47 -7.5138577573744615989426165469922  43 14.960926430100245809740044933278  
2  48 -9.4750084822789233385265106335282  47 -8.1330019820994863266605534590781  
2  49 -0.60020849032995271521429003769299  47 -6.7196798835645994429910388134886  

1  14 0.80785262376466149270015648653498  
1  8 0.020426064631231199975047729822109  
0  
1  5 0.44430137732327923405506453491398  
1  4 0.44430137732327923405506453491398  
1  10 0.8385298813018832175814054608054  
0  
2  2 0.020426064631231199975047729822109  21 0.80785262376466149270015648653498  
1  15 0.020426064631231199975047729822109  
1  6 0.8385298813018832175814054608054  
1  12 0.44430137732327923405506453491398  
1  11 0.44430137732327923405506453491398  
1  17 0.8385298813018832175814054608054  
1  1 0.80785262376466149270015648653498  
2  9 0.020426064631231199975047729822109  28 0.80785262376466149270015648653498  
1  22 0.020426064631231199975047729822109  
1  13 0.8385298813018832175814054608054  
1  19 0.44430137732327923405506453491398  
1  18 0.44430137732327923405506453491398  
1  24 0.8385298813018832175814054608054  
1  8 0.80785262376466149270015648653498  
2  16 0.020426064631231199975047729822109  35 0.80785262376466149270015648653498  
1  29 0.020426064631231199975047729822109  
1  20 0.8385298813018832175814054608054  
1  26 0.44430137732327923405506453491398  
1  25 0.44430137732327923405506453491398  
1  31 0.8385298813018832175814054608054  
1  15 0.80785262376466149270015648653498  
2  23 0.020426064631231199975047729822109  42 0.80785262376466149270015648653498  
1  36 0.020426064631231199975047729822109  
1  27 0.8385298813018832175814054608054  
1  33 0.44430137732327923405506453491398  
1  32 0.44430137732327923405506453491398  
1  38 0.8385298813018832175814054608054  
1  22 0.80785262376466149270015648653498  
2  30 0.020426064631231199975047729822109  49 0.80785262376466149270015648653498  
1  43 0.020426064631231199975047729822109  
1  34 0.8385298813018832175814054608054  
1  40 0.44430137732327923405506453491398  
1  39 0.44430137732327923405506453491398  
1  45 0.8385298813018832175814054608054  
1  29 0.80785262376466149270015648653498  
1  37 0.020426064631231199975047729822109  
0  
1  41 0.8385298813018832175814054608054  
1  47 0.44430137732327923405506453491398  
1  46 0.44430137732327923405506453491398  
0  
1  36 0.80785262376466149270015648653498  
