49 9 6

0.72876456766730213221450185301364 0.17042704805524877542666217777878 0.19941832947832183187131249724189 0.8231017321101294914598156537977 0.27451986103062320232481852144701 0.62231397270999444515382492681965 0.10000000000000008881784197001252 0.72876456766730213221450185301364 0.17042704805524877542666217777878 0.19941832947832183187131249724189 0.8231017321101294914598156537977 0.27451986103062320232481852144701 0.62231397270999444515382492681965 0.10000000000000008881784197001252 0.72876456766730213221450185301364 0.17042704805524877542666217777878 0.19941832947832183187131249724189 0.8231017321101294914598156537977 0.27451986103062320232481852144701 0.62231397270999444515382492681965 0.10000000000000008881784197001252 0.72876456766730213221450185301364 0.17042704805524877542666217777878 0.19941832947832183187131249724189 0.8231017321101294914598156537977 0.27451986103062320232481852144701 0.62231397270999444515382492681965 0.10000000000000008881784197001252 0.72876456766730213221450185301364 0.17042704805524877542666217777878 0.19941832947832183187131249724189 0.8231017321101294914598156537977 0.27451986103062320232481852144701 0.62231397270999444515382492681965 0.10000000000000008881784197001252 0.72876456766730213221450185301364 0.17042704805524877542666217777878 0.19941832947832183187131249724189 0.8231017321101294914598156537977 0.27451986103062320232481852144701 0.62231397270999444515382492681965 0.10000000000000008881784197001252 0.72876456766730213221450185301364 0.17042704805524877542666217777878 0.19941832947832183187131249724189 0.8231017321101294914598156537977 0.27451986103062320232481852144701 0.62231397270999444515382492681965 0.10000000000000008881784197001252 

-0.73223152398168167565017938613892 -5.0192922167779796538411574147176 -4.4355784272768818965460013714619 5.3977012260124119791271368740126 -13.91502810784303356683722086018 0.50673207768539452189315852592699 -13.455085732506688600551569834352 -0.73223152398168167565017938613892 -5.0192922167779796538411574147176 -4.4355784272768818965460013714619 5.3977012260124119791271368740126 -13.91502810784303356683722086018 0.50673207768539452189315852592699 -13.455085732506688600551569834352 -0.73223152398168167565017938613892 -5.0192922167779796538411574147176 -4.4355784272768818965460013714619 5.3977012260124119791271368740126 -13.91502810784303356683722086018 0.50673207768539452189315852592699 -13.455085732506688600551569834352 -0.73223152398168167565017938613892 -5.0192922167779796538411574147176 -4.4355784272768818965460013714619 5.3977012260124119791271368740126 -13.91502810784303356683722086018 0.50673207768539452189315852592699 -13.455085732506688600551569834352 -0.73223152398168167565017938613892 -5.0192922167779796538411574147176 -4.4355784272768818965460013714619 5.3977012260124119791271368740126 -13.91502810784303356683722086018 0.50673207768539452189315852592699 -13.455085732506688600551569834352 -0.73223152398168167565017938613892 -5.0192922167779796538411574147176 -4.4355784272768818965460013714619 5.3977012260124119791271368740126 -13.91502810784303356683722086018 0.50673207768539452189315852592699 -13.455085732506688600551569834352 -0.73223152398168167565017938613892 -5.0192922167779796538411574147176 -4.4355784272768818965460013714619 5.3977012260124119791271368740126 -13.91502810784303356683722086018 0.50673207768539452189315852592699 -13.455085732506688600551569834352 

1 1 1 1 1 1 1 1 1 1 1 1 1 1 1 1 1 1 1 1 1 1 1 1 1 1 1 1 1 1 1 1 1 1 1 1 1 1 1 1 1 1 1 1 1 1 1 1 1 

0.73223152398168167565017938613892 5.0192922167779796538411574147176 4.4355784272768818965460013714619 -5.3977012260124119791271368740126 13.91502810784303356683722086018 -0.50673207768539452189315852592699 13.455085732506688600551569834352 0.73223152398168167565017938613892 5.0192922167779796538411574147176 4.4355784272768818965460013714619 -5.3977012260124119791271368740126 13.91502810784303356683722086018 -0.50673207768539452189315852592699 13.455085732506688600551569834352 0.73223152398168167565017938613892 5.0192922167779796538411574147176 4.4355784272768818965460013714619 -5.3977012260124119791271368740126 13.91502810784303356683722086018 -0.50673207768539452189315852592699 13.455085732506688600551569834352 0.73223152398168167565017938613892 5.0192922167779796538411574147176 4.4355784272768818965460013714619 -5.3977012260124119791271368740126 13.91502810784303356683722086018 -0.50673207768539452189315852592699 13.455085732506688600551569834352 0.73223152398168167565017938613892 5.0192922167779796538411574147176 4.4355784272768818965460013714619 -5.3977012260124119791271368740126 13.91502810784303356683722086018 -0.50673207768539452189315852592699 13.455085732506688600551569834352 0.73223152398168167565017938613892 5.0192922167779796538411574147176 4.4355784272768818965460013714619 -5.3977012260124119791271368740126 13.91502810784303356683722086018 -0.50673207768539452189315852592699 13.455085732506688600551569834352 0.73223152398168167565017938613892 5.0192922167779796538411574147176 4.4355784272768818965460013714619 -5.3977012260124119791271368740126 13.91502810784303356683722086018 -0.50673207768539452189315852592699 13.455085732506688600551569834352 

2  1 5.0397117443587919893843718455173  3 -14.58152001296196509372293803608  
2  2 11.437360030416959588706049544271  1 10.046191052390710751751612406224  
2  3 -5.7698659791146589270738331833854  2 14.103373076473527447660671896301  
5  4 4.0654413304844414511762806796469  2 -7.8271855740658216049610018671956  6 13.647384983672653291364440519828  7 -1.7586842305606924519167932885466  14 -6.4776563825235822235981686390005  
2  5 2.3257116583285752930976286734222  1 4.744957147557152588035478402162  
2  6 -9.8974432967660703752699191682041  5 3.0140530348436276320001070416765  
2  7 4.0219920436718394896047357178759  5 -0.66148386996019226113929789789836  
2  8 5.0397117443587919893843718455173  10 -14.58152001296196509372293803608  
2  9 11.437360030416959588706049544271  8 10.046191052390710751751612406224  
2  10 -5.7698659791146589270738331833854  9 14.103373076473527447660671896301  
6  3 -9.5685185866789144171207226463594  11 4.0654413304844414511762806796469  9 -7.8271855740658216049610018671956  13 13.647384983672653291364440519828  14 -1.7586842305606924519167932885466  21 -6.4776563825235822235981686390005  
2  12 2.3257116583285752930976286734222  8 4.744957147557152588035478402162  
2  13 -9.8974432967660703752699191682041  12 3.0140530348436276320001070416765  
2  14 4.0219920436718394896047357178759  12 -0.66148386996019226113929789789836  
2  15 5.0397117443587919893843718455173  17 -14.58152001296196509372293803608  
2  16 11.437360030416959588706049544271  15 10.046191052390710751751612406224  
2  17 -5.7698659791146589270738331833854  16 14.103373076473527447660671896301  
6  10 -9.5685185866789144171207226463594  18 4.0654413304844414511762806796469  16 -7.8271855740658216049610018671956  20 13.647384983672653291364440519828  21 -1.7586842305606924519167932885466  28 -6.4776563825235822235981686390005  
2  19 2.3257116583285752930976286734222  15 4.744957147557152588035478402162  
2  20 -9.8974432967660703752699191682041  19 3.0140530348436276320001070416765  
2  21 4.0219920436718394896047357178759  19 -0.66148386996019226113929789789836  
2  22 5.0397117443587919893843718455173  24 -14.58152001296196509372293803608  
2  23 11.437360030416959588706049544271  22 10.046191052390710751751612406224  
2  24 -5.7698659791146589270738331833854  23 14.103373076473527447660671896301  
6  17 -9.5685185866789144171207226463594  25 4.0654413304844414511762806796469  23 -7.8271855740658216049610018671956  27 13.647384983672653291364440519828  28 -1.7586842305606924519167932885466  35 -6.4776563825235822235981686390005  
2  26 2.3257116583285752930976286734222  22 4.744957147557152588035478402162  
2  27 -9.8974432967660703752699191682041  26 3.0140530348436276320001070416765  
2  28 4.0219920436718394896047357178759  26 -0.66148386996019226113929789789836  
2  29 5.0397117443587919893843718455173  31 -14.58152001296196509372293803608  
2  30 11.437360030416959588706049544271  29 10.046191052390710751751612406224  
2  31 -5.7698659791146589270738331833854  30 14.103373076473527447660671896301  
6  24 -9.5685185866789144171207226463594  32 4.0654413304844414511762806796469  30 -7.8271855740658216049610018671956  34 13.647384983672653291364440519828  35 -1.7586842305606924519167932885466  42 -6.4776563825235822235981686390005  
2  33 2.3257116583285752930976286734222  29 4.744957147557152588035478402162  
2  34 -9.8974432967660703752699191682041  33 3.0140530348436276320001070416765  
2  35 4.0219920436718394896047357178759  33 -0.66148386996019226113929789789836  
2  36 5.0397117443587919893843718455173  38 -14.58152001296196509372293803608  
2  37 11.437360030416959588706049544271  36 10.046191052390710751751612406224  
2  38 -5.7698659791146589270738331833854  37 14.103373076473527447660671896301  
6  31 -9.5685185866789144171207226463594  39 4.0654413304844414511762806796469  37 -7.8271855740658216049610018671956  41 13.647384983672653291364440519828  42 -1.7586842305606924519167932885466  49 -6.4776563825235822235981686390005  
2  40 2.3257116583285752930976286734222  36 4.744957147557152588035478402162  
2  41 -9.8974432967660703752699191682041  40 3.0140530348436276320001070416765  
2  42 4.0219920436718394896047357178759  40 -0.66148386996019226113929789789836  
2  43 5.0397117443587919893843718455173  45 -14.58152001296196509372293803608  
2  44 11.437360030416959588706049544271  43 10.046191052390710751751612406224  
2  45 -5.7698659791146589270738331833854  44 14.103373076473527447660671896301  
5  38 -9.5685185866789144171207226463594  46 4.0654413304844414511762806796469  44 -7.8271855740658216049610018671956  48 13.647384983672653291364440519828  49 -1.7586842305606924519167932885466  
2  47 2.3257116583285752930976286734222  43 4.744957147557152588035478402162  
2  48 -9.8974432967660703752699191682041  47 3.0140530348436276320001070416765  
2  49 4.0219920436718394896047357178759  47 -0.66148386996019226113929789789836  

1  14 1.7222630934138409841693828639109  
1  8 0.71882243862724926053431317996001  
0  
1  5 0.63236332640621251144352754636202  
1  4 0.63236332640621251144352754636202  
1  10 0.9504444394632859394178581169399  
0  
2  2 0.71882243862724926053431317996001  21 1.7222630934138409841693828639109  
1  15 0.71882243862724926053431317996001  
1  6 0.9504444394632859394178581169399  
1  12 0.63236332640621251144352754636202  
1  11 0.63236332640621251144352754636202  
1  17 0.9504444394632859394178581169399  
1  1 1.7222630934138409841693828639109  
2  9 0.71882243862724926053431317996001  28 1.7222630934138409841693828639109  
1  22 0.71882243862724926053431317996001  
1  13 0.9504444394632859394178581169399  
1  19 0.63236332640621251144352754636202  
1  18 0.63236332640621251144352754636202  
1  24 0.9504444394632859394178581169399  
1  8 1.7222630934138409841693828639109  
2  16 0.71882243862724926053431317996001  35 1.7222630934138409841693828639109  
1  29 0.71882243862724926053431317996001  
1  20 0.9504444394632859394178581169399  
1  26 0.63236332640621251144352754636202  
1  25 0.63236332640621251144352754636202  
1  31 0.9504444394632859394178581169399  
1  15 1.7222630934138409841693828639109  
2  23 0.71882243862724926053431317996001  42 1.7222630934138409841693828639109  
1  36 0.71882243862724926053431317996001  
1  27 0.9504444394632859394178581169399  
1  33 0.63236332640621251144352754636202  
1  32 0.63236332640621251144352754636202  
1  38 0.9504444394632859394178581169399  
1  22 1.7222630934138409841693828639109  
2  30 0.71882243862724926053431317996001  49 1.7222630934138409841693828639109  
1  43 0.71882243862724926053431317996001  
1  34 0.9504444394632859394178581169399  
1  40 0.63236332640621251144352754636202  
1  39 0.63236332640621251144352754636202  
1  45 0.9504444394632859394178581169399  
1  29 1.7222630934138409841693828639109  
1  37 0.71882243862724926053431317996001  
0  
1  41 0.9504444394632859394178581169399  
1  47 0.63236332640621251144352754636202  
1  46 0.63236332640621251144352754636202  
0  
1  36 1.7222630934138409841693828639109  
