50.005 0
50.055 0.000117845
50.105 0.000116212
50.155 0.000118942
50.205 0.000121679
50.255 0.000121082
50.305 0.000116821
50.355 0.000109986
50.405 0.000103262
50.455 9.9078e-05
50.505 9.82989e-05
50.555 0.000101199
50.605 0.000107068
50.655 0.000113319
50.705 0.000116485
50.755 0.000113391
50.805 0.000105691
50.855 9.69398e-05
50.905 9.2642e-05
50.955 9.76982e-05
51.005 0.000113424
51.055 0.000126138
51.105 0.000128686
51.155 0.000136452
51.205 0.000143901
51.255 0.000145809
51.305 0.000140219
51.355 0.00012849
51.405 0.000112344
51.455 8.70299e-05
51.505 6.69671e-05
51.555 5.25367e-05
51.605 4.55606e-05
51.655 4.35944e-05
51.705 4.4486e-05
51.755 4.65428e-05
51.805 4.87506e-05
51.855 5.06114e-05
51.905 5.33427e-05
51.955 5.84381e-05
52.005 6.49972e-05
52.055 6.974e-05
52.105 7.14452e-05
52.155 7.1446e-05
52.205 7.07524e-05
52.255 7.0349e-05
52.305 7.04352e-05
52.355 7.24618e-05
52.405 7.51843e-05
52.455 7.52799e-05
52.505 7.21514e-05
52.555 6.75537e-05
52.605 6.34924e-05
52.655 6.15591e-05
52.705 6.30692e-05
52.755 6.91882e-05
52.805 7.9799e-05
52.855 8.9933e-05
52.905 9.39955e-05
52.955 9.29173e-05
53.005 8.78376e-05
53.055 8.10316e-05
53.105 7.51632e-05
53.155 7.37408e-05
53.205 8.07263e-05
53.255 9.41062e-05
53.305 9.55547e-05
53.355 8.85161e-05
53.405 8.43905e-05
53.455 8.18945e-05
53.505 7.96852e-05
53.555 7.74885e-05
53.605 7.55777e-05
53.655 6.86351e-05
53.705 5.41131e-05
53.755 4.1099e-05
53.805 3.1195e-05
53.855 2.46593e-05
53.905 2.08169e-05
53.955 1.93316e-05
54.005 2.02106e-05
54.055 2.52578e-05
54.105 3.52792e-05
54.155 4.77663e-05
54.205 5.28062e-05
54.255 5.7985e-05
54.305 6.24457e-05
54.355 6.79527e-05
54.405 7.48555e-05
54.455 8.18259e-05
54.505 8.65815e-05
54.555 8.68826e-05
54.605 8.31499e-05
54.655 7.6672e-05
54.705 6.90618e-05
54.755 6.21266e-05
54.805 5.75825e-05
54.855 5.70222e-05
54.905 6.17903e-05
54.955 7.14275e-05
55.005 8.1007e-05
55.055 8.43051e-05
55.105 7.77513e-05
55.155 6.59771e-05
55.205 5.30082e-05
55.255 4.17481e-05
55.305 3.3582e-05
55.355 2.99429e-05
55.405 3.33154e-05
55.455 4.66432e-05
55.505 6.67114e-05
55.555 7.48241e-05
55.605 8.06466e-05
55.655 8.66872e-05
55.705 9.15679e-05
55.755 9.45621e-05
55.805 9.48711e-05
55.855 9.25362e-05
55.905 8.2042e-05
55.955 6.55269e-05
56.005 5.08906e-05
56.055 3.90561e-05
56.105 3.09772e-05
56.155 2.69328e-05
56.205 2.79296e-05
56.255 3.61813e-05
56.305 4.90807e-05
56.355 6.02893e-05
56.405 6.57008e-05
56.455 6.98679e-05
56.505 7.66171e-05
56.555 8.22124e-05
56.605 8.52537e-05
56.655 8.45932e-05
56.705 8.16641e-05
56.755 7.63565e-05
56.805 6.82256e-05
56.855 5.97523e-05
56.905 5.20592e-05
56.955 4.62352e-05
57.005 4.35007e-05
57.055 4.42723e-05
57.105 4.69678e-05
57.155 4.96397e-05
57.205 4.91924e-05
57.255 4.26509e-05
57.305 3.27391e-05
57.355 2.69353e-05
57.405 2.38928e-05
57.455 2.32171e-05
57.505 2.45356e-05
57.555 2.7814e-05
57.605 3.34302e-05
57.655 4.34309e-05
57.705 5.93435e-05
57.755 7.44425e-05
57.805 7.50453e-05
57.855 7.66973e-05
57.905 7.97933e-05
57.955 8.28398e-05
58.005 8.41673e-05
58.055 8.30281e-05
58.105 7.82239e-05
58.155 5.93078e-05
58.205 3.49168e-05
58.255 1.3203e-05
58.305 2.19908e-06
58.355 8.8262e-06
58.405 8.21103e-06
58.455 6.48788e-06
58.505 2.04801e-05
58.555 3.65266e-05
58.605 4.90419e-05
58.655 5.47962e-05
58.705 6.23343e-05
58.755 6.97916e-05
58.805 7.54179e-05
58.855 7.72769e-05
58.905 7.69289e-05
58.955 7.44292e-05
59.005 6.85223e-05
59.055 5.81707e-05
59.105 4.67792e-05
59.155 3.82002e-05
59.205 3.57182e-05
59.255 3.92551e-05
59.305 4.39099e-05
59.355 4.37132e-05
59.405 3.89634e-05
59.455 3.55593e-05
59.505 3.35675e-05
59.555 3.25782e-05
59.605 3.53358e-05
59.655 3.6865e-05
59.705 3.88655e-05
59.755 4.12587e-05
59.805 4.38149e-05
59.855 4.7422e-05
59.905 5.5641e-05
59.955 6.79038e-05
60.005 8.12815e-05
60.055 7.96939e-05
60.105 8.15067e-05
60.155 8.26126e-05
60.205 8.04465e-05
60.255 7.41071e-05
60.305 6.7087e-05
60.355 6.16688e-05
60.405 4.69549e-05
60.455 3.4175e-05
60.505 2.37797e-05
60.555 1.65914e-05
60.605 1.42763e-05
60.655 1.9364e-05
60.705 3.35349e-05
60.755 5.30753e-05
60.805 7.05344e-05
60.855 8.27291e-05
60.905 8.6185e-05
60.955 9.1413e-05
61.005 9.44101e-05
61.055 9.24776e-05
61.105 8.40391e-05
61.155 7.27771e-05
61.205 6.23958e-05
61.255 5.46455e-05
61.305 5.02334e-05
61.355 5.08089e-05
61.405 5.5933e-05
61.455 6.135e-05
61.505 6.25286e-05
61.555 6.01658e-05
61.605 5.70919e-05
61.655 5.50429e-05
61.705 5.53053e-05
61.755 5.94433e-05
61.805 6.24216e-05
61.855 6.42484e-05
61.905 6.54241e-05
61.955 6.52214e-05
62.005 6.37328e-05
62.055 6.28759e-05
62.105 6.58761e-05
62.155 7.52458e-05
62.205 8.98353e-05
62.255 9.91417e-05
62.305 9.04525e-05
62.355 8.4148e-05
62.405 8.21351e-05
62.455 8.10489e-05
62.505 7.99932e-05
62.555 7.89729e-05
62.605 7.45561e-05
62.655 5.9357e-05
62.705 4.55285e-05
62.755 3.36055e-05
62.805 2.52792e-05
62.855 2.32235e-05
62.905 3.09311e-05
62.955 4.89368e-05
63.005 7.03978e-05
63.055 8.70653e-05
63.105 9.2031e-05
63.155 8.8908e-05
63.205 8.45688e-05
63.255 7.97111e-05
63.305 7.59279e-05
63.355 7.14942e-05
63.405 6.79185e-05
63.455 6.57245e-05
63.505 6.58151e-05
63.555 6.95411e-05
63.605 7.51206e-05
63.655 7.76932e-05
63.705 7.61423e-05
63.755 7.19197e-05
63.805 6.76125e-05
63.855 6.38729e-05
63.905 6.47028e-05
63.955 6.62462e-05
64.005 6.59436e-05
64.055 6.22145e-05
64.105 5.76313e-05
64.155 5.34693e-05
64.205 5.14902e-05
64.255 5.3283e-05
64.305 5.93053e-05
64.355 6.79143e-05
64.405 7.60286e-05
64.455 8.47938e-05
64.505 8.70886e-05
64.555 8.38424e-05
64.605 8.45304e-05
64.655 8.93244e-05
64.705 9.26533e-05
64.755 9.34871e-05
64.805 9.09898e-05
64.855 8.01335e-05
64.905 6.0498e-05
64.955 4.19766e-05
65.005 2.74245e-05
65.055 2.02934e-05
65.105 2.373e-05
65.155 3.86467e-05
65.205 6.00066e-05
65.255 7.741e-05
65.305 8.5986e-05
65.355 8.44404e-05
65.405 8.16039e-05
65.455 8.06163e-05
65.505 7.91513e-05
65.555 7.79593e-05
65.605 7.64421e-05
65.655 7.63785e-05
65.705 7.91312e-05
65.755 8.442e-05
65.805 8.98937e-05
65.855 9.17328e-05
65.905 8.9826e-05
65.955 8.44547e-05
66.005 7.71446e-05
66.055 6.98872e-05
66.105 6.52777e-05
66.155 6.40403e-05
66.205 6.57049e-05
66.255 6.44858e-05
66.305 6.2025e-05
66.355 6.29775e-05
66.405 6.84535e-05
66.455 7.68887e-05
66.505 8.34783e-05
66.555 8.58816e-05
66.605 8.79969e-05
66.655 9.52411e-05
66.705 0.000105117
66.755 0.000105254
66.805 0.000107551
66.855 0.000111367
66.905 0.000113722
66.955 0.000112398
67.005 0.000106688
67.055 9.74524e-05
67.105 7.85954e-05
67.155 5.76883e-05
67.205 4.08951e-05
67.255 2.98614e-05
67.305 2.64495e-05
67.355 3.30843e-05
67.405 5.23208e-05
67.455 7.54536e-05
67.505 9.25812e-05
67.555 0.00010207
67.605 9.89149e-05
67.655 9.62283e-05
67.705 9.30941e-05
67.755 9.0703e-05
67.805 8.92945e-05
67.855 8.9954e-05
67.905 9.49438e-05
67.955 0.000104558
68.005 0.000113301
68.055 0.000116506
68.105 0.000111981
68.155 0.000100803
68.205 8.78822e-05
68.255 7.76798e-05
68.305 7.16791e-05
68.355 7.04904e-05
68.405 7.33125e-05
68.455 7.81483e-05
68.505 8.16345e-05
68.555 8.69244e-05
68.605 9.51835e-05
68.655 0.000101342
68.705 0.000101399
68.755 9.71581e-05
68.805 9.36531e-05
68.855 9.42566e-05
68.905 0.000104432
68.955 0.000119798
69.005 0.000117568
69.055 0.000116842
69.105 0.000114146
69.155 0.000109164
69.205 0.000102625
69.255 9.58044e-05
69.305 8.93455e-05
69.355 7.27042e-05
69.405 5.68832e-05
69.455 4.42212e-05
69.505 3.80137e-05
69.555 3.88474e-05
69.605 4.80264e-05
69.655 6.89704e-05
69.705 9.13558e-05
69.755 0.000106858
69.805 0.000111543
69.855 0.000105893
69.905 0.000101089
69.955 9.6773e-05
70.005 9.51708e-05
70.055 9.60483e-05
70.105 0.000101205
70.155 0.0001105
70.205 0.000118782
70.255 0.000120578
70.305 0.000113738
70.355 0.000100453
70.405 8.4178e-05
70.455 7.14584e-05
70.505 6.33647e-05
70.555 6.07011e-05
70.605 6.34554e-05
70.655 7.10954e-05
70.705 8.14588e-05
70.755 9.21153e-05
70.805 0.000102385
70.855 0.000107968
70.905 0.000107669
70.955 0.00010378
71.005 9.90192e-05
71.055 9.65639e-05
71.105 0.000102314
71.155 0.000115511
71.205 0.000126502
71.255 0.000121331
71.305 0.000117581
71.355 0.000112721
71.405 0.000107516
71.455 0.000102087
71.505 9.52126e-05
71.555 8.46552e-05
71.605 6.50798e-05
71.655 5.14611e-05
71.705 4.15737e-05
71.755 3.89423e-05
71.805 4.55887e-05
71.855 6.09002e-05
71.905 8.3363e-05
71.955 0.000104821
72.005 0.000117261
72.055 0.000116818
72.105 0.00010991
72.155 0.000104448
72.205 0.000101206
72.255 0.000101591
72.305 0.000105209
72.355 0.000114702
72.405 0.000126787
72.455 0.000132039
72.505 0.000128325
72.555 0.000116949
72.605 0.000102562
72.655 8.81126e-05
72.705 7.77385e-05
72.755 7.34233e-05
72.805 7.57354e-05
72.855 8.46953e-05
72.905 9.99598e-05
72.955 0.000116567
73.005 0.000128308
73.055 0.000133461
73.105 0.000132257
73.155 0.000126117
73.205 0.00011722
73.255 0.00010936
73.305 0.000106947
73.355 0.000112621
73.405 0.000125985
73.455 0.000130823
73.505 0.000127977
73.555 0.000126305
73.605 0.000123772
73.655 0.00011855
73.705 0.000110297
73.755 0.000100692
73.805 8.7559e-05
73.855 7.00563e-05
73.905 5.86302e-05
73.955 5.48718e-05
74.005 5.71669e-05
74.055 6.66857e-05
74.105 8.422e-05
74.155 0.000106714
74.205 0.000125332
74.255 0.000133509
74.305 0.000127976
74.355 0.000118714
74.405 0.000111061
74.455 0.000107628
74.505 0.000110314
74.555 0.000119085
74.605 0.000131096
74.655 0.000140478
74.705 0.000141132
74.755 0.000132977
74.805 0.000118653
74.855 0.000102554
74.905 8.92118e-05
74.955 8.14506e-05
75.005 8.07061e-05
75.055 8.79949e-05
75.105 0.000103858
75.155 0.000125879
75.205 0.000141479
75.255 0.000145275
75.305 0.000139931
75.355 0.00012799
75.405 0.000113599
75.455 0.000101488
75.505 9.47877e-05
75.555 9.61954e-05
75.605 0.000107669
75.655 0.00012566
75.705 0.000130955
75.755 0.000134462
75.805 0.00013582
75.855 0.000131643
75.905 0.00012245
75.955 0.00011117
76.005 9.95766e-05
76.055 8.16452e-05
76.105 6.82956e-05
76.155 6.02083e-05
76.205 5.78086e-05
76.255 6.13411e-05
76.305 7.20215e-05
76.355 9.12088e-05
76.405 0.000114617
76.455 0.000130904
76.505 0.000132628
76.555 0.000119488
76.605 0.000107381
76.655 0.000100197
76.705 9.88524e-05
76.755 0.000103176
76.805 0.000115063
76.855 0.000127976
76.905 0.000135003
76.955 0.00013285
77.005 0.000123525
77.055 0.000109757
77.105 9.59081e-05
77.155 8.61589e-05
77.205 8.3423e-05
77.255 8.9711e-05
77.305 0.000106155
77.355 0.000130733
77.405 0.000153314
77.455 0.000158648
77.505 0.000149086
77.555 0.00013201
77.605 0.000113276
77.655 9.80924e-05
77.705 8.90341e-05
77.755 8.77417e-05
77.805 9.58314e-05
77.855 0.000114186
77.905 0.00013709
77.955 0.000140148
78.005 0.000141144
78.055 0.000135975
78.105 0.000126145
78.155 0.000114554
78.205 0.000102835
78.255 9.38898e-05
78.305 7.87787e-05
78.355 6.82781e-05
78.405 6.23524e-05
78.455 6.10991e-05
78.505 6.57361e-05
78.555 7.85778e-05
78.605 9.98603e-05
78.655 0.000121932
78.705 0.00013443
78.755 0.00013456
78.805 0.000122921
78.855 0.000114134
78.905 0.000110614
78.955 0.000112853
79.005 0.000122533
79.055 0.000135648
79.105 0.000144782
79.155 0.000144221
79.205 0.000134071
79.255 0.000118111
79.305 0.000101027
79.355 8.76295e-05
79.405 8.12495e-05
79.455 8.39743e-05
79.505 9.72474e-05
79.555 0.000120634
79.605 0.000147335
79.655 0.000163263
79.705 0.000160415
79.755 0.000146177
79.805 0.000127551
79.855 0.000110369
79.905 9.8618e-05
79.955 9.40741e-05
80.005 9.84669e-05
80.055 0.000113282
80.105 0.000137897
80.155 0.000157889
80.205 0.000156024
80.255 0.000149915
80.305 0.000139279
80.355 0.000126821
80.405 0.00011369
80.455 0.000103972
80.505 9.49946e-05
80.555 8.08356e-05
80.605 7.16388e-05
80.655 6.65822e-05
80.705 6.63257e-05
80.755 7.26561e-05
80.805 8.74733e-05
80.855 0.000108816
80.905 0.000127892
80.955 0.000136845
81.005 0.000133015
81.055 0.000121804
81.105 0.000114364
81.155 0.00011377
81.205 0.000121613
81.255 0.000134071
81.305 0.000147359
81.355 0.000153353
81.405 0.000148531
81.455 0.000135025
81.505 0.000117404
81.555 0.000101276
81.605 9.12763e-05
81.655 9.01152e-05
81.705 9.93867e-05
81.755 0.000119522
81.805 0.000146354
81.855 0.000168408
81.905 0.000173074
81.955 0.000160695
82.005 0.000141494
82.055 0.000122705
82.105 0.000108859
82.155 0.000101925
82.205 0.000103091
82.255 0.000113856
82.305 0.000134968
82.355 0.000161898
82.405 0.000171557
82.455 0.000164513
82.505 0.000152763
82.555 0.000138609
82.605 0.000124217
82.655 0.000113509
82.705 0.000105807
82.755 9.62807e-05
82.805 8.51201e-05
82.855 7.86135e-05
82.905 7.69549e-05
82.955 8.00802e-05
83.005 8.74248e-05
83.055 0.000100024
83.105 0.00011633
83.155 0.000128626
83.205 0.000131024
83.255 0.000122937
83.305 0.000114631
83.355 0.000111744
83.405 0.00011563
83.455 0.000126578
83.505 0.000141806
83.555 0.000154905
83.605 0.000159679
83.655 0.000153697
83.705 0.000139799
83.755 0.000123029
83.805 0.000108993
83.855 0.000101518
83.905 0.00010256
83.955 0.000113296
84.005 0.00013248
84.055 0.000152237
84.105 0.000161804
84.155 0.000154138
84.205 0.00013603
84.255 0.00011742
84.305 0.0001032
84.355 9.50757e-05
84.405 9.39191e-05
84.455 0.000100462
84.505 0.000115989
84.555 0.000139716
84.605 0.000162993
84.655 0.000161133
84.705 0.000150653
84.755 0.000137526
84.805 0.000124332
84.855 0.00011416
84.905 0.000107407
84.955 0.000104221
85.005 9.63018e-05
85.055 8.87584e-05
85.105 8.38315e-05
85.155 8.04696e-05
85.205 7.95598e-05
85.255 8.39754e-05
85.305 9.6902e-05
85.355 0.000114539
85.405 0.000126505
85.455 0.00012662
85.505 0.000116028
85.555 0.000107075
85.605 0.000104601
85.655 0.000109712
85.705 0.000121421
85.755 0.00013506
85.805 0.000143407
85.855 0.000143085
85.905 0.000134481
85.955 0.000121837
86.005 0.000109356
86.055 0.000100858
86.105 9.89466e-05
86.155 0.000105736
86.205 0.000122502
86.255 0.000145606
86.305 0.000164335
86.355 0.000169365
86.405 0.000155755
86.455 0.000134755
86.505 0.000115488
86.555 0.000101774
86.605 9.51026e-05
86.655 9.64694e-05
86.705 0.000106686
86.755 0.00012541
86.805 0.000148582
86.855 0.000166679
86.905 0.000154875
86.955 0.000142217
87.005 0.000129114
87.055 0.000118502
87.105 0.000111283
87.155 0.000107569
87.205 0.000106512
87.255 9.68656e-05
87.305 8.93404e-05
87.355 8.40001e-05
87.405 8.06656e-05
87.455 8.06068e-05
87.505 8.69922e-05
87.555 0.000101909
87.605 0.000119869
87.655 0.000131224
87.705 0.000131776
87.755 0.000124396
87.805 0.000119682
87.855 0.000121663
87.905 0.000130794
87.955 0.000144344
88.005 0.000156062
88.055 0.000159354
88.105 0.000152639
88.155 0.000138531
88.205 0.000122612
88.255 0.000110007
88.305 0.000104218
88.355 0.000107239
88.405 0.00012043
88.455 0.000142909
88.505 0.000166936
88.555 0.000180911
88.605 0.000177559
88.655 0.000157806
88.705 0.000134625
88.755 0.000116783
88.805 0.000106841
88.855 0.00010557
88.905 0.000112846
88.955 0.000128012
89.005 0.000148156
89.055 0.000168514
89.105 0.000176078
89.155 0.000161096
89.205 0.000147091
89.255 0.000134795
89.305 0.00012589
89.355 0.000120467
89.405 0.000117888
89.455 0.00011493
89.505 0.000104258
89.555 9.60686e-05
89.605 8.91075e-05
89.655 8.39497e-05
89.705 8.35549e-05
89.755 9.15017e-05
89.805 0.00010723
89.855 0.000123675
89.905 0.0001346
89.955 0.000136086
90.005 0.00013051
90.055 0.000128153
90.105 0.000132938
90.155 0.000144551
90.205 0.000157639
90.255 0.000165608
90.305 0.000163861
90.355 0.000152496
90.405 0.00013582
90.455 0.000119252
90.505 0.000106997
90.555 0.000101763
90.605 0.000105469
90.655 0.000119254
90.705 0.000140247
90.755 0.000158739
90.805 0.000165711
90.855 0.000157244
90.905 0.000138294
90.955 0.000120193
91.005 0.000108015
91.055 0.000103486
91.105 0.00010708
91.155 0.000118479
91.205 0.000135644
91.255 0.000154272
91.305 0.000170485
91.355 0.000167466
91.405 0.000152226
91.455 0.000138864
91.505 0.000129019
91.555 0.000123328
91.605 0.000121383
91.655 0.000122267
91.705 0.00011887
91.755 0.000108344
91.805 9.66546e-05
91.855 8.52117e-05
91.905 7.67092e-05
91.955 7.55745e-05
92.005 8.33395e-05
92.055 9.75197e-05
92.105 0.000111204
92.155 0.000118613
92.205 0.000118834
92.255 0.000117326
92.305 0.000120067
92.355 0.000129346
92.405 0.000143812
92.455 0.000157205
92.505 0.000164084
92.555 0.000162218
92.605 0.000151829
92.655 0.000137255
92.705 0.000122779
92.755 0.000111703
92.805 0.00010676
92.855 0.00011091
92.905 0.000125076
92.955 0.000143573
93.005 0.000156093
93.055 0.000156762
93.105 0.000143536
93.155 0.000124113
93.205 0.000108783
93.255 0.000100477
93.305 0.000100146
93.355 0.000107712
93.405 0.000121634
93.455 0.000138194
93.505 0.000154459
93.555 0.000167225
93.605 0.000156291
93.655 0.000141394
93.705 0.000129085
93.755 0.000120868
93.805 0.000117074
93.855 0.000117139
93.905 0.000119785
93.955 0.000114443
94.005 0.000104454
94.055 9.3442e-05
94.105 8.34044e-05
94.155 7.82166e-05
94.205 8.08166e-05
94.255 9.24543e-05
94.305 0.000109211
94.355 0.000123323
94.405 0.000128688
94.455 0.000124025
94.505 0.000118648
94.555 0.00011955
94.605 0.000128639
94.655 0.000141595
94.705 0.000151433
94.755 0.000153996
94.805 0.000148576
94.855 0.000136577
94.905 0.000122887
94.955 0.000111348
95.005 0.000104947
95.055 0.000106224
95.105 0.000117379
95.155 0.000137224
95.205 0.000157431
95.255 0.000168244
95.305 0.000165504
95.355 0.000147837
95.405 0.000127285
95.455 0.000113232
95.505 0.000107638
95.555 0.000110708
95.605 0.00012111
95.655 0.000134991
95.705 0.000148392
95.755 0.000161008
95.805 0.000169367
95.855 0.000150171
95.905 0.000135032
95.955 0.000124179
96.005 0.000118182
96.055 0.000116365
96.105 0.000117467
96.155 0.000119903
96.205 0.000111142
96.255 0.000101352
96.305 9.107e-05
96.355 8.25427e-05
96.405 7.91711e-05
96.455 8.37933e-05
96.505 9.71747e-05
96.555 0.000114054
96.605 0.00012808
96.655 0.000133635
96.705 0.00013039
96.755 0.000128701
96.805 0.000134747
96.855 0.000147666
96.905 0.000160205
96.955 0.000166407
97.005 0.000163546
97.055 0.000152398
97.105 0.000136985
97.155 0.00012284
97.205 0.000113427
97.255 0.000110933
97.305 0.000117323
97.355 0.00013372
97.405 0.000156074
97.455 0.000174332
97.505 0.000180521
97.555 0.000172286
97.605 0.000151828
97.655 0.000132355
97.705 0.00012079
97.755 0.000118589
97.805 0.000125278
97.855 0.000137721
97.905 0.000150434
97.955 0.000161408
98.005 0.000171678
98.055 0.00017164
98.105 0.000152068
98.155 0.000138187
98.205 0.000129297
98.255 0.000125425
98.305 0.000125861
98.355 0.000129202
98.405 0.0001304
98.455 0.000118448
98.505 0.000104948
98.555 9.21043e-05
98.605 8.28114e-05
98.655 7.97207e-05
98.705 8.49939e-05
98.755 9.87251e-05
98.805 0.000115602
98.855 0.000128976
98.905 0.000136565
98.955 0.000137653
99.005 0.000140974
99.055 0.000151579
99.105 0.00016567
99.155 0.000175273
99.205 0.000176829
99.255 0.000168726
99.305 0.000152621
99.355 0.000133839
99.405 0.000117444
99.455 0.000106593
99.505 0.000103606
99.555 0.000110523
99.605 0.000126992
99.655 0.000146339
99.705 0.00015898
99.755 0.000159918
99.805 0.000148537
99.855 0.000130125
99.905 0.000115495
99.955 0.0001089
100.005 0.000111102
100.055 0.000120868
100.105 0.000133656
100.155 0.00014453
100.205 0.00015404
100.255 0.000163072
100.305 0.000156138
100.355 0.000140283
100.405 0.000129707
100.455 0.000124601
100.505 0.000124865
100.555 0.000129212
100.605 0.000133995
100.655 0.000129589
100.705 0.000114494
100.755 9.779e-05
100.805 8.34631e-05
100.855 7.38104e-05
100.905 7.07762e-05
100.955 7.59456e-05
101.005 8.84466e-05
101.055 0.000101991
101.105 0.000110841
101.155 0.000113976
101.205 0.000115651
101.255 0.000123273
101.305 0.000138636
101.355 0.000154471
101.405 0.000164612
101.455 0.000166842
101.505 0.000160203
101.555 0.000146359
101.605 0.000130772
101.655 0.000117714
101.705 0.000110258
101.755 0.000111016
101.805 0.000121649
101.855 0.000139111
101.905 0.000154289
101.955 0.0001598
102.005 0.000153973
102.055 0.000137716
102.105 0.000119007
102.155 0.000107277
102.205 0.000104771
102.255 0.000110977
102.305 0.000122757
102.355 0.000134055
102.405 0.000142402
102.455 0.000150695
102.505 0.000158407
102.555 0.000145929
102.605 0.000132805
102.655 0.000124996
102.705 0.000122273
102.755 0.000123867
102.805 0.000128347
102.855 0.000132825
102.905 0.000125314
102.955 0.000110731
103.005 9.55909e-05
103.055 8.34747e-05
103.105 7.69898e-05
103.155 7.78282e-05
103.205 8.69803e-05
103.255 0.000104053
103.305 0.000120122
103.355 0.000129434
103.405 0.000131301
103.455 0.000132947
103.505 0.000141002
103.555 0.000154101
103.605 0.000163646
103.655 0.000166379
103.705 0.000161568
103.755 0.000150458
103.805 0.000135958
103.855 0.000122839
103.905 0.000113673
103.955 0.000110754
104.005 0.000116662
104.055 0.000132297
104.105 0.000152348
104.155 0.000167573
104.205 0.000171587
104.255 0.000163051
104.305 0.000144026
104.355 0.000125768
104.405 0.000116984
104.455 0.000118619
104.505 0.000128343
104.555 0.000140246
104.605 0.00014852
104.655 0.000154292
104.705 0.000161483
104.755 0.000167462
104.805 0.000149081
104.855 0.000136715
104.905 0.00012956
104.955 0.000127057
105.005 0.000128111
105.055 0.000131048
105.105 0.000133093
105.155 0.000120332
105.205 0.000104861
105.255 9.04562e-05
105.305 7.99078e-05
105.355 7.52048e-05
105.405 7.7985e-05
105.455 9.05361e-05
105.505 0.000109616
105.555 0.000126852
105.605 0.000137474
105.655 0.000141483
105.705 0.000146665
105.755 0.000156748
105.805 0.000167339
105.855 0.000171551
105.905 0.000168153
105.955 0.000157438
106.005 0.000142384
106.055 0.000127114
106.105 0.000115397
106.155 0.000109301
106.205 0.000111027
106.255 0.0001226
106.305 0.000142065
106.355 0.000161203
106.405 0.000171882
106.455 0.000170332
106.505 0.000157933
106.555 0.000139429
106.605 0.000125439
106.655 0.000121898
106.705 0.000128339
106.755 0.000140439
106.805 0.000150586
106.855 0.000155277
106.905 0.000158477
106.955 0.000163748
107.005 0.000163336
107.055 0.00014502
107.105 0.000135267
107.155 0.00013166
107.205 0.000133528
107.255 0.000138615
107.305 0.000141854
107.355 0.000137603
107.405 0.000117752
107.455 9.86293e-05
107.505 8.37269e-05
107.555 7.43658e-05
107.605 7.18232e-05
107.655 7.69976e-05
107.705 9.05223e-05
107.755 0.000108698
107.805 0.000124675
107.855 0.000135867
107.905 0.000143909
107.955 0.000153956
108.005 0.000166427
108.055 0.000177139
108.105 0.000179845
108.155 0.000173292
108.205 0.000158861
108.255 0.000140787
108.305 0.000124049
108.355 0.000111817
108.405 0.000106244
108.455 0.000109727
108.505 0.000122752
108.555 0.000139924
108.605 0.000153129
108.655 0.000157156
108.705 0.000150642
108.755 0.000137874
108.805 0.000123207
108.855 0.000115328
108.905 0.000117032
108.955 0.000125807
109.005 0.000135247
109.055 0.000139236
109.105 0.000138867
109.155 0.00014041
109.205 0.000145907
109.255 0.000141059
109.305 0.000129547
109.355 0.000125721
109.405 0.000128101
109.455 0.000135103
109.505 0.000142583
109.555 0.000145426
109.605 0.000136921
109.655 0.000115734
109.705 9.65471e-05
109.755 8.10846e-05
109.805 7.04914e-05
109.855 6.55356e-05
109.905 6.90405e-05
109.955 8.0168e-05
