49 9 6

0.183230486851613694199158999254 0.63790359826828690881228567377548 0.54133749968962308063424870852032 0.59433785825532026159123688557884 1.9772912352252713930056415847503 2.0273092698498689223640667478321 2.1727370525830456138294266565936 0.183230486851613694199158999254 0.63790359826828690881228567377548 0.54133749968962308063424870852032 0.59433785825532026159123688557884 1.9772912352252713930056415847503 2.0273092698498689223640667478321 2.1727370525830456138294266565936 0.183230486851613694199158999254 0.63790359826828690881228567377548 0.54133749968962308063424870852032 0.59433785825532026159123688557884 1.9772912352252713930056415847503 2.0273092698498689223640667478321 2.1727370525830456138294266565936 0.183230486851613694199158999254 0.63790359826828690881228567377548 0.54133749968962308063424870852032 0.59433785825532026159123688557884 1.9772912352252713930056415847503 2.0273092698498689223640667478321 2.1727370525830456138294266565936 0.183230486851613694199158999254 0.63790359826828690881228567377548 0.54133749968962308063424870852032 0.59433785825532026159123688557884 1.9772912352252713930056415847503 2.0273092698498689223640667478321 2.1727370525830456138294266565936 0.183230486851613694199158999254 0.63790359826828690881228567377548 0.54133749968962308063424870852032 0.59433785825532026159123688557884 1.9772912352252713930056415847503 2.0273092698498689223640667478321 2.1727370525830456138294266565936 0.183230486851613694199158999254 0.63790359826828690881228567377548 0.54133749968962308063424870852032 0.59433785825532026159123688557884 1.9772912352252713930056415847503 2.0273092698498689223640667478321 2.1727370525830456138294266565936 

-5.3205373795324604202505724970251 -6.696724731674843056339341273997 4.3935925653372107646532640501391 1.9202069467265956426160755654564 0.83540313991660863912613876891555 2.8771653789666173928196712950012 2.4447847398753577152774596470408 -5.3205373795324604202505724970251 -6.696724731674843056339341273997 4.3935925653372107646532640501391 1.9202069467265956426160755654564 0.83540313991660863912613876891555 2.8771653789666173928196712950012 2.4447847398753577152774596470408 -5.3205373795324604202505724970251 -6.696724731674843056339341273997 4.3935925653372107646532640501391 1.9202069467265956426160755654564 0.83540313991660863912613876891555 2.8771653789666173928196712950012 2.4447847398753577152774596470408 -5.3205373795324604202505724970251 -6.696724731674843056339341273997 4.3935925653372107646532640501391 1.9202069467265956426160755654564 0.83540313991660863912613876891555 2.8771653789666173928196712950012 2.4447847398753577152774596470408 -5.3205373795324604202505724970251 -6.696724731674843056339341273997 4.3935925653372107646532640501391 1.9202069467265956426160755654564 0.83540313991660863912613876891555 2.8771653789666173928196712950012 2.4447847398753577152774596470408 -5.3205373795324604202505724970251 -6.696724731674843056339341273997 4.3935925653372107646532640501391 1.9202069467265956426160755654564 0.83540313991660863912613876891555 2.8771653789666173928196712950012 2.4447847398753577152774596470408 -5.3205373795324604202505724970251 -6.696724731674843056339341273997 4.3935925653372107646532640501391 1.9202069467265956426160755654564 0.83540313991660863912613876891555 2.8771653789666173928196712950012 2.4447847398753577152774596470408 

1 1 1 1 1 1 1 1 1 1 1 1 1 1 1 1 1 1 1 1 1 1 1 1 1 1 1 1 1 1 1 1 1 1 1 1 1 1 1 1 1 1 1 1 1 1 1 1 1 

5.3205373795324604202505724970251 6.696724731674843056339341273997 -4.3935925653372107646532640501391 -1.9202069467265956426160755654564 -0.83540313991660863912613876891555 -2.8771653789666173928196712950012 -2.4447847398753577152774596470408 5.3205373795324604202505724970251 6.696724731674843056339341273997 -4.3935925653372107646532640501391 -1.9202069467265956426160755654564 -0.83540313991660863912613876891555 -2.8771653789666173928196712950012 -2.4447847398753577152774596470408 5.3205373795324604202505724970251 6.696724731674843056339341273997 -4.3935925653372107646532640501391 -1.9202069467265956426160755654564 -0.83540313991660863912613876891555 -2.8771653789666173928196712950012 -2.4447847398753577152774596470408 5.3205373795324604202505724970251 6.696724731674843056339341273997 -4.3935925653372107646532640501391 -1.9202069467265956426160755654564 -0.83540313991660863912613876891555 -2.8771653789666173928196712950012 -2.4447847398753577152774596470408 5.3205373795324604202505724970251 6.696724731674843056339341273997 -4.3935925653372107646532640501391 -1.9202069467265956426160755654564 -0.83540313991660863912613876891555 -2.8771653789666173928196712950012 -2.4447847398753577152774596470408 5.3205373795324604202505724970251 6.696724731674843056339341273997 -4.3935925653372107646532640501391 -1.9202069467265956426160755654564 -0.83540313991660863912613876891555 -2.8771653789666173928196712950012 -2.4447847398753577152774596470408 5.3205373795324604202505724970251 6.696724731674843056339341273997 -4.3935925653372107646532640501391 -1.9202069467265956426160755654564 -0.83540313991660863912613876891555 -2.8771653789666173928196712950012 -2.4447847398753577152774596470408 

2  1 5.3793877737727990862026672402862  3 6.8200389987951366421725651889574  
2  2 2.197880634729952653572127019288  1 11.269648574140722629977062752005  
2  3 6.2315963402667984283311852777842  2 -14.997901502984595012435420358088  
5  4 0.18983803348861008619685719622794  2 7.1369549138212589056706747214776  6 4.4485836907806923790076325531118  7 -2.6113282219354325697224794566864  14 -7.4582785780149229992730397498235  
2  5 -0.58115727314246645729411966385669  1 -10.928226559310278531711446703412  
2  6 -8.5616293655691375619198879576288  5 13.63326010052766434910154202953  
2  7 -5.2253973272285927365032875968609  5 4.3100031529596378732094308361411  
2  8 5.3793877737727990862026672402862  10 6.8200389987951366421725651889574  
2  9 2.197880634729952653572127019288  8 11.269648574140722629977062752005  
2  10 6.2315963402667984283311852777842  9 -14.997901502984595012435420358088  
6  3 0.76316567117904643424708410748281  11 0.18983803348861008619685719622794  9 7.1369549138212589056706747214776  13 4.4485836907806923790076325531118  14 -2.6113282219354325697224794566864  21 -7.4582785780149229992730397498235  
2  12 -0.58115727314246645729411966385669  8 -10.928226559310278531711446703412  
2  13 -8.5616293655691375619198879576288  12 13.63326010052766434910154202953  
2  14 -5.2253973272285927365032875968609  12 4.3100031529596378732094308361411  
2  15 5.3793877737727990862026672402862  17 6.8200389987951366421725651889574  
2  16 2.197880634729952653572127019288  15 11.269648574140722629977062752005  
2  17 6.2315963402667984283311852777842  16 -14.997901502984595012435420358088  
6  10 0.76316567117904643424708410748281  18 0.18983803348861008619685719622794  16 7.1369549138212589056706747214776  20 4.4485836907806923790076325531118  21 -2.6113282219354325697224794566864  28 -7.4582785780149229992730397498235  
2  19 -0.58115727314246645729411966385669  15 -10.928226559310278531711446703412  
2  20 -8.5616293655691375619198879576288  19 13.63326010052766434910154202953  
2  21 -5.2253973272285927365032875968609  19 4.3100031529596378732094308361411  
2  22 5.3793877737727990862026672402862  24 6.8200389987951366421725651889574  
2  23 2.197880634729952653572127019288  22 11.269648574140722629977062752005  
2  24 6.2315963402667984283311852777842  23 -14.997901502984595012435420358088  
6  17 0.76316567117904643424708410748281  25 0.18983803348861008619685719622794  23 7.1369549138212589056706747214776  27 4.4485836907806923790076325531118  28 -2.6113282219354325697224794566864  35 -7.4582785780149229992730397498235  
2  26 -0.58115727314246645729411966385669  22 -10.928226559310278531711446703412  
2  27 -8.5616293655691375619198879576288  26 13.63326010052766434910154202953  
2  28 -5.2253973272285927365032875968609  26 4.3100031529596378732094308361411  
2  29 5.3793877737727990862026672402862  31 6.8200389987951366421725651889574  
2  30 2.197880634729952653572127019288  29 11.269648574140722629977062752005  
2  31 6.2315963402667984283311852777842  30 -14.997901502984595012435420358088  
6  24 0.76316567117904643424708410748281  32 0.18983803348861008619685719622794  30 7.1369549138212589056706747214776  34 4.4485836907806923790076325531118  35 -2.6113282219354325697224794566864  42 -7.4582785780149229992730397498235  
2  33 -0.58115727314246645729411966385669  29 -10.928226559310278531711446703412  
2  34 -8.5616293655691375619198879576288  33 13.63326010052766434910154202953  
2  35 -5.2253973272285927365032875968609  33 4.3100031529596378732094308361411  
2  36 5.3793877737727990862026672402862  38 6.8200389987951366421725651889574  
2  37 2.197880634729952653572127019288  36 11.269648574140722629977062752005  
2  38 6.2315963402667984283311852777842  37 -14.997901502984595012435420358088  
6  31 0.76316567117904643424708410748281  39 0.18983803348861008619685719622794  37 7.1369549138212589056706747214776  41 4.4485836907806923790076325531118  42 -2.6113282219354325697224794566864  49 -7.4582785780149229992730397498235  
2  40 -0.58115727314246645729411966385669  36 -10.928226559310278531711446703412  
2  41 -8.5616293655691375619198879576288  40 13.63326010052766434910154202953  
2  42 -5.2253973272285927365032875968609  40 4.3100031529596378732094308361411  
2  43 5.3793877737727990862026672402862  45 6.8200389987951366421725651889574  
2  44 2.197880634729952653572127019288  43 11.269648574140722629977062752005  
2  45 6.2315963402667984283311852777842  44 -14.997901502984595012435420358088  
5  38 0.76316567117904643424708410748281  46 0.18983803348861008619685719622794  44 7.1369549138212589056706747214776  48 4.4485836907806923790076325531118  49 -2.6113282219354325697224794566864  
2  47 -0.58115727314246645729411966385669  43 -10.928226559310278531711446703412  
2  48 -8.5616293655691375619198879576288  47 13.63326010052766434910154202953  
2  49 -5.2253973272285927365032875968609  47 4.3100031529596378732094308361411  

1  14 0.21239656152663821675474764560931  
1  8 1.4627077427418049282437095826026  
0  
1  5 0.28983719389886908324172054562951  
1  4 0.28983719389886908324172054562951  
1  10 1.2948417284761186696329104961478  
0  
2  2 1.4627077427418049282437095826026  21 0.21239656152663821675474764560931  
1  15 1.4627077427418049282437095826026  
1  6 1.2948417284761186696329104961478  
1  12 0.28983719389886908324172054562951  
1  11 0.28983719389886908324172054562951  
1  17 1.2948417284761186696329104961478  
1  1 0.21239656152663821675474764560931  
2  9 1.4627077427418049282437095826026  28 0.21239656152663821675474764560931  
1  22 1.4627077427418049282437095826026  
1  13 1.2948417284761186696329104961478  
1  19 0.28983719389886908324172054562951  
1  18 0.28983719389886908324172054562951  
1  24 1.2948417284761186696329104961478  
1  8 0.21239656152663821675474764560931  
2  16 1.4627077427418049282437095826026  35 0.21239656152663821675474764560931  
1  29 1.4627077427418049282437095826026  
1  20 1.2948417284761186696329104961478  
1  26 0.28983719389886908324172054562951  
1  25 0.28983719389886908324172054562951  
1  31 1.2948417284761186696329104961478  
1  15 0.21239656152663821675474764560931  
2  23 1.4627077427418049282437095826026  42 0.21239656152663821675474764560931  
1  36 1.4627077427418049282437095826026  
1  27 1.2948417284761186696329104961478  
1  33 0.28983719389886908324172054562951  
1  32 0.28983719389886908324172054562951  
1  38 1.2948417284761186696329104961478  
1  22 0.21239656152663821675474764560931  
2  30 1.4627077427418049282437095826026  49 0.21239656152663821675474764560931  
1  43 1.4627077427418049282437095826026  
1  34 1.2948417284761186696329104961478  
1  40 0.28983719389886908324172054562951  
1  39 0.28983719389886908324172054562951  
1  45 1.2948417284761186696329104961478  
1  29 0.21239656152663821675474764560931  
1  37 1.4627077427418049282437095826026  
0  
1  41 1.2948417284761186696329104961478  
1  47 0.28983719389886908324172054562951  
1  46 0.28983719389886908324172054562951  
0  
1  36 0.21239656152663821675474764560931  
