49 9 6

0.36363921329117832037525204214035 0.24417688142459237354842116474174 0.44210209784092391327448012816603 1.1248971155084570572313396041864 0.10836762652549958296788190637017 1.1816008521705456679740109393606 0.70309225304296740777232344044023 0.36363921329117832037525204214035 0.24417688142459237354842116474174 0.44210209784092391327448012816603 1.1248971155084570572313396041864 0.10836762652549958296788190637017 1.1816008521705456679740109393606 0.70309225304296740777232344044023 0.36363921329117832037525204214035 0.24417688142459237354842116474174 0.44210209784092391327448012816603 1.1248971155084570572313396041864 0.10836762652549958296788190637017 1.1816008521705456679740109393606 0.70309225304296740777232344044023 0.36363921329117832037525204214035 0.24417688142459237354842116474174 0.44210209784092391327448012816603 1.1248971155084570572313396041864 0.10836762652549958296788190637017 1.1816008521705456679740109393606 0.70309225304296740777232344044023 0.36363921329117832037525204214035 0.24417688142459237354842116474174 0.44210209784092391327448012816603 1.1248971155084570572313396041864 0.10836762652549958296788190637017 1.1816008521705456679740109393606 0.70309225304296740777232344044023 0.36363921329117832037525204214035 0.24417688142459237354842116474174 0.44210209784092391327448012816603 1.1248971155084570572313396041864 0.10836762652549958296788190637017 1.1816008521705456679740109393606 0.70309225304296740777232344044023 0.36363921329117832037525204214035 0.24417688142459237354842116474174 0.44210209784092391327448012816603 1.1248971155084570572313396041864 0.10836762652549958296788190637017 1.1816008521705456679740109393606 0.70309225304296740777232344044023 

-8.11455139406315950623138633091 -14.999737231076778698479756712914 1.0258891770613494109909424878424 13.547819633483555890052230097353 -10.990839205968590874817891744897 4.105515025700962716825870302273 -4.6051100832506133286869953735732 -8.11455139406315950623138633091 -14.999737231076778698479756712914 1.0258891770613494109909424878424 13.547819633483555890052230097353 -10.990839205968590874817891744897 4.105515025700962716825870302273 -4.6051100832506133286869953735732 -8.11455139406315950623138633091 -14.999737231076778698479756712914 1.0258891770613494109909424878424 13.547819633483555890052230097353 -10.990839205968590874817891744897 4.105515025700962716825870302273 -4.6051100832506133286869953735732 -8.11455139406315950623138633091 -14.999737231076778698479756712914 1.0258891770613494109909424878424 13.547819633483555890052230097353 -10.990839205968590874817891744897 4.105515025700962716825870302273 -4.6051100832506133286869953735732 -8.11455139406315950623138633091 -14.999737231076778698479756712914 1.0258891770613494109909424878424 13.547819633483555890052230097353 -10.990839205968590874817891744897 4.105515025700962716825870302273 -4.6051100832506133286869953735732 -8.11455139406315950623138633091 -14.999737231076778698479756712914 1.0258891770613494109909424878424 13.547819633483555890052230097353 -10.990839205968590874817891744897 4.105515025700962716825870302273 -4.6051100832506133286869953735732 -8.11455139406315950623138633091 -14.999737231076778698479756712914 1.0258891770613494109909424878424 13.547819633483555890052230097353 -10.990839205968590874817891744897 4.105515025700962716825870302273 -4.6051100832506133286869953735732 

1 1 1 1 1 1 1 1 1 1 1 1 1 1 1 1 1 1 1 1 1 1 1 1 1 1 1 1 1 1 1 1 1 1 1 1 1 1 1 1 1 1 1 1 1 1 1 1 1 

8.11455139406315950623138633091 14.999737231076778698479756712914 -1.0258891770613494109909424878424 -13.547819633483555890052230097353 10.990839205968590874817891744897 -4.105515025700962716825870302273 4.6051100832506133286869953735732 8.11455139406315950623138633091 14.999737231076778698479756712914 -1.0258891770613494109909424878424 -13.547819633483555890052230097353 10.990839205968590874817891744897 -4.105515025700962716825870302273 4.6051100832506133286869953735732 8.11455139406315950623138633091 14.999737231076778698479756712914 -1.0258891770613494109909424878424 -13.547819633483555890052230097353 10.990839205968590874817891744897 -4.105515025700962716825870302273 4.6051100832506133286869953735732 8.11455139406315950623138633091 14.999737231076778698479756712914 -1.0258891770613494109909424878424 -13.547819633483555890052230097353 10.990839205968590874817891744897 -4.105515025700962716825870302273 4.6051100832506133286869953735732 8.11455139406315950623138633091 14.999737231076778698479756712914 -1.0258891770613494109909424878424 -13.547819633483555890052230097353 10.990839205968590874817891744897 -4.105515025700962716825870302273 4.6051100832506133286869953735732 8.11455139406315950623138633091 14.999737231076778698479756712914 -1.0258891770613494109909424878424 -13.547819633483555890052230097353 10.990839205968590874817891744897 -4.105515025700962716825870302273 4.6051100832506133286869953735732 8.11455139406315950623138633091 14.999737231076778698479756712914 -1.0258891770613494109909424878424 -13.547819633483555890052230097353 10.990839205968590874817891744897 -4.105515025700962716825870302273 4.6051100832506133286869953735732 

2  1 2.3471906482924325132444209884852  3 14.398813915384755190984833461698  
2  2 9.4773433402572528905238868901506  1 14.788814862129692428993621433619  
2  3 4.649641948968363358574151789071  2 -12.36743045025457021779402566608  
5  4 14.827953960622961560034127614927  2 1.302386000332660165312859135156  6 13.791455142400591782347873959225  7 11.477008830932048155659686017316  14 -10.183482356613666297562303952873  
2  5 -8.5071400833938426444547076243907  1 12.933103890185298823212178831454  
2  6 -9.9977425602682785665820119902492  5 13.502634009166079920305492123589  
2  7 12.462614771119257639497845957521  5 -6.2645381212045485597172955749556  
2  8 2.3471906482924325132444209884852  10 14.398813915384755190984833461698  
2  9 9.4773433402572528905238868901506  8 14.788814862129692428993621433619  
2  10 4.649641948968363358574151789071  9 -12.36743045025457021779402566608  
6  3 0.77001869071529016608224083029199  11 14.827953960622961560034127614927  9 1.302386000332660165312859135156  13 13.791455142400591782347873959225  14 11.477008830932048155659686017316  21 -10.183482356613666297562303952873  
2  12 -8.5071400833938426444547076243907  8 12.933103890185298823212178831454  
2  13 -9.9977425602682785665820119902492  12 13.502634009166079920305492123589  
2  14 12.462614771119257639497845957521  12 -6.2645381212045485597172955749556  
2  15 2.3471906482924325132444209884852  17 14.398813915384755190984833461698  
2  16 9.4773433402572528905238868901506  15 14.788814862129692428993621433619  
2  17 4.649641948968363358574151789071  16 -12.36743045025457021779402566608  
6  10 0.77001869071529016608224083029199  18 14.827953960622961560034127614927  16 1.302386000332660165312859135156  20 13.791455142400591782347873959225  21 11.477008830932048155659686017316  28 -10.183482356613666297562303952873  
2  19 -8.5071400833938426444547076243907  15 12.933103890185298823212178831454  
2  20 -9.9977425602682785665820119902492  19 13.502634009166079920305492123589  
2  21 12.462614771119257639497845957521  19 -6.2645381212045485597172955749556  
2  22 2.3471906482924325132444209884852  24 14.398813915384755190984833461698  
2  23 9.4773433402572528905238868901506  22 14.788814862129692428993621433619  
2  24 4.649641948968363358574151789071  23 -12.36743045025457021779402566608  
6  17 0.77001869071529016608224083029199  25 14.827953960622961560034127614927  23 1.302386000332660165312859135156  27 13.791455142400591782347873959225  28 11.477008830932048155659686017316  35 -10.183482356613666297562303952873  
2  26 -8.5071400833938426444547076243907  22 12.933103890185298823212178831454  
2  27 -9.9977425602682785665820119902492  26 13.502634009166079920305492123589  
2  28 12.462614771119257639497845957521  26 -6.2645381212045485597172955749556  
2  29 2.3471906482924325132444209884852  31 14.398813915384755190984833461698  
2  30 9.4773433402572528905238868901506  29 14.788814862129692428993621433619  
2  31 4.649641948968363358574151789071  30 -12.36743045025457021779402566608  
6  24 0.77001869071529016608224083029199  32 14.827953960622961560034127614927  30 1.302386000332660165312859135156  34 13.791455142400591782347873959225  35 11.477008830932048155659686017316  42 -10.183482356613666297562303952873  
2  33 -8.5071400833938426444547076243907  29 12.933103890185298823212178831454  
2  34 -9.9977425602682785665820119902492  33 13.502634009166079920305492123589  
2  35 12.462614771119257639497845957521  33 -6.2645381212045485597172955749556  
2  36 2.3471906482924325132444209884852  38 14.398813915384755190984833461698  
2  37 9.4773433402572528905238868901506  36 14.788814862129692428993621433619  
2  38 4.649641948968363358574151789071  37 -12.36743045025457021779402566608  
6  31 0.77001869071529016608224083029199  39 14.827953960622961560034127614927  37 1.302386000332660165312859135156  41 13.791455142400591782347873959225  42 11.477008830932048155659686017316  49 -10.183482356613666297562303952873  
2  40 -8.5071400833938426444547076243907  36 12.933103890185298823212178831454  
2  41 -9.9977425602682785665820119902492  40 13.502634009166079920305492123589  
2  42 12.462614771119257639497845957521  40 -6.2645381212045485597172955749556  
2  43 2.3471906482924325132444209884852  45 14.398813915384755190984833461698  
2  44 9.4773433402572528905238868901506  43 14.788814862129692428993621433619  
2  45 4.649641948968363358574151789071  44 -12.36743045025457021779402566608  
5  38 0.77001869071529016608224083029199  46 14.827953960622961560034127614927  44 1.302386000332660165312859135156  48 13.791455142400591782347873959225  49 11.477008830932048155659686017316  
2  47 -8.5071400833938426444547076243907  43 12.933103890185298823212178831454  
2  48 -9.9977425602682785665820119902492  47 13.502634009166079920305492123589  
2  49 12.462614771119257639497845957521  47 -6.2645381212045485597172955749556  

1  14 0.52918816855886463557112620037515  
1  8 1.3465765365344233295274989359314  
0  
1  5 0.81681794859870771041698844783241  
1  4 0.81681794859870771041698844783241  
1  10 0.77075885969760615790136171199265  
0  
2  2 1.3465765365344233295274989359314  21 0.52918816855886463557112620037515  
1  15 1.3465765365344233295274989359314  
1  6 0.77075885969760615790136171199265  
1  12 0.81681794859870771041698844783241  
1  11 0.81681794859870771041698844783241  
1  17 0.77075885969760615790136171199265  
1  1 0.52918816855886463557112620037515  
2  9 1.3465765365344233295274989359314  28 0.52918816855886463557112620037515  
1  22 1.3465765365344233295274989359314  
1  13 0.77075885969760615790136171199265  
1  19 0.81681794859870771041698844783241  
1  18 0.81681794859870771041698844783241  
1  24 0.77075885969760615790136171199265  
1  8 0.52918816855886463557112620037515  
2  16 1.3465765365344233295274989359314  35 0.52918816855886463557112620037515  
1  29 1.3465765365344233295274989359314  
1  20 0.77075885969760615790136171199265  
1  26 0.81681794859870771041698844783241  
1  25 0.81681794859870771041698844783241  
1  31 0.77075885969760615790136171199265  
1  15 0.52918816855886463557112620037515  
2  23 1.3465765365344233295274989359314  42 0.52918816855886463557112620037515  
1  36 1.3465765365344233295274989359314  
1  27 0.77075885969760615790136171199265  
1  33 0.81681794859870771041698844783241  
1  32 0.81681794859870771041698844783241  
1  38 0.77075885969760615790136171199265  
1  22 0.52918816855886463557112620037515  
2  30 1.3465765365344233295274989359314  49 0.52918816855886463557112620037515  
1  43 1.3465765365344233295274989359314  
1  34 0.77075885969760615790136171199265  
1  40 0.81681794859870771041698844783241  
1  39 0.81681794859870771041698844783241  
1  45 0.77075885969760615790136171199265  
1  29 0.52918816855886463557112620037515  
1  37 1.3465765365344233295274989359314  
0  
1  41 0.77075885969760615790136171199265  
1  47 0.81681794859870771041698844783241  
1  46 0.81681794859870771041698844783241  
0  
1  36 0.52918816855886463557112620037515  
