49 9 6

0.41594965051426668889433813092182 0.26178655285882856951218400354264 0.1788552509179230920466352472431 0.48586529651173981925182943086838 1.8136109421836037469688562850934 1.8500993047281728554054325286415 1.837464422807795205727643406135 0.41594965051426668889433813092182 0.26178655285882856951218400354264 0.1788552509179230920466352472431 0.48586529651173981925182943086838 1.8136109421836037469688562850934 1.8500993047281728554054325286415 1.837464422807795205727643406135 0.41594965051426668889433813092182 0.26178655285882856951218400354264 0.1788552509179230920466352472431 0.48586529651173981925182943086838 1.8136109421836037469688562850934 1.8500993047281728554054325286415 1.837464422807795205727643406135 0.41594965051426668889433813092182 0.26178655285882856951218400354264 0.1788552509179230920466352472431 0.48586529651173981925182943086838 1.8136109421836037469688562850934 1.8500993047281728554054325286415 1.837464422807795205727643406135 0.41594965051426668889433813092182 0.26178655285882856951218400354264 0.1788552509179230920466352472431 0.48586529651173981925182943086838 1.8136109421836037469688562850934 1.8500993047281728554054325286415 1.837464422807795205727643406135 0.41594965051426668889433813092182 0.26178655285882856951218400354264 0.1788552509179230920466352472431 0.48586529651173981925182943086838 1.8136109421836037469688562850934 1.8500993047281728554054325286415 1.837464422807795205727643406135 0.41594965051426668889433813092182 0.26178655285882856951218400354264 0.1788552509179230920466352472431 0.48586529651173981925182943086838 1.8136109421836037469688562850934 1.8500993047281728554054325286415 1.837464422807795205727643406135 

-0.071613273046232744922789947850106 1.7481059013475952479410580053809 -7.5912651691163315348376272595488 -13.115630840285927405375332455151 -2.693056560137432775547949859174 7.9526528931912139341875445097685 -10.759026930694229662321959040128 -0.071613273046232744922789947850106 1.7481059013475952479410580053809 -7.5912651691163315348376272595488 -13.115630840285927405375332455151 -2.693056560137432775547949859174 7.9526528931912139341875445097685 -10.759026930694229662321959040128 -0.071613273046232744922789947850106 1.7481059013475952479410580053809 -7.5912651691163315348376272595488 -13.115630840285927405375332455151 -2.693056560137432775547949859174 7.9526528931912139341875445097685 -10.759026930694229662321959040128 -0.071613273046232744922789947850106 1.7481059013475952479410580053809 -7.5912651691163315348376272595488 -13.115630840285927405375332455151 -2.693056560137432775547949859174 7.9526528931912139341875445097685 -10.759026930694229662321959040128 -0.071613273046232744922789947850106 1.7481059013475952479410580053809 -7.5912651691163315348376272595488 -13.115630840285927405375332455151 -2.693056560137432775547949859174 7.9526528931912139341875445097685 -10.759026930694229662321959040128 -0.071613273046232744922789947850106 1.7481059013475952479410580053809 -7.5912651691163315348376272595488 -13.115630840285927405375332455151 -2.693056560137432775547949859174 7.9526528931912139341875445097685 -10.759026930694229662321959040128 -0.071613273046232744922789947850106 1.7481059013475952479410580053809 -7.5912651691163315348376272595488 -13.115630840285927405375332455151 -2.693056560137432775547949859174 7.9526528931912139341875445097685 -10.759026930694229662321959040128 

1 1 1 1 1 1 1 1 1 1 1 1 1 1 1 1 1 1 1 1 1 1 1 1 1 1 1 1 1 1 1 1 1 1 1 1 1 1 1 1 1 1 1 1 1 1 1 1 1 

0.071613273046232744922789947850106 -1.7481059013475952479410580053809 7.5912651691163315348376272595488 13.115630840285927405375332455151 2.693056560137432775547949859174 -7.9526528931912139341875445097685 10.759026930694229662321959040128 0.071613273046232744922789947850106 -1.7481059013475952479410580053809 7.5912651691163315348376272595488 13.115630840285927405375332455151 2.693056560137432775547949859174 -7.9526528931912139341875445097685 10.759026930694229662321959040128 0.071613273046232744922789947850106 -1.7481059013475952479410580053809 7.5912651691163315348376272595488 13.115630840285927405375332455151 2.693056560137432775547949859174 -7.9526528931912139341875445097685 10.759026930694229662321959040128 0.071613273046232744922789947850106 -1.7481059013475952479410580053809 7.5912651691163315348376272595488 13.115630840285927405375332455151 2.693056560137432775547949859174 -7.9526528931912139341875445097685 10.759026930694229662321959040128 0.071613273046232744922789947850106 -1.7481059013475952479410580053809 7.5912651691163315348376272595488 13.115630840285927405375332455151 2.693056560137432775547949859174 -7.9526528931912139341875445097685 10.759026930694229662321959040128 0.071613273046232744922789947850106 -1.7481059013475952479410580053809 7.5912651691163315348376272595488 13.115630840285927405375332455151 2.693056560137432775547949859174 -7.9526528931912139341875445097685 10.759026930694229662321959040128 0.071613273046232744922789947850106 -1.7481059013475952479410580053809 7.5912651691163315348376272595488 13.115630840285927405375332455151 2.693056560137432775547949859174 -7.9526528931912139341875445097685 10.759026930694229662321959040128 

2  1 2.4701478369251810285334158834303  3 6.0852524841338606620411155745387  
2  2 9.849622689992495239152958674822  1 -12.616204253233107124287926126271  
2  3 7.8548037320639005898215145862196  2 11.601110890495190730575814086478  
5  4 1.017335655580185349577959641465  2 13.052471955976612250083235267084  6 12.918423273537214868156297598034  7 -8.4929071562139721862649821559899  14 8.5271677072786040696428244700655  
2  5 1.7855225925776980755443901216495  1 -13.682378442297480347633609198965  
2  6 -7.9045182264237574543130904203281  5 -13.96203608059134637642273446545  
2  7 -10.10998397220918043615256465273  5 -6.4905663799523702905958089104388  
2  8 2.4701478369251810285334158834303  10 6.0852524841338606620411155745387  
2  9 9.849622689992495239152958674822  8 -12.616204253233107124287926126271  
2  10 7.8548037320639005898215145862196  9 11.601110890495190730575814086478  
6  3 -1.4578309418381416584509224776411  11 1.017335655580185349577959641465  9 13.052471955976612250083235267084  13 12.918423273537214868156297598034  14 -8.4929071562139721862649821559899  21 8.5271677072786040696428244700655  
2  12 1.7855225925776980755443901216495  8 -13.682378442297480347633609198965  
2  13 -7.9045182264237574543130904203281  12 -13.96203608059134637642273446545  
2  14 -10.10998397220918043615256465273  12 -6.4905663799523702905958089104388  
2  15 2.4701478369251810285334158834303  17 6.0852524841338606620411155745387  
2  16 9.849622689992495239152958674822  15 -12.616204253233107124287926126271  
2  17 7.8548037320639005898215145862196  16 11.601110890495190730575814086478  
6  10 -1.4578309418381416584509224776411  18 1.017335655580185349577959641465  16 13.052471955976612250083235267084  20 12.918423273537214868156297598034  21 -8.4929071562139721862649821559899  28 8.5271677072786040696428244700655  
2  19 1.7855225925776980755443901216495  15 -13.682378442297480347633609198965  
2  20 -7.9045182264237574543130904203281  19 -13.96203608059134637642273446545  
2  21 -10.10998397220918043615256465273  19 -6.4905663799523702905958089104388  
2  22 2.4701478369251810285334158834303  24 6.0852524841338606620411155745387  
2  23 9.849622689992495239152958674822  22 -12.616204253233107124287926126271  
2  24 7.8548037320639005898215145862196  23 11.601110890495190730575814086478  
6  17 -1.4578309418381416584509224776411  25 1.017335655580185349577959641465  23 13.052471955976612250083235267084  27 12.918423273537214868156297598034  28 -8.4929071562139721862649821559899  35 8.5271677072786040696428244700655  
2  26 1.7855225925776980755443901216495  22 -13.682378442297480347633609198965  
2  27 -7.9045182264237574543130904203281  26 -13.96203608059134637642273446545  
2  28 -10.10998397220918043615256465273  26 -6.4905663799523702905958089104388  
2  29 2.4701478369251810285334158834303  31 6.0852524841338606620411155745387  
2  30 9.849622689992495239152958674822  29 -12.616204253233107124287926126271  
2  31 7.8548037320639005898215145862196  30 11.601110890495190730575814086478  
6  24 -1.4578309418381416584509224776411  32 1.017335655580185349577959641465  30 13.052471955976612250083235267084  34 12.918423273537214868156297598034  35 -8.4929071562139721862649821559899  42 8.5271677072786040696428244700655  
2  33 1.7855225925776980755443901216495  29 -13.682378442297480347633609198965  
2  34 -7.9045182264237574543130904203281  33 -13.96203608059134637642273446545  
2  35 -10.10998397220918043615256465273  33 -6.4905663799523702905958089104388  
2  36 2.4701478369251810285334158834303  38 6.0852524841338606620411155745387  
2  37 9.849622689992495239152958674822  36 -12.616204253233107124287926126271  
2  38 7.8548037320639005898215145862196  37 11.601110890495190730575814086478  
6  31 -1.4578309418381416584509224776411  39 1.017335655580185349577959641465  37 13.052471955976612250083235267084  41 12.918423273537214868156297598034  42 -8.4929071562139721862649821559899  49 8.5271677072786040696428244700655  
2  40 1.7855225925776980755443901216495  36 -13.682378442297480347633609198965  
2  41 -7.9045182264237574543130904203281  40 -13.96203608059134637642273446545  
2  42 -10.10998397220918043615256465273  40 -6.4905663799523702905958089104388  
2  43 2.4701478369251810285334158834303  45 6.0852524841338606620411155745387  
2  44 9.849622689992495239152958674822  43 -12.616204253233107124287926126271  
2  45 7.8548037320639005898215145862196  44 11.601110890495190730575814086478  
5  38 -1.4578309418381416584509224776411  46 1.017335655580185349577959641465  44 13.052471955976612250083235267084  48 12.918423273537214868156297598034  49 -8.4929071562139721862649821559899  
2  47 1.7855225925776980755443901216495  43 -13.682378442297480347633609198965  
2  48 -7.9045182264237574543130904203281  47 -13.96203608059134637642273446545  
2  49 -10.10998397220918043615256465273  47 -6.4905663799523702905958089104388  

1  14 1.5108254432611811779452182236128  
1  8 1.6205702178850054373526745621348  
0  
1  5 0.7213901348633715571168067981489  
1  4 0.7213901348633715571168067981489  
1  10 0.8591249782573751048175836331211  
0  
2  2 1.6205702178850054373526745621348  21 1.5108254432611811779452182236128  
1  15 1.6205702178850054373526745621348  
1  6 0.8591249782573751048175836331211  
1  12 0.7213901348633715571168067981489  
1  11 0.7213901348633715571168067981489  
1  17 0.8591249782573751048175836331211  
1  1 1.5108254432611811779452182236128  
2  9 1.6205702178850054373526745621348  28 1.5108254432611811779452182236128  
1  22 1.6205702178850054373526745621348  
1  13 0.8591249782573751048175836331211  
1  19 0.7213901348633715571168067981489  
1  18 0.7213901348633715571168067981489  
1  24 0.8591249782573751048175836331211  
1  8 1.5108254432611811779452182236128  
2  16 1.6205702178850054373526745621348  35 1.5108254432611811779452182236128  
1  29 1.6205702178850054373526745621348  
1  20 0.8591249782573751048175836331211  
1  26 0.7213901348633715571168067981489  
1  25 0.7213901348633715571168067981489  
1  31 0.8591249782573751048175836331211  
1  15 1.5108254432611811779452182236128  
2  23 1.6205702178850054373526745621348  42 1.5108254432611811779452182236128  
1  36 1.6205702178850054373526745621348  
1  27 0.8591249782573751048175836331211  
1  33 0.7213901348633715571168067981489  
1  32 0.7213901348633715571168067981489  
1  38 0.8591249782573751048175836331211  
1  22 1.5108254432611811779452182236128  
2  30 1.6205702178850054373526745621348  49 1.5108254432611811779452182236128  
1  43 1.6205702178850054373526745621348  
1  34 0.8591249782573751048175836331211  
1  40 0.7213901348633715571168067981489  
1  39 0.7213901348633715571168067981489  
1  45 0.8591249782573751048175836331211  
1  29 1.5108254432611811779452182236128  
1  37 1.6205702178850054373526745621348  
0  
1  41 0.8591249782573751048175836331211  
1  47 0.7213901348633715571168067981489  
1  46 0.7213901348633715571168067981489  
0  
1  36 1.5108254432611811779452182236128  
