49 9 6

0.13618783276347201649514317978173 0.4566640661821487201521563292772 0.26532774425648919525144719955279 1.1591730780571343206730716701713 0.33686295742505567574198721558787 0.66313410953312457163377757751732 1.7219677430246189686613433877937 0.13618783276347201649514317978173 0.4566640661821487201521563292772 0.26532774425648919525144719955279 1.1591730780571343206730716701713 0.33686295742505567574198721558787 0.66313410953312457163377757751732 1.7219677430246189686613433877937 0.13618783276347201649514317978173 0.4566640661821487201521563292772 0.26532774425648919525144719955279 1.1591730780571343206730716701713 0.33686295742505567574198721558787 0.66313410953312457163377757751732 1.7219677430246189686613433877937 0.13618783276347201649514317978173 0.4566640661821487201521563292772 0.26532774425648919525144719955279 1.1591730780571343206730716701713 0.33686295742505567574198721558787 0.66313410953312457163377757751732 1.7219677430246189686613433877937 0.13618783276347201649514317978173 0.4566640661821487201521563292772 0.26532774425648919525144719955279 1.1591730780571343206730716701713 0.33686295742505567574198721558787 0.66313410953312457163377757751732 1.7219677430246189686613433877937 0.13618783276347201649514317978173 0.4566640661821487201521563292772 0.26532774425648919525144719955279 1.1591730780571343206730716701713 0.33686295742505567574198721558787 0.66313410953312457163377757751732 1.7219677430246189686613433877937 0.13618783276347201649514317978173 0.4566640661821487201521563292772 0.26532774425648919525144719955279 1.1591730780571343206730716701713 0.33686295742505567574198721558787 0.66313410953312457163377757751732 1.7219677430246189686613433877937 

-9.5747916731046167626573151210323 -8.9275253769769982170600997051224 3.6366521239455913416804833104834 10.740727011374875843330300995149 11.276776166922237720768862345722 7.5360400074532361003321057069115 4.248888168346616645010271895444 -9.5747916731046167626573151210323 -8.9275253769769982170600997051224 3.6366521239455913416804833104834 10.740727011374875843330300995149 11.276776166922237720768862345722 7.5360400074532361003321057069115 4.248888168346616645010271895444 -9.5747916731046167626573151210323 -8.9275253769769982170600997051224 3.6366521239455913416804833104834 10.740727011374875843330300995149 11.276776166922237720768862345722 7.5360400074532361003321057069115 4.248888168346616645010271895444 -9.5747916731046167626573151210323 -8.9275253769769982170600997051224 3.6366521239455913416804833104834 10.740727011374875843330300995149 11.276776166922237720768862345722 7.5360400074532361003321057069115 4.248888168346616645010271895444 -9.5747916731046167626573151210323 -8.9275253769769982170600997051224 3.6366521239455913416804833104834 10.740727011374875843330300995149 11.276776166922237720768862345722 7.5360400074532361003321057069115 4.248888168346616645010271895444 -9.5747916731046167626573151210323 -8.9275253769769982170600997051224 3.6366521239455913416804833104834 10.740727011374875843330300995149 11.276776166922237720768862345722 7.5360400074532361003321057069115 4.248888168346616645010271895444 -9.5747916731046167626573151210323 -8.9275253769769982170600997051224 3.6366521239455913416804833104834 10.740727011374875843330300995149 11.276776166922237720768862345722 7.5360400074532361003321057069115 4.248888168346616645010271895444 

1 1 1 1 1 1 1 1 1 1 1 1 1 1 1 1 1 1 1 1 1 1 1 1 1 1 1 1 1 1 1 1 1 1 1 1 1 1 1 1 1 1 1 1 1 1 1 1 1 

9.5747916731046167626573151210323 8.9275253769769982170600997051224 -3.6366521239455913416804833104834 -10.740727011374875843330300995149 -11.276776166922237720768862345722 -7.5360400074532361003321057069115 -4.248888168346616645010271895444 9.5747916731046167626573151210323 8.9275253769769982170600997051224 -3.6366521239455913416804833104834 -10.740727011374875843330300995149 -11.276776166922237720768862345722 -7.5360400074532361003321057069115 -4.248888168346616645010271895444 9.5747916731046167626573151210323 8.9275253769769982170600997051224 -3.6366521239455913416804833104834 -10.740727011374875843330300995149 -11.276776166922237720768862345722 -7.5360400074532361003321057069115 -4.248888168346616645010271895444 9.5747916731046167626573151210323 8.9275253769769982170600997051224 -3.6366521239455913416804833104834 -10.740727011374875843330300995149 -11.276776166922237720768862345722 -7.5360400074532361003321057069115 -4.248888168346616645010271895444 9.5747916731046167626573151210323 8.9275253769769982170600997051224 -3.6366521239455913416804833104834 -10.740727011374875843330300995149 -11.276776166922237720768862345722 -7.5360400074532361003321057069115 -4.248888168346616645010271895444 9.5747916731046167626573151210323 8.9275253769769982170600997051224 -3.6366521239455913416804833104834 -10.740727011374875843330300995149 -11.276776166922237720768862345722 -7.5360400074532361003321057069115 -4.248888168346616645010271895444 9.5747916731046167626573151210323 8.9275253769769982170600997051224 -3.6366521239455913416804833104834 -10.740727011374875843330300995149 -11.276776166922237720768862345722 -7.5360400074532361003321057069115 -4.248888168346616645010271895444 

2  1 5.7514038595305150280978523369413  3 11.274447955765854345600018859841  
2  2 7.3518561588164761388952683773823  1 8.6261654806225465108582284301519  
2  3 6.4475336420653333036057119898032  2 -12.544232984446269441036747593898  
5  4 -3.0403100728387988382905859907623  2 -4.7399331984908918968812940875068  6 14.509032362718118136513112403918  7 13.625282277931088259492753422819  14 -10.059996436804263808539872115944  
2  5 -3.0396649888638158643061615293846  1 2.4934133911109981340814556460828  
2  6 7.258764812436663937944558711024  5 -14.821396033077261833454940642696  
2  7 9.5426758497497647937279907637276  5 -0.27622745458764330628298466763226  
2  8 5.7514038595305150280978523369413  10 11.274447955765854345600018859841  
2  9 7.3518561588164761388952683773823  8 8.6261654806225465108582284301519  
2  10 6.4475336420653333036057119898032  9 -12.544232984446269441036747593898  
6  3 6.5428636932552715066435666813049  11 -3.0403100728387988382905859907623  9 -4.7399331984908918968812940875068  13 14.509032362718118136513112403918  14 13.625282277931088259492753422819  21 -10.059996436804263808539872115944  
2  12 -3.0396649888638158643061615293846  8 2.4934133911109981340814556460828  
2  13 7.258764812436663937944558711024  12 -14.821396033077261833454940642696  
2  14 9.5426758497497647937279907637276  12 -0.27622745458764330628298466763226  
2  15 5.7514038595305150280978523369413  17 11.274447955765854345600018859841  
2  16 7.3518561588164761388952683773823  15 8.6261654806225465108582284301519  
2  17 6.4475336420653333036057119898032  16 -12.544232984446269441036747593898  
6  10 6.5428636932552715066435666813049  18 -3.0403100728387988382905859907623  16 -4.7399331984908918968812940875068  20 14.509032362718118136513112403918  21 13.625282277931088259492753422819  28 -10.059996436804263808539872115944  
2  19 -3.0396649888638158643061615293846  15 2.4934133911109981340814556460828  
2  20 7.258764812436663937944558711024  19 -14.821396033077261833454940642696  
2  21 9.5426758497497647937279907637276  19 -0.27622745458764330628298466763226  
2  22 5.7514038595305150280978523369413  24 11.274447955765854345600018859841  
2  23 7.3518561588164761388952683773823  22 8.6261654806225465108582284301519  
2  24 6.4475336420653333036057119898032  23 -12.544232984446269441036747593898  
6  17 6.5428636932552715066435666813049  25 -3.0403100728387988382905859907623  23 -4.7399331984908918968812940875068  27 14.509032362718118136513112403918  28 13.625282277931088259492753422819  35 -10.059996436804263808539872115944  
2  26 -3.0396649888638158643061615293846  22 2.4934133911109981340814556460828  
2  27 7.258764812436663937944558711024  26 -14.821396033077261833454940642696  
2  28 9.5426758497497647937279907637276  26 -0.27622745458764330628298466763226  
2  29 5.7514038595305150280978523369413  31 11.274447955765854345600018859841  
2  30 7.3518561588164761388952683773823  29 8.6261654806225465108582284301519  
2  31 6.4475336420653333036057119898032  30 -12.544232984446269441036747593898  
6  24 6.5428636932552715066435666813049  32 -3.0403100728387988382905859907623  30 -4.7399331984908918968812940875068  34 14.509032362718118136513112403918  35 13.625282277931088259492753422819  42 -10.059996436804263808539872115944  
2  33 -3.0396649888638158643061615293846  29 2.4934133911109981340814556460828  
2  34 7.258764812436663937944558711024  33 -14.821396033077261833454940642696  
2  35 9.5426758497497647937279907637276  33 -0.27622745458764330628298466763226  
2  36 5.7514038595305150280978523369413  38 11.274447955765854345600018859841  
2  37 7.3518561588164761388952683773823  36 8.6261654806225465108582284301519  
2  38 6.4475336420653333036057119898032  37 -12.544232984446269441036747593898  
6  31 6.5428636932552715066435666813049  39 -3.0403100728387988382905859907623  37 -4.7399331984908918968812940875068  41 14.509032362718118136513112403918  42 13.625282277931088259492753422819  49 -10.059996436804263808539872115944  
2  40 -3.0396649888638158643061615293846  36 2.4934133911109981340814556460828  
2  41 7.258764812436663937944558711024  40 -14.821396033077261833454940642696  
2  42 9.5426758497497647937279907637276  40 -0.27622745458764330628298466763226  
2  43 5.7514038595305150280978523369413  45 11.274447955765854345600018859841  
2  44 7.3518561588164761388952683773823  43 8.6261654806225465108582284301519  
2  45 6.4475336420653333036057119898032  44 -12.544232984446269441036747593898  
5  38 6.5428636932552715066435666813049  46 -3.0403100728387988382905859907623  44 -4.7399331984908918968812940875068  48 14.509032362718118136513112403918  49 13.625282277931088259492753422819  
2  47 -3.0396649888638158643061615293846  43 2.4934133911109981340814556460828  
2  48 7.258764812436663937944558711024  47 -14.821396033077261833454940642696  
2  49 9.5426758497497647937279907637276  47 -0.27622745458764330628298466763226  

1  14 0.025700630310498406849717412114842  
1  8 0.15247413695017963952693662577076  
0  
1  5 0.9968859965570927572642290215299  
1  4 0.9968859965570927572642290215299  
1  10 1.2098213436729627900945160945412  
0  
2  2 0.15247413695017963952693662577076  21 0.025700630310498406849717412114842  
1  15 0.15247413695017963952693662577076  
1  6 1.2098213436729627900945160945412  
1  12 0.9968859965570927572642290215299  
1  11 0.9968859965570927572642290215299  
1  17 1.2098213436729627900945160945412  
1  1 0.025700630310498406849717412114842  
2  9 0.15247413695017963952693662577076  28 0.025700630310498406849717412114842  
1  22 0.15247413695017963952693662577076  
1  13 1.2098213436729627900945160945412  
1  19 0.9968859965570927572642290215299  
1  18 0.9968859965570927572642290215299  
1  24 1.2098213436729627900945160945412  
1  8 0.025700630310498406849717412114842  
2  16 0.15247413695017963952693662577076  35 0.025700630310498406849717412114842  
1  29 0.15247413695017963952693662577076  
1  20 1.2098213436729627900945160945412  
1  26 0.9968859965570927572642290215299  
1  25 0.9968859965570927572642290215299  
1  31 1.2098213436729627900945160945412  
1  15 0.025700630310498406849717412114842  
2  23 0.15247413695017963952693662577076  42 0.025700630310498406849717412114842  
1  36 0.15247413695017963952693662577076  
1  27 1.2098213436729627900945160945412  
1  33 0.9968859965570927572642290215299  
1  32 0.9968859965570927572642290215299  
1  38 1.2098213436729627900945160945412  
1  22 0.025700630310498406849717412114842  
2  30 0.15247413695017963952693662577076  49 0.025700630310498406849717412114842  
1  43 0.15247413695017963952693662577076  
1  34 1.2098213436729627900945160945412  
1  40 0.9968859965570927572642290215299  
1  39 0.9968859965570927572642290215299  
1  45 1.2098213436729627900945160945412  
1  29 0.025700630310498406849717412114842  
1  37 0.15247413695017963952693662577076  
0  
1  41 1.2098213436729627900945160945412  
1  47 0.9968859965570927572642290215299  
1  46 0.9968859965570927572642290215299  
0  
1  36 0.025700630310498406849717412114842  
