0 5.68333289e-11 5.68333289e-13 3.230027273e-23
1 5.68333289e-11 5.68333289e-13 3.230027273e-23
2 5.68333289e-11 5.68333289e-13 3.230027273e-23
3 0.0001639874081 1.639874649e-06 2.689186982e-10
4 0.0001639874081 1.639875691e-06 2.689186948e-10
5 0.0001639874081 1.665368485e-06 2.688860649e-10
6 0.0001639874081 1.678936298e-06 2.688583443e-10
7 0.0001639874081 1.752329305e-06 2.691395351e-10
8 0.0008446600461 1.436600933e-05 8.624048088e-09
9 0.0008446600461 1.645121539e-05 8.865754412e-09
10 0.004635092839 6.215474138e-05 2.222177789e-07
11 0.004635092839 6.126716254e-05 2.221398803e-07
12 0.004635092839 6.414898327e-05 2.232364125e-07
13 0.004635092839 0.0001047610311 3.961675574e-07
14 0.005006489904 0.0001903664728 6.838420102e-07
15 0.00531881478 0.0002663608977 1.068875626e-06
16 0.01082831927 0.0003742779764 2.227898502e-06
17 0.01082831927 0.0004077819013 2.411609199e-06
18 0.01613492588 0.0004710357729 4.554481116e-06
19 0.01613492588 0.0005523840025 5.236879622e-06
20 0.01613492588 0.0006124789995 6.18681486e-06
21 0.01613492588 0.0006834355445 7.308124862e-06
22 0.01613492588 0.0008271572273 9.982964041e-06
23 0.1324146485 0.002432942416 0.0001848695268
24 0.1324146485 0.002611324817 0.0001878321332
25 0.1324146485 0.004557196224 0.0003902428192
26 0.1324146485 0.006333521806 0.0005901389065
27 0.1324146485 0.007606893987 0.0006826876537
28 0.1352398625 0.009040233658 0.0009865170147
29 0.1352398625 0.009887260591 0.001015863833
30 0.1352398625 0.008991783944 0.0009665766424
31 0.1456413909 0.009264820514 0.001097825001
32 0.1456413909 0.01245226946 0.001306833437
33 0.1456413909 0.0135781844 0.001512031
34 0.1616020557 0.01222210941 0.00137254684
35 0.1616020557 0.009587106511 0.001095967249
36 0.1616020557 0.01266008618 0.001424830028
37 0.1616020557 0.01170601452 0.001417114507
38 0.1616020557 0.013524967 0.001483082661
39 0.185079806 0.01307178093 0.00156794926
40 0.185079806 0.01504568569 0.001879977675
41 0.2182447503 0.01659327745 0.002189329756
42 0.2182447503 0.01611625079 0.002150671053
43 0.2182447503 0.01942373179 0.002371224576
44 0.2182447503 0.01634883154 0.002112025984
45 0.2182447503 0.02155498939 0.002367529442
46 0.2939248361 0.02678102876 0.003695745214
47 0.2939248361 0.02544175098 0.003390768089
48 0.2939248361 0.02602942882 0.003708063122
49 0.2939248361 0.02897744405 0.003822984879
50 0.2954697677 0.03022004546 0.004490163118
51 0.2954697677 0.02990023049 0.00432509401
52 0.2954697677 0.03094951849 0.004569553368
53 0.2954697677 0.04167604884 0.006286594026
54 0.3692079807 0.04603297264 0.00772665585
55 0.3692079807 0.03997986141 0.007257804567
56 0.3692079807 0.05071102149 0.008328968503
57 0.3692079807 0.04315520035 0.008052389786
58 0.3692079807 0.03524289757 0.007430765763
59 0.3692079807 0.03478161008 0.007577922925
60 0.5322271288 0.05042870805 0.0113974033
61 0.5322271288 0.05282695939 0.0109078643
62 0.5322271288 0.06801937366 0.01509336617
63 0.6584459096 0.06589701497 0.01691046811
64 0.6773590366 0.07407642125 0.02169433504
65 0.7618735491 0.0862468792 0.02726359374
66 0.7921030237 0.09666911903 0.03198048808
67 0.7921030237 0.09995559345 0.0344953843
68 0.7921030237 0.1069437307 0.03806744874
69 0.7921030237 0.1120168681 0.04570824668
70 0.7921030237 0.09823900507 0.03543250912
71 0.7921030237 0.1027337815 0.03819523001
72 0.7921030237 0.1004260976 0.04179409076
73 0.7921030237 0.101811855 0.04548439619
74 0.7921030237 0.09516167228 0.04030938621
75 0.8146663612 0.09557529968 0.03661495573
76 0.8146663612 0.1005346019 0.03980525395
77 0.8890084137 0.09446223214 0.04173230956
78 0.8890084137 0.08868689138 0.04101057413
79 0.8890084137 0.1086932703 0.04713536312
80 0.934076483 0.1299184214 0.05884578309
81 0.934076483 0.1188302837 0.0518029849
82 0.934076483 0.09723222347 0.04258702762
83 0.934076483 0.1110192849 0.0533228099
84 0.934076483 0.1160600187 0.05122176852
85 0.934076483 0.1233887784 0.0544102986
86 0.9441715312 0.1342842629 0.0625517728
87 0.9441715312 0.1309955334 0.06010179626
88 0.9441715312 0.1486014459 0.06802265978
89 0.9441715312 0.1664604013 0.07114165089
90 0.9441715312 0.1854007324 0.07810561109
91 0.9809520731 0.1959125517 0.07890302797
92 0.9809520731 0.2000866557 0.0788736748
93 0.9809520731 0.1876754868 0.07217041724
94 0.9809520731 0.1804540549 0.08371937583
95 0.9930583011 0.2078039341 0.08509027789
95 0.0002801361258 2.985702395e-06 7.852313386e-10
96 0.0006279678714 9.683128044e-06 4.689196834e-09
97 0.002050086003 4.497174145e-05 5.309473843e-08
98 0.006181939404 0.0001348446727 5.011981048e-07
99 0.006181939404 0.0001742346659 5.601055365e-07
100 0.006181939404 0.000152115755 5.438751634e-07
101 0.006181939404 0.0001806774986 6.021964207e-07
102 0.006181939404 0.0001728416106 5.893289559e-07
103 0.006181939404 0.0001489484928 5.572976591e-07
104 0.006181939404 0.0001354360327 5.452496691e-07
105 0.006181939404 0.0001340784427 5.45544935e-07
106 0.006181939404 0.0001347528452 5.453821286e-07
107 0.006181939404 0.0001494903135 5.585138937e-07
108 0.006181939404 0.0001412491035 5.467137268e-07
109 0.006181939404 0.0001969282069 6.678308127e-07
110 0.006181939404 0.0001943483063 7.135594044e-07
111 0.006181939404 0.0001526679548 6.362232143e-07
112 0.006181939404 0.0001632276159 6.432881606e-07
113 0.006181939404 0.0002423572181 9.53128757e-07
114 0.007428246814 0.0002523288663 1.328211692e-06
115 0.007428246814 0.0002723721784 1.497440394e-06
116 0.007428246814 0.0003338833347 1.811918149e-06
117 0.007428246814 0.0002476125706 1.428119306e-06
118 0.01105372429 0.0004836597187 3.406535357e-06
119 0.01105372429 0.0003257346415 2.682968172e-06
120 0.01105372429 0.0004386621836 3.799794407e-06
121 0.01105372429 0.0004017519631 3.47287147e-06
122 0.01105372429 0.0003850415224 3.466352158e-06
123 0.01105372429 0.0003867480651 3.465943126e-06
124 0.01105372429 0.000418571612 3.546371616e-06
125 0.01105372429 0.0004449358975 3.885096891e-06
126 0.01105372429 0.0004294680472 3.66060889e-06
127 0.01105372429 0.0005234258651 4.56101845e-06
128 0.01182701561 0.0005803941856 5.348379837e-06
129 0.01182701561 0.0006090526832 5.67412736e-06
130 0.01182701561 0.0005425212975 5.153348275e-06
131 0.01182701561 0.0005691237692 5.142607203e-06
132 0.01182701561 0.0006962730866 6.651200345e-06
133 0.01182701561 0.0005661222019 5.503625381e-06
134 0.01182701561 0.0006216863827 5.731571777e-06
135 0.01885635065 0.0006648940596 8.180654602e-06
136 0.01885635065 0.0008245727053 9.629765602e-06
137 0.01885635065 0.000664360421 8.461331145e-06
138 0.01885635065 0.0006125116852 7.873542892e-06
139 0.01885635065 0.0006400206171 7.800237751e-06
140 0.01885635065 0.0008070392206 9.661840925e-06
141 0.01885635065 0.0006344475097 8.316840146e-06
142 0.01885635065 0.0006461009352 8.288991747e-06
143 0.0253556522 0.001109096198 1.554313303e-05
144 0.0253556522 0.000966467091 1.437583092e-05
145 0.0253556522 0.0007651731361 1.315606316e-05
146 0.0253556522 0.0009306122991 1.564487338e-05
147 0.0253556522 0.0008752296046 1.44651119e-05
148 0.0253556522 0.0009013809997 1.478306586e-05
149 0.03682463143 0.001426230906 3.046568681e-05
150 0.03682463143 0.001030076057 2.584540397e-05
151 0.03682463143 0.001087746341 2.656871629e-05
152 0.03682463143 0.001183547527 2.683779514e-05
153 0.03682463143 0.001168537742 2.870944197e-05
154 0.03682463143 0.001009985838 2.613183026e-05
155 0.03682463143 0.001071526913 2.628034808e-05
156 0.03682463143 0.00144466082 3.557313918e-05
157 0.03682463143 0.001171218395 3.13726979e-05
158 0.03682463143 0.001318491414 3.169859479e-05
159 0.03682463143 0.001448483273 3.491888339e-05
160 0.03682463143 0.001480686714 3.929959077e-05
161 0.03682463143 0.001380003115 3.740714247e-05
162 0.03682463143 0.001328770126 3.60883827e-05
163 0.03682463143 0.001323642789 3.621162582e-05
164 0.03682463143 0.001490103947 4.06055425e-05
165 0.03682463143 0.001301923679 3.644675214e-05
166 0.03682463143 0.001204484813 3.572213065e-05
167 0.03682463143 0.001690096424 4.049967799e-05
168 0.03682463143 0.001537578176 4.514232671e-05
169 0.03682463143 0.001387910762 3.968171992e-05
170 0.03682463143 0.001500357187 3.970303306e-05
171 0.03682463143 0.001541476107 4.457471409e-05
172 0.03682463143 0.001491892441 4.036172761e-05
173 0.05257034455 0.002307943105 7.738370964e-05
174 0.05257034455 0.002152814019 7.332111806e-05
175 0.05257034455 0.001867546579 6.366436125e-05
176 0.05257034455 0.001900250307 6.457680058e-05
177 0.05257034455 0.002035136695 7.09266703e-05
178 0.05257034455 0.002247050131 7.929268818e-05
179 0.05257034455 0.001937005076 7.241490871e-05
180 0.05257034455 0.001643937247 6.4256096e-05
181 0.05257034455 0.002542198247 8.805743096e-05
182 0.05257034455 0.001648625961 6.769222985e-05
183 0.05257034455 0.001758248213 6.770986204e-05
184 0.05257034455 0.001722031086 6.757329105e-05
185 0.05257034455 0.001841043539 6.836169237e-05
186 0.05257034455 0.002090690576 8.46561814e-05
187 0.05257034455 0.002085615792 7.825150458e-05
188 0.05257034455 0.00186369577 7.434318053e-05
189 0.05257034455 0.002321403878 8.442329621e-05
190 0.05257034455 0.002452845198 8.690678844e-05
191 0.05257034455 0.002084532008 7.782919302e-05
192 0.05257034455 0.001842294427 7.35095553e-05
193 0.05257034455 0.001871827467 7.347191282e-05
194 0.05257034455 0.001840060368 7.339654695e-05
195 0.05257034455 0.001760046628 7.308079866e-05
196 0.05257034455 0.002052859916 7.980166034e-05
197 0.05257034455 0.002299770405 9.075616364e-05
198 0.05257034455 0.001786172825 7.826387926e-05
199 0.05257034455 0.00212816604 8.245026351e-05
200 0.05257034455 0.002356744896 8.709909201e-05
201 0.05257034455 0.001999201637 7.887604808e-05
202 0.05257034455 0.001932240307 7.866478726e-05
203 0.05257034455 0.002342615281 8.201329548e-05
204 0.05257034455 0.002366809866 8.404747637e-05
205 0.05257034455 0.002745960924 0.0001117802754
206 0.05257034455 0.002270091447 9.713101747e-05
207 0.05257034455 0.001923400992 8.164101428e-05
208 0.05257034455 0.002168541279 8.873030637e-05
209 0.05257034455 0.002432369908 0.0001004565182
210 0.05257034455 0.002741079513 0.0001078362082
211 0.05257034455 0.002110637732 8.302971393e-05
212 0.05257034455 0.00273232277 0.0001051734365
213 0.05257034455 0.00187468752 8.150997555e-05
214 0.05257034455 0.002233137865 8.683205985e-05
215 0.05257034455 0.002017340697 8.436862089e-05
216 0.05257034455 0.00183730166 8.154369972e-05
217 0.05257034455 0.002185906031 8.535850388e-05
218 0.05257034455 0.002014327698 8.216555612e-05
219 0.05257034455 0.002527838787 9.499253513e-05
220 0.05257034455 0.001993151503 8.207209639e-05
221 0.05257034455 0.002556371102 0.0001073714316
222 0.05257034455 0.003113274449 0.0001254984227
223 0.05257034455 0.001950691695 8.895470368e-05
224 0.05257034455 0.001928712524 8.898109799e-05
225 0.05257034455 0.002484196531 0.0001042589072
226 0.05257034455 0.002144181285 9.215430175e-05
227 0.05257034455 0.002023932273 8.925443948e-05
228 0.05257034455 0.002016235819 8.910449993e-05
229 0.05257034455 0.002400035575 0.000101546236
230 0.05257034455 0.00241344024 0.0001001961492
231 0.05257034455 0.002583954202 0.0001095882796
232 0.05257034455 0.002456011642 0.0001031212996
233 0.05257034455 0.002213084571 9.514161862e-05
234 0.05257034455 0.002101428477 9.142818428e-05
235 0.05257034455 0.002179262785 9.143510855e-05
236 0.05257034455 0.002552101948 9.87545764e-05
237 0.05257034455 0.003989488796 0.0001624104955
238 0.05257034455 0.002498790937 0.0001042200215
239 0.05257034455 0.002206659895 9.728703876e-05
240 0.05257034455 0.003682597655 0.0001512777093
241 0.05257034455 0.003317014903 0.0001353350827
242 0.05257034455 0.002734663935 0.0001192293603
243 0.05257034455 0.002727531799 0.000110017994
244 0.05257034455 0.002055824317 9.730910161e-05
245 0.05257034455 0.002157800719 9.790912731e-05
246 0.05257034455 0.002175489497 9.808660059e-05
247 0.05257034455 0.002947495795 0.0001215127139
248 0.05257034455 0.002540085012 0.0001126974611
249 0.05257034455 0.002233640271 9.832354226e-05
250 0.05257034455 0.002288115185 9.833972641e-05
251 0.05257034455 0.002529213001 0.0001048554012
252 0.05257034455 0.002581786326 0.0001105836712
253 0.05257034455 0.002584873318 0.000116877355
254 0.05257034455 0.002358939448 0.0001012407777
255 0.05257034455 0.003088400051 0.0001307766147
256 0.05257034455 0.002168720439 9.776751765e-05
257 0.05257034455 0.002116375061 9.729995383e-05
258 0.05257034455 0.002062229987 9.737686253e-05
259 0.05257034455 0.003000543277 0.0001244972827
260 0.05257034455 0.002567739834 0.0001008328244
261 0.05257034455 0.002761752821 0.0001122752285
262 0.05257034455 0.002401525233 0.0001007082535
263 0.05257034455 0.002135589412 9.745570882e-05
264 0.05257034455 0.002144561059 9.736204884e-05
265 0.05257034455 0.002545501865 0.0001141584307
266 0.05257034455 0.00201755762 9.73314333e-05
267 0.05257034455 0.002618624344 0.0001076372941
268 0.05257034455 0.002050978628 9.72851607e-05
269 0.05257034455 0.002071249925 9.739046524e-05
270 0.05257034455 0.002093782085 9.734052835e-05
271 0.05257034455 0.002129910581 9.743885189e-05
272 0.05257034455 0.002047986726 9.726139502e-05
273 0.05257034455 0.002008949911 9.735952275e-05
274 0.05257034455 0.002204427158 0.0001000356881
275 0.05257034455 0.002150101537 9.763864684e-05
276 0.05257034455 0.002114376107 9.724694979e-05
277 0.05257034455 0.002014122774 9.734308751e-05
278 0.05257034455 0.002105720547 9.773350298e-05
279 0.05257034455 0.002517253888 0.0001121672898
280 0.05257034455 0.002518272166 0.0001213653131
281 0.05257034455 0.002299795359 0.0001058653537
282 0.05257034455 0.002166584162 0.000100221198
283 0.05257034455 0.002467957876 0.0001077494224
284 0.05257034455 0.002563562198 0.000120036109
285 0.05257034455 0.002297177113 0.000102870713
286 0.05257034455 0.002589938977 0.0001166345387
287 0.05257034455 0.00224241887 0.0001011353317
288 0.05257034455 0.002160431657 9.987186158e-05
289 0.05257034455 0.002197925079 0.0001003934377
290 0.05257034455 0.002637503861 0.0001161407655
291 0.05257034455 0.00253458989 0.0001137946325
292 0.05257034455 0.002558002786 0.0001041277199
293 0.05257034455 0.002544375595 0.0001104658263
294 0.05257034455 0.002661019954 0.0001235625124
295 0.05257034455 0.002570914055 0.0001106902957
296 0.05257034455 0.002698699759 0.0001139911008
297 0.05257034455 0.002153826244 0.0001016185372
298 0.05257034455 0.002863717331 0.0001297115199
299 0.05257034455 0.002906166588 0.0001289566294
300 0.05614198545 0.002691642757 0.0001317697965
