49 9 6

0.45914610221369989151440904606716 0.18093860114788151705056407081429 0.38381238501910397431515775679145 0.7118569158903781390890230795776 2.1136728883901345632523316453444 0.69956908973246267890999661176465 2.4522498799325127549764147261158 0.45914610221369989151440904606716 0.18093860114788151705056407081429 0.38381238501910397431515775679145 0.7118569158903781390890230795776 2.1136728883901345632523316453444 0.69956908973246267890999661176465 2.4522498799325127549764147261158 0.45914610221369989151440904606716 0.18093860114788151705056407081429 0.38381238501910397431515775679145 0.7118569158903781390890230795776 2.1136728883901345632523316453444 0.69956908973246267890999661176465 2.4522498799325127549764147261158 0.45914610221369989151440904606716 0.18093860114788151705056407081429 0.38381238501910397431515775679145 0.7118569158903781390890230795776 2.1136728883901345632523316453444 0.69956908973246267890999661176465 2.4522498799325127549764147261158 0.45914610221369989151440904606716 0.18093860114788151705056407081429 0.38381238501910397431515775679145 0.7118569158903781390890230795776 2.1136728883901345632523316453444 0.69956908973246267890999661176465 2.4522498799325127549764147261158 0.45914610221369989151440904606716 0.18093860114788151705056407081429 0.38381238501910397431515775679145 0.7118569158903781390890230795776 2.1136728883901345632523316453444 0.69956908973246267890999661176465 2.4522498799325127549764147261158 0.45914610221369989151440904606716 0.18093860114788151705056407081429 0.38381238501910397431515775679145 0.7118569158903781390890230795776 2.1136728883901345632523316453444 0.69956908973246267890999661176465 2.4522498799325127549764147261158 

0.83502638071181012335841842286754 3.5665278626431309305644390406087 -10.443276066325919870791949506383 2.3541405373623560670637289149454 12.630973174532797997926536481827 -8.4355814665388049178318397025578 -6.8662413690524539688908589596394 0.83502638071181012335841842286754 3.5665278626431309305644390406087 -10.443276066325919870791949506383 2.3541405373623560670637289149454 12.630973174532797997926536481827 -8.4355814665388049178318397025578 -6.8662413690524539688908589596394 0.83502638071181012335841842286754 3.5665278626431309305644390406087 -10.443276066325919870791949506383 2.3541405373623560670637289149454 12.630973174532797997926536481827 -8.4355814665388049178318397025578 -6.8662413690524539688908589596394 0.83502638071181012335841842286754 3.5665278626431309305644390406087 -10.443276066325919870791949506383 2.3541405373623560670637289149454 12.630973174532797997926536481827 -8.4355814665388049178318397025578 -6.8662413690524539688908589596394 0.83502638071181012335841842286754 3.5665278626431309305644390406087 -10.443276066325919870791949506383 2.3541405373623560670637289149454 12.630973174532797997926536481827 -8.4355814665388049178318397025578 -6.8662413690524539688908589596394 0.83502638071181012335841842286754 3.5665278626431309305644390406087 -10.443276066325919870791949506383 2.3541405373623560670637289149454 12.630973174532797997926536481827 -8.4355814665388049178318397025578 -6.8662413690524539688908589596394 0.83502638071181012335841842286754 3.5665278626431309305644390406087 -10.443276066325919870791949506383 2.3541405373623560670637289149454 12.630973174532797997926536481827 -8.4355814665388049178318397025578 -6.8662413690524539688908589596394 

1 1 1 1 1 1 1 1 1 1 1 1 1 1 1 1 1 1 1 1 1 1 1 1 1 1 1 1 1 1 1 1 1 1 1 1 1 1 1 1 1 1 1 1 1 1 1 1 1 

-0.83502638071181012335841842286754 -3.5665278626431309305644390406087 10.443276066325919870791949506383 -2.3541405373623560670637289149454 -12.630973174532797997926536481827 8.4355814665388049178318397025578 6.8662413690524539688908589596394 -0.83502638071181012335841842286754 -3.5665278626431309305644390406087 10.443276066325919870791949506383 -2.3541405373623560670637289149454 -12.630973174532797997926536481827 8.4355814665388049178318397025578 6.8662413690524539688908589596394 -0.83502638071181012335841842286754 -3.5665278626431309305644390406087 10.443276066325919870791949506383 -2.3541405373623560670637289149454 -12.630973174532797997926536481827 8.4355814665388049178318397025578 6.8662413690524539688908589596394 -0.83502638071181012335841842286754 -3.5665278626431309305644390406087 10.443276066325919870791949506383 -2.3541405373623560670637289149454 -12.630973174532797997926536481827 8.4355814665388049178318397025578 6.8662413690524539688908589596394 -0.83502638071181012335841842286754 -3.5665278626431309305644390406087 10.443276066325919870791949506383 -2.3541405373623560670637289149454 -12.630973174532797997926536481827 8.4355814665388049178318397025578 6.8662413690524539688908589596394 -0.83502638071181012335841842286754 -3.5665278626431309305644390406087 10.443276066325919870791949506383 -2.3541405373623560670637289149454 -12.630973174532797997926536481827 8.4355814665388049178318397025578 6.8662413690524539688908589596394 -0.83502638071181012335841842286754 -3.5665278626431309305644390406087 10.443276066325919870791949506383 -2.3541405373623560670637289149454 -12.630973174532797997926536481827 8.4355814665388049178318397025578 6.8662413690524539688908589596394 

2  1 -1.8872567911274160668000376972486  3 6.6119236590592649349673592951149  
2  2 7.4951082945667035772885355981998  1 -14.453184295218935773164048441686  
2  3 11.632754247003642689151092781685  2 12.238962172427530816776197752915  
5  4 3.4598261596343387047625128616346  2 -7.8157803910899863453209945873823  6 4.8197158380024278656605929427315  7 1.7415237304565129861089189944323  14 9.1479550052827764972107615903951  
2  5 -7.5247788536790816138477566710208  1 -11.573150445660246532497694715858  
2  6 -12.99236537282542158777687291149  5 12.624767836462234882333177665714  
2  7 -14.547905889445345906096918042749  5 0.96857708192794111923262789787259  
2  8 -1.8872567911274160668000376972486  10 6.6119236590592649349673592951149  
2  9 7.4951082945667035772885355981998  8 -14.453184295218935773164048441686  
2  10 11.632754247003642689151092781685  9 12.238962172427530816776197752915  
6  3 5.9190085040764035539950782549568  11 3.4598261596343387047625128616346  9 -7.8157803910899863453209945873823  13 4.8197158380024278656605929427315  14 1.7415237304565129861089189944323  21 9.1479550052827764972107615903951  
2  12 -7.5247788536790816138477566710208  8 -11.573150445660246532497694715858  
2  13 -12.99236537282542158777687291149  12 12.624767836462234882333177665714  
2  14 -14.547905889445345906096918042749  12 0.96857708192794111923262789787259  
2  15 -1.8872567911274160668000376972486  17 6.6119236590592649349673592951149  
2  16 7.4951082945667035772885355981998  15 -14.453184295218935773164048441686  
2  17 11.632754247003642689151092781685  16 12.238962172427530816776197752915  
6  10 5.9190085040764035539950782549568  18 3.4598261596343387047625128616346  16 -7.8157803910899863453209945873823  20 4.8197158380024278656605929427315  21 1.7415237304565129861089189944323  28 9.1479550052827764972107615903951  
2  19 -7.5247788536790816138477566710208  15 -11.573150445660246532497694715858  
2  20 -12.99236537282542158777687291149  19 12.624767836462234882333177665714  
2  21 -14.547905889445345906096918042749  19 0.96857708192794111923262789787259  
2  22 -1.8872567911274160668000376972486  24 6.6119236590592649349673592951149  
2  23 7.4951082945667035772885355981998  22 -14.453184295218935773164048441686  
2  24 11.632754247003642689151092781685  23 12.238962172427530816776197752915  
6  17 5.9190085040764035539950782549568  25 3.4598261596343387047625128616346  23 -7.8157803910899863453209945873823  27 4.8197158380024278656605929427315  28 1.7415237304565129861089189944323  35 9.1479550052827764972107615903951  
2  26 -7.5247788536790816138477566710208  22 -11.573150445660246532497694715858  
2  27 -12.99236537282542158777687291149  26 12.624767836462234882333177665714  
2  28 -14.547905889445345906096918042749  26 0.96857708192794111923262789787259  
2  29 -1.8872567911274160668000376972486  31 6.6119236590592649349673592951149  
2  30 7.4951082945667035772885355981998  29 -14.453184295218935773164048441686  
2  31 11.632754247003642689151092781685  30 12.238962172427530816776197752915  
6  24 5.9190085040764035539950782549568  32 3.4598261596343387047625128616346  30 -7.8157803910899863453209945873823  34 4.8197158380024278656605929427315  35 1.7415237304565129861089189944323  42 9.1479550052827764972107615903951  
2  33 -7.5247788536790816138477566710208  29 -11.573150445660246532497694715858  
2  34 -12.99236537282542158777687291149  33 12.624767836462234882333177665714  
2  35 -14.547905889445345906096918042749  33 0.96857708192794111923262789787259  
2  36 -1.8872567911274160668000376972486  38 6.6119236590592649349673592951149  
2  37 7.4951082945667035772885355981998  36 -14.453184295218935773164048441686  
2  38 11.632754247003642689151092781685  37 12.238962172427530816776197752915  
6  31 5.9190085040764035539950782549568  39 3.4598261596343387047625128616346  37 -7.8157803910899863453209945873823  41 4.8197158380024278656605929427315  42 1.7415237304565129861089189944323  49 9.1479550052827764972107615903951  
2  40 -7.5247788536790816138477566710208  36 -11.573150445660246532497694715858  
2  41 -12.99236537282542158777687291149  40 12.624767836462234882333177665714  
2  42 -14.547905889445345906096918042749  40 0.96857708192794111923262789787259  
2  43 -1.8872567911274160668000376972486  45 6.6119236590592649349673592951149  
2  44 7.4951082945667035772885355981998  43 -14.453184295218935773164048441686  
2  45 11.632754247003642689151092781685  44 12.238962172427530816776197752915  
5  38 5.9190085040764035539950782549568  46 3.4598261596343387047625128616346  44 -7.8157803910899863453209945873823  48 4.8197158380024278656605929427315  49 1.7415237304565129861089189944323  
2  47 -7.5247788536790816138477566710208  43 -11.573150445660246532497694715858  
2  48 -12.99236537282542158777687291149  47 12.624767836462234882333177665714  
2  49 -14.547905889445345906096918042749  47 0.96857708192794111923262789787259  

1  14 1.1054801553479776110577859071782  
1  8 0.91682737691041016336868096914259  
0  
1  5 0.79715718360012499665856466890546  
1  4 0.79715718360012499665856466890546  
1  10 0.70877550093423535848558003635844  
0  
2  2 0.91682737691041016336868096914259  21 1.1054801553479776110577859071782  
1  15 0.91682737691041016336868096914259  
1  6 0.70877550093423535848558003635844  
1  12 0.79715718360012499665856466890546  
1  11 0.79715718360012499665856466890546  
1  17 0.70877550093423535848558003635844  
1  1 1.1054801553479776110577859071782  
2  9 0.91682737691041016336868096914259  28 1.1054801553479776110577859071782  
1  22 0.91682737691041016336868096914259  
1  13 0.70877550093423535848558003635844  
1  19 0.79715718360012499665856466890546  
1  18 0.79715718360012499665856466890546  
1  24 0.70877550093423535848558003635844  
1  8 1.1054801553479776110577859071782  
2  16 0.91682737691041016336868096914259  35 1.1054801553479776110577859071782  
1  29 0.91682737691041016336868096914259  
1  20 0.70877550093423535848558003635844  
1  26 0.79715718360012499665856466890546  
1  25 0.79715718360012499665856466890546  
1  31 0.70877550093423535848558003635844  
1  15 1.1054801553479776110577859071782  
2  23 0.91682737691041016336868096914259  42 1.1054801553479776110577859071782  
1  36 0.91682737691041016336868096914259  
1  27 0.70877550093423535848558003635844  
1  33 0.79715718360012499665856466890546  
1  32 0.79715718360012499665856466890546  
1  38 0.70877550093423535848558003635844  
1  22 1.1054801553479776110577859071782  
2  30 0.91682737691041016336868096914259  49 1.1054801553479776110577859071782  
1  43 0.91682737691041016336868096914259  
1  34 0.70877550093423535848558003635844  
1  40 0.79715718360012499665856466890546  
1  39 0.79715718360012499665856466890546  
1  45 0.70877550093423535848558003635844  
1  29 1.1054801553479776110577859071782  
1  37 0.91682737691041016336868096914259  
0  
1  41 0.70877550093423535848558003635844  
1  47 0.79715718360012499665856466890546  
1  46 0.79715718360012499665856466890546  
0  
1  36 1.1054801553479776110577859071782  
