49 9 6

0.75566007697399195652820935720229 1.4386267305140252314998861038475 0.23252798449912348566215314349392 0.10000000000000008881784197001252 0.63014747120684722059280602479703 1.8394778697563571867590326291975 0.76301064282285313566944751073606 0.75566007697399195652820935720229 1.4386267305140252314998861038475 0.23252798449912348566215314349392 0.10000000000000008881784197001252 0.63014747120684722059280602479703 1.8394778697563571867590326291975 0.76301064282285313566944751073606 0.75566007697399195652820935720229 1.4386267305140252314998861038475 0.23252798449912348566215314349392 0.10000000000000008881784197001252 0.63014747120684722059280602479703 1.8394778697563571867590326291975 0.76301064282285313566944751073606 0.75566007697399195652820935720229 1.4386267305140252314998861038475 0.23252798449912348566215314349392 0.10000000000000008881784197001252 0.63014747120684722059280602479703 1.8394778697563571867590326291975 0.76301064282285313566944751073606 0.75566007697399195652820935720229 1.4386267305140252314998861038475 0.23252798449912348566215314349392 0.10000000000000008881784197001252 0.63014747120684722059280602479703 1.8394778697563571867590326291975 0.76301064282285313566944751073606 0.75566007697399195652820935720229 1.4386267305140252314998861038475 0.23252798449912348566215314349392 0.10000000000000008881784197001252 0.63014747120684722059280602479703 1.8394778697563571867590326291975 0.76301064282285313566944751073606 0.75566007697399195652820935720229 1.4386267305140252314998861038475 0.23252798449912348566215314349392 0.10000000000000008881784197001252 0.63014747120684722059280602479703 1.8394778697563571867590326291975 0.76301064282285313566944751073606 

-5.3109502815797586805501850903966 -1.4243378406400193370018314453773 -5.9414995808600865601079021871556 12.133136620893331780735024949536 1.7623212673253330073919187270803 -2.9948038787022372986257323645987 1.9321321305005065838145128509495 -5.3109502815797586805501850903966 -1.4243378406400193370018314453773 -5.9414995808600865601079021871556 12.133136620893331780735024949536 1.7623212673253330073919187270803 -2.9948038787022372986257323645987 1.9321321305005065838145128509495 -5.3109502815797586805501850903966 -1.4243378406400193370018314453773 -5.9414995808600865601079021871556 12.133136620893331780735024949536 1.7623212673253330073919187270803 -2.9948038787022372986257323645987 1.9321321305005065838145128509495 -5.3109502815797586805501850903966 -1.4243378406400193370018314453773 -5.9414995808600865601079021871556 12.133136620893331780735024949536 1.7623212673253330073919187270803 -2.9948038787022372986257323645987 1.9321321305005065838145128509495 -5.3109502815797586805501850903966 -1.4243378406400193370018314453773 -5.9414995808600865601079021871556 12.133136620893331780735024949536 1.7623212673253330073919187270803 -2.9948038787022372986257323645987 1.9321321305005065838145128509495 -5.3109502815797586805501850903966 -1.4243378406400193370018314453773 -5.9414995808600865601079021871556 12.133136620893331780735024949536 1.7623212673253330073919187270803 -2.9948038787022372986257323645987 1.9321321305005065838145128509495 -5.3109502815797586805501850903966 -1.4243378406400193370018314453773 -5.9414995808600865601079021871556 12.133136620893331780735024949536 1.7623212673253330073919187270803 -2.9948038787022372986257323645987 1.9321321305005065838145128509495 

1 1 1 1 1 1 1 1 1 1 1 1 1 1 1 1 1 1 1 1 1 1 1 1 1 1 1 1 1 1 1 1 1 1 1 1 1 1 1 1 1 1 1 1 1 1 1 1 1 

5.3109502815797586805501850903966 1.4243378406400193370018314453773 5.9414995808600865601079021871556 -12.133136620893331780735024949536 -1.7623212673253330073919187270803 2.9948038787022372986257323645987 -1.9321321305005065838145128509495 5.3109502815797586805501850903966 1.4243378406400193370018314453773 5.9414995808600865601079021871556 -12.133136620893331780735024949536 -1.7623212673253330073919187270803 2.9948038787022372986257323645987 -1.9321321305005065838145128509495 5.3109502815797586805501850903966 1.4243378406400193370018314453773 5.9414995808600865601079021871556 -12.133136620893331780735024949536 -1.7623212673253330073919187270803 2.9948038787022372986257323645987 -1.9321321305005065838145128509495 5.3109502815797586805501850903966 1.4243378406400193370018314453773 5.9414995808600865601079021871556 -12.133136620893331780735024949536 -1.7623212673253330073919187270803 2.9948038787022372986257323645987 -1.9321321305005065838145128509495 5.3109502815797586805501850903966 1.4243378406400193370018314453773 5.9414995808600865601079021871556 -12.133136620893331780735024949536 -1.7623212673253330073919187270803 2.9948038787022372986257323645987 -1.9321321305005065838145128509495 5.3109502815797586805501850903966 1.4243378406400193370018314453773 5.9414995808600865601079021871556 -12.133136620893331780735024949536 -1.7623212673253330073919187270803 2.9948038787022372986257323645987 -1.9321321305005065838145128509495 5.3109502815797586805501850903966 1.4243378406400193370018314453773 5.9414995808600865601079021871556 -12.133136620893331780735024949536 -1.7623212673253330073919187270803 2.9948038787022372986257323645987 -1.9321321305005065838145128509495 

2  1 -4.1956246466525444205331041302998  3 14.635602429556728409920651756693  
2  2 6.9554933773520382089827762683854  1 -14.089622328081615521000458102208  
2  3 2.9478694198252468616772148379823  2 7.6719408877309263061761157587171  
5  4 -6.0908783795127021676307776942849  2 3.6247934108450388102085071295733  6 -9.5908188345140885644468653481454  7 4.6592414242160815618376545899082  14 11.494065312974587556027472601272  
2  5 1.9400272320757676602909214125248  1 -14.715071902273658466242522990797  
2  6 -6.2769455436158576588923097006045  5 14.191212275405016285390047414694  
2  7 -1.8027387504246392690987477180897  5 8.3783639959766826876830236869864  
2  8 -4.1956246466525444205331041302998  10 14.635602429556728409920651756693  
2  9 6.9554933773520382089827762683854  8 -14.089622328081615521000458102208  
2  10 2.9478694198252468616772148379823  9 7.6719408877309263061761157587171  
6  3 -11.948035508427206963233402348123  11 -6.0908783795127021676307776942849  9 3.6247934108450388102085071295733  13 -9.5908188345140885644468653481454  14 4.6592414242160815618376545899082  21 11.494065312974587556027472601272  
2  12 1.9400272320757676602909214125248  8 -14.715071902273658466242522990797  
2  13 -6.2769455436158576588923097006045  12 14.191212275405016285390047414694  
2  14 -1.8027387504246392690987477180897  12 8.3783639959766826876830236869864  
2  15 -4.1956246466525444205331041302998  17 14.635602429556728409920651756693  
2  16 6.9554933773520382089827762683854  15 -14.089622328081615521000458102208  
2  17 2.9478694198252468616772148379823  16 7.6719408877309263061761157587171  
6  10 -11.948035508427206963233402348123  18 -6.0908783795127021676307776942849  16 3.6247934108450388102085071295733  20 -9.5908188345140885644468653481454  21 4.6592414242160815618376545899082  28 11.494065312974587556027472601272  
2  19 1.9400272320757676602909214125248  15 -14.715071902273658466242522990797  
2  20 -6.2769455436158576588923097006045  19 14.191212275405016285390047414694  
2  21 -1.8027387504246392690987477180897  19 8.3783639959766826876830236869864  
2  22 -4.1956246466525444205331041302998  24 14.635602429556728409920651756693  
2  23 6.9554933773520382089827762683854  22 -14.089622328081615521000458102208  
2  24 2.9478694198252468616772148379823  23 7.6719408877309263061761157587171  
6  17 -11.948035508427206963233402348123  25 -6.0908783795127021676307776942849  23 3.6247934108450388102085071295733  27 -9.5908188345140885644468653481454  28 4.6592414242160815618376545899082  35 11.494065312974587556027472601272  
2  26 1.9400272320757676602909214125248  22 -14.715071902273658466242522990797  
2  27 -6.2769455436158576588923097006045  26 14.191212275405016285390047414694  
2  28 -1.8027387504246392690987477180897  26 8.3783639959766826876830236869864  
2  29 -4.1956246466525444205331041302998  31 14.635602429556728409920651756693  
2  30 6.9554933773520382089827762683854  29 -14.089622328081615521000458102208  
2  31 2.9478694198252468616772148379823  30 7.6719408877309263061761157587171  
6  24 -11.948035508427206963233402348123  32 -6.0908783795127021676307776942849  30 3.6247934108450388102085071295733  34 -9.5908188345140885644468653481454  35 4.6592414242160815618376545899082  42 11.494065312974587556027472601272  
2  33 1.9400272320757676602909214125248  29 -14.715071902273658466242522990797  
2  34 -6.2769455436158576588923097006045  33 14.191212275405016285390047414694  
2  35 -1.8027387504246392690987477180897  33 8.3783639959766826876830236869864  
2  36 -4.1956246466525444205331041302998  38 14.635602429556728409920651756693  
2  37 6.9554933773520382089827762683854  36 -14.089622328081615521000458102208  
2  38 2.9478694198252468616772148379823  37 7.6719408877309263061761157587171  
6  31 -11.948035508427206963233402348123  39 -6.0908783795127021676307776942849  37 3.6247934108450388102085071295733  41 -9.5908188345140885644468653481454  42 4.6592414242160815618376545899082  49 11.494065312974587556027472601272  
2  40 1.9400272320757676602909214125248  36 -14.715071902273658466242522990797  
2  41 -6.2769455436158576588923097006045  40 14.191212275405016285390047414694  
2  42 -1.8027387504246392690987477180897  40 8.3783639959766826876830236869864  
2  43 -4.1956246466525444205331041302998  45 14.635602429556728409920651756693  
2  44 6.9554933773520382089827762683854  43 -14.089622328081615521000458102208  
2  45 2.9478694198252468616772148379823  44 7.6719408877309263061761157587171  
5  38 -11.948035508427206963233402348123  46 -6.0908783795127021676307776942849  44 3.6247934108450388102085071295733  48 -9.5908188345140885644468653481454  49 4.6592414242160815618376545899082  
2  47 1.9400272320757676602909214125248  43 -14.715071902273658466242522990797  
2  48 -6.2769455436158576588923097006045  47 14.191212275405016285390047414694  
2  49 -1.8027387504246392690987477180897  47 8.3783639959766826876830236869864  

1  14 1.6387268163500898765505553456023  
1  8 0.82505014966234313522619459035923  
0  
1  5 0.95338338791451493481332590818056  
1  4 0.95338338791451493481332590818056  
1  10 1.4334173746475113997433936674497  
0  
2  2 0.82505014966234313522619459035923  21 1.6387268163500898765505553456023  
1  15 0.82505014966234313522619459035923  
1  6 1.4334173746475113997433936674497  
1  12 0.95338338791451493481332590818056  
1  11 0.95338338791451493481332590818056  
1  17 1.4334173746475113997433936674497  
1  1 1.6387268163500898765505553456023  
2  9 0.82505014966234313522619459035923  28 1.6387268163500898765505553456023  
1  22 0.82505014966234313522619459035923  
1  13 1.4334173746475113997433936674497  
1  19 0.95338338791451493481332590818056  
1  18 0.95338338791451493481332590818056  
1  24 1.4334173746475113997433936674497  
1  8 1.6387268163500898765505553456023  
2  16 0.82505014966234313522619459035923  35 1.6387268163500898765505553456023  
1  29 0.82505014966234313522619459035923  
1  20 1.4334173746475113997433936674497  
1  26 0.95338338791451493481332590818056  
1  25 0.95338338791451493481332590818056  
1  31 1.4334173746475113997433936674497  
1  15 1.6387268163500898765505553456023  
2  23 0.82505014966234313522619459035923  42 1.6387268163500898765505553456023  
1  36 0.82505014966234313522619459035923  
1  27 1.4334173746475113997433936674497  
1  33 0.95338338791451493481332590818056  
1  32 0.95338338791451493481332590818056  
1  38 1.4334173746475113997433936674497  
1  22 1.6387268163500898765505553456023  
2  30 0.82505014966234313522619459035923  49 1.6387268163500898765505553456023  
1  43 0.82505014966234313522619459035923  
1  34 1.4334173746475113997433936674497  
1  40 0.95338338791451493481332590818056  
1  39 0.95338338791451493481332590818056  
1  45 1.4334173746475113997433936674497  
1  29 1.6387268163500898765505553456023  
1  37 0.82505014966234313522619459035923  
0  
1  41 1.4334173746475113997433936674497  
1  47 0.95338338791451493481332590818056  
1  46 0.95338338791451493481332590818056  
0  
1  36 1.6387268163500898765505553456023  
