49 9 6

0.48493612895290172382090077007888 0.95429405516180310087293037213385 0.13286119285866626604786233656341 0.14744509838706876259095679415623 1.2824646902801182246633970862604 1.3758595721391322364013376500225 1.4225591094228597910387179581448 0.48493612895290172382090077007888 0.95429405516180310087293037213385 0.13286119285866626604786233656341 0.14744509838706876259095679415623 1.2824646902801182246633970862604 1.3758595721391322364013376500225 1.4225591094228597910387179581448 0.48493612895290172382090077007888 0.95429405516180310087293037213385 0.13286119285866626604786233656341 0.14744509838706876259095679415623 1.2824646902801182246633970862604 1.3758595721391322364013376500225 1.4225591094228597910387179581448 0.48493612895290172382090077007888 0.95429405516180310087293037213385 0.13286119285866626604786233656341 0.14744509838706876259095679415623 1.2824646902801182246633970862604 1.3758595721391322364013376500225 1.4225591094228597910387179581448 0.48493612895290172382090077007888 0.95429405516180310087293037213385 0.13286119285866626604786233656341 0.14744509838706876259095679415623 1.2824646902801182246633970862604 1.3758595721391322364013376500225 1.4225591094228597910387179581448 0.48493612895290172382090077007888 0.95429405516180310087293037213385 0.13286119285866626604786233656341 0.14744509838706876259095679415623 1.2824646902801182246633970862604 1.3758595721391322364013376500225 1.4225591094228597910387179581448 0.48493612895290172382090077007888 0.95429405516180310087293037213385 0.13286119285866626604786233656341 0.14744509838706876259095679415623 1.2824646902801182246633970862604 1.3758595721391322364013376500225 1.4225591094228597910387179581448 

1.4367671641254902148432393005351 1.86317496048106412409595122881 -10.695379645820450420501401822548 -11.364561460110985890992196800653 -1.451925008781605797025804349687 -7.5078280023212480287497783137951 -8.1716338515787292351433279691264 1.4367671641254902148432393005351 1.86317496048106412409595122881 -10.695379645820450420501401822548 -11.364561460110985890992196800653 -1.451925008781605797025804349687 -7.5078280023212480287497783137951 -8.1716338515787292351433279691264 1.4367671641254902148432393005351 1.86317496048106412409595122881 -10.695379645820450420501401822548 -11.364561460110985890992196800653 -1.451925008781605797025804349687 -7.5078280023212480287497783137951 -8.1716338515787292351433279691264 1.4367671641254902148432393005351 1.86317496048106412409595122881 -10.695379645820450420501401822548 -11.364561460110985890992196800653 -1.451925008781605797025804349687 -7.5078280023212480287497783137951 -8.1716338515787292351433279691264 1.4367671641254902148432393005351 1.86317496048106412409595122881 -10.695379645820450420501401822548 -11.364561460110985890992196800653 -1.451925008781605797025804349687 -7.5078280023212480287497783137951 -8.1716338515787292351433279691264 1.4367671641254902148432393005351 1.86317496048106412409595122881 -10.695379645820450420501401822548 -11.364561460110985890992196800653 -1.451925008781605797025804349687 -7.5078280023212480287497783137951 -8.1716338515787292351433279691264 1.4367671641254902148432393005351 1.86317496048106412409595122881 -10.695379645820450420501401822548 -11.364561460110985890992196800653 -1.451925008781605797025804349687 -7.5078280023212480287497783137951 -8.1716338515787292351433279691264 

1 1 1 1 1 1 1 1 1 1 1 1 1 1 1 1 1 1 1 1 1 1 1 1 1 1 1 1 1 1 1 1 1 1 1 1 1 1 1 1 1 1 1 1 1 1 1 1 1 

-1.4367671641254902148432393005351 -1.86317496048106412409595122881 10.695379645820450420501401822548 11.364561460110985890992196800653 1.451925008781605797025804349687 7.5078280023212480287497783137951 8.1716338515787292351433279691264 -1.4367671641254902148432393005351 -1.86317496048106412409595122881 10.695379645820450420501401822548 11.364561460110985890992196800653 1.451925008781605797025804349687 7.5078280023212480287497783137951 8.1716338515787292351433279691264 -1.4367671641254902148432393005351 -1.86317496048106412409595122881 10.695379645820450420501401822548 11.364561460110985890992196800653 1.451925008781605797025804349687 7.5078280023212480287497783137951 8.1716338515787292351433279691264 -1.4367671641254902148432393005351 -1.86317496048106412409595122881 10.695379645820450420501401822548 11.364561460110985890992196800653 1.451925008781605797025804349687 7.5078280023212480287497783137951 8.1716338515787292351433279691264 -1.4367671641254902148432393005351 -1.86317496048106412409595122881 10.695379645820450420501401822548 11.364561460110985890992196800653 1.451925008781605797025804349687 7.5078280023212480287497783137951 8.1716338515787292351433279691264 -1.4367671641254902148432393005351 -1.86317496048106412409595122881 10.695379645820450420501401822548 11.364561460110985890992196800653 1.451925008781605797025804349687 7.5078280023212480287497783137951 8.1716338515787292351433279691264 -1.4367671641254902148432393005351 -1.86317496048106412409595122881 10.695379645820450420501401822548 11.364561460110985890992196800653 1.451925008781605797025804349687 7.5078280023212480287497783137951 8.1716338515787292351433279691264 

2  1 -13.389159678526709740253863856196  3 14.625048373841744719925372919533  
2  2 8.1422532212470706269868969684467  1 -11.68649123213753249217461416265  
2  3 9.8990887512099057232717314036563  2 14.638057324062723196789193025324  
5  4 7.4124010923415726281859861046541  2 14.133707092567906471458627493121  6 -12.939166026185885627342031511944  7 -12.775529706161320220303423411679  14 -2.1351477392149011969024741119938  
2  5 -14.959192890591179292414381052367  1 14.987892954232496123267992516048  
2  6 2.4026087658614376785237709555076  5 14.848773143465450630174018442631  
2  7 -3.939972980037526717467244452564  5 -10.94290329358424429528895416297  
2  8 -13.389159678526709740253863856196  10 14.625048373841744719925372919533  
2  9 8.1422532212470706269868969684467  8 -11.68649123213753249217461416265  
2  10 9.8990887512099057232717314036563  9 14.638057324062723196789193025324  
6  3 9.1475596789012012521880023996346  11 7.4124010923415726281859861046541  9 14.133707092567906471458627493121  13 -12.939166026185885627342031511944  14 -12.775529706161320220303423411679  21 -2.1351477392149011969024741119938  
2  12 -14.959192890591179292414381052367  8 14.987892954232496123267992516048  
2  13 2.4026087658614376785237709555076  12 14.848773143465450630174018442631  
2  14 -3.939972980037526717467244452564  12 -10.94290329358424429528895416297  
2  15 -13.389159678526709740253863856196  17 14.625048373841744719925372919533  
2  16 8.1422532212470706269868969684467  15 -11.68649123213753249217461416265  
2  17 9.8990887512099057232717314036563  16 14.638057324062723196789193025324  
6  10 9.1475596789012012521880023996346  18 7.4124010923415726281859861046541  16 14.133707092567906471458627493121  20 -12.939166026185885627342031511944  21 -12.775529706161320220303423411679  28 -2.1351477392149011969024741119938  
2  19 -14.959192890591179292414381052367  15 14.987892954232496123267992516048  
2  20 2.4026087658614376785237709555076  19 14.848773143465450630174018442631  
2  21 -3.939972980037526717467244452564  19 -10.94290329358424429528895416297  
2  22 -13.389159678526709740253863856196  24 14.625048373841744719925372919533  
2  23 8.1422532212470706269868969684467  22 -11.68649123213753249217461416265  
2  24 9.8990887512099057232717314036563  23 14.638057324062723196789193025324  
6  17 9.1475596789012012521880023996346  25 7.4124010923415726281859861046541  23 14.133707092567906471458627493121  27 -12.939166026185885627342031511944  28 -12.775529706161320220303423411679  35 -2.1351477392149011969024741119938  
2  26 -14.959192890591179292414381052367  22 14.987892954232496123267992516048  
2  27 2.4026087658614376785237709555076  26 14.848773143465450630174018442631  
2  28 -3.939972980037526717467244452564  26 -10.94290329358424429528895416297  
2  29 -13.389159678526709740253863856196  31 14.625048373841744719925372919533  
2  30 8.1422532212470706269868969684467  29 -11.68649123213753249217461416265  
2  31 9.8990887512099057232717314036563  30 14.638057324062723196789193025324  
6  24 9.1475596789012012521880023996346  32 7.4124010923415726281859861046541  30 14.133707092567906471458627493121  34 -12.939166026185885627342031511944  35 -12.775529706161320220303423411679  42 -2.1351477392149011969024741119938  
2  33 -14.959192890591179292414381052367  29 14.987892954232496123267992516048  
2  34 2.4026087658614376785237709555076  33 14.848773143465450630174018442631  
2  35 -3.939972980037526717467244452564  33 -10.94290329358424429528895416297  
2  36 -13.389159678526709740253863856196  38 14.625048373841744719925372919533  
2  37 8.1422532212470706269868969684467  36 -11.68649123213753249217461416265  
2  38 9.8990887512099057232717314036563  37 14.638057324062723196789193025324  
6  31 9.1475596789012012521880023996346  39 7.4124010923415726281859861046541  37 14.133707092567906471458627493121  41 -12.939166026185885627342031511944  42 -12.775529706161320220303423411679  49 -2.1351477392149011969024741119938  
2  40 -14.959192890591179292414381052367  36 14.987892954232496123267992516048  
2  41 2.4026087658614376785237709555076  40 14.848773143465450630174018442631  
2  42 -3.939972980037526717467244452564  40 -10.94290329358424429528895416297  
2  43 -13.389159678526709740253863856196  45 14.625048373841744719925372919533  
2  44 8.1422532212470706269868969684467  43 -11.68649123213753249217461416265  
2  45 9.8990887512099057232717314036563  44 14.638057324062723196789193025324  
5  38 9.1475596789012012521880023996346  46 7.4124010923415726281859861046541  44 14.133707092567906471458627493121  48 -12.939166026185885627342031511944  49 -12.775529706161320220303423411679  
2  47 -14.959192890591179292414381052367  43 14.987892954232496123267992516048  
2  48 2.4026087658614376785237709555076  47 14.848773143465450630174018442631  
2  49 -3.939972980037526717467244452564  47 -10.94290329358424429528895416297  

1  14 1.0314199403183257341964917941368  
1  8 0.025985507517096384511035012110369  
0  
1  5 1.8165570415984300112199889554176  
1  4 1.8165570415984300112199889554176  
1  10 1.4203379215398028723171819365234  
0  
2  2 0.025985507517096384511035012110369  21 1.0314199403183257341964917941368  
1  15 0.025985507517096384511035012110369  
1  6 1.4203379215398028723171819365234  
1  12 1.8165570415984300112199889554176  
1  11 1.8165570415984300112199889554176  
1  17 1.4203379215398028723171819365234  
1  1 1.0314199403183257341964917941368  
2  9 0.025985507517096384511035012110369  28 1.0314199403183257341964917941368  
1  22 0.025985507517096384511035012110369  
1  13 1.4203379215398028723171819365234  
1  19 1.8165570415984300112199889554176  
1  18 1.8165570415984300112199889554176  
1  24 1.4203379215398028723171819365234  
1  8 1.0314199403183257341964917941368  
2  16 0.025985507517096384511035012110369  35 1.0314199403183257341964917941368  
1  29 0.025985507517096384511035012110369  
1  20 1.4203379215398028723171819365234  
1  26 1.8165570415984300112199889554176  
1  25 1.8165570415984300112199889554176  
1  31 1.4203379215398028723171819365234  
1  15 1.0314199403183257341964917941368  
2  23 0.025985507517096384511035012110369  42 1.0314199403183257341964917941368  
1  36 0.025985507517096384511035012110369  
1  27 1.4203379215398028723171819365234  
1  33 1.8165570415984300112199889554176  
1  32 1.8165570415984300112199889554176  
1  38 1.4203379215398028723171819365234  
1  22 1.0314199403183257341964917941368  
2  30 0.025985507517096384511035012110369  49 1.0314199403183257341964917941368  
1  43 0.025985507517096384511035012110369  
1  34 1.4203379215398028723171819365234  
1  40 1.8165570415984300112199889554176  
1  39 1.8165570415984300112199889554176  
1  45 1.4203379215398028723171819365234  
1  29 1.0314199403183257341964917941368  
1  37 0.025985507517096384511035012110369  
0  
1  41 1.4203379215398028723171819365234  
1  47 1.8165570415984300112199889554176  
1  46 1.8165570415984300112199889554176  
0  
1  36 1.0314199403183257341964917941368  
