49 9 6

0.38632328611931276984847727362649 0.39641584281159492064716687309556 1.3321603321543631359702430927427 2.4920694828591321012822845659684 0.1560831183611184336257338145515 0.49666463031968799413107262807898 0.76403419643711190101242891614675 0.38632328611931276984847727362649 0.39641584281159492064716687309556 1.3321603321543631359702430927427 2.4920694828591321012822845659684 0.1560831183611184336257338145515 0.49666463031968799413107262807898 0.76403419643711190101242891614675 0.38632328611931276984847727362649 0.39641584281159492064716687309556 1.3321603321543631359702430927427 2.4920694828591321012822845659684 0.1560831183611184336257338145515 0.49666463031968799413107262807898 0.76403419643711190101242891614675 0.38632328611931276984847727362649 0.39641584281159492064716687309556 1.3321603321543631359702430927427 2.4920694828591321012822845659684 0.1560831183611184336257338145515 0.49666463031968799413107262807898 0.76403419643711190101242891614675 0.38632328611931276984847727362649 0.39641584281159492064716687309556 1.3321603321543631359702430927427 2.4920694828591321012822845659684 0.1560831183611184336257338145515 0.49666463031968799413107262807898 0.76403419643711190101242891614675 0.38632328611931276984847727362649 0.39641584281159492064716687309556 1.3321603321543631359702430927427 2.4920694828591321012822845659684 0.1560831183611184336257338145515 0.49666463031968799413107262807898 0.76403419643711190101242891614675 0.38632328611931276984847727362649 0.39641584281159492064716687309556 1.3321603321543631359702430927427 2.4920694828591321012822845659684 0.1560831183611184336257338145515 0.49666463031968799413107262807898 0.76403419643711190101242891614675 

6.9287304574751900076989841181785 5.6714448044409619953398760117125 -1.904591894725887080142001650529 -4.7339234597945605287350190337747 6.4533363334331026450740864675026 7.3164318558136827164162241388112 -5.2422561179861943969626736361533 6.9287304574751900076989841181785 5.6714448044409619953398760117125 -1.904591894725887080142001650529 -4.7339234597945605287350190337747 6.4533363334331026450740864675026 7.3164318558136827164162241388112 -5.2422561179861943969626736361533 6.9287304574751900076989841181785 5.6714448044409619953398760117125 -1.904591894725887080142001650529 -4.7339234597945605287350190337747 6.4533363334331026450740864675026 7.3164318558136827164162241388112 -5.2422561179861943969626736361533 6.9287304574751900076989841181785 5.6714448044409619953398760117125 -1.904591894725887080142001650529 -4.7339234597945605287350190337747 6.4533363334331026450740864675026 7.3164318558136827164162241388112 -5.2422561179861943969626736361533 6.9287304574751900076989841181785 5.6714448044409619953398760117125 -1.904591894725887080142001650529 -4.7339234597945605287350190337747 6.4533363334331026450740864675026 7.3164318558136827164162241388112 -5.2422561179861943969626736361533 6.9287304574751900076989841181785 5.6714448044409619953398760117125 -1.904591894725887080142001650529 -4.7339234597945605287350190337747 6.4533363334331026450740864675026 7.3164318558136827164162241388112 -5.2422561179861943969626736361533 6.9287304574751900076989841181785 5.6714448044409619953398760117125 -1.904591894725887080142001650529 -4.7339234597945605287350190337747 6.4533363334331026450740864675026 7.3164318558136827164162241388112 -5.2422561179861943969626736361533 

1 1 1 1 1 1 1 1 1 1 1 1 1 1 1 1 1 1 1 1 1 1 1 1 1 1 1 1 1 1 1 1 1 1 1 1 1 1 1 1 1 1 1 1 1 1 1 1 1 

-6.9287304574751900076989841181785 -5.6714448044409619953398760117125 1.904591894725887080142001650529 4.7339234597945605287350190337747 -6.4533363334331026450740864675026 -7.3164318558136827164162241388112 5.2422561179861943969626736361533 -6.9287304574751900076989841181785 -5.6714448044409619953398760117125 1.904591894725887080142001650529 4.7339234597945605287350190337747 -6.4533363334331026450740864675026 -7.3164318558136827164162241388112 5.2422561179861943969626736361533 -6.9287304574751900076989841181785 -5.6714448044409619953398760117125 1.904591894725887080142001650529 4.7339234597945605287350190337747 -6.4533363334331026450740864675026 -7.3164318558136827164162241388112 5.2422561179861943969626736361533 -6.9287304574751900076989841181785 -5.6714448044409619953398760117125 1.904591894725887080142001650529 4.7339234597945605287350190337747 -6.4533363334331026450740864675026 -7.3164318558136827164162241388112 5.2422561179861943969626736361533 -6.9287304574751900076989841181785 -5.6714448044409619953398760117125 1.904591894725887080142001650529 4.7339234597945605287350190337747 -6.4533363334331026450740864675026 -7.3164318558136827164162241388112 5.2422561179861943969626736361533 -6.9287304574751900076989841181785 -5.6714448044409619953398760117125 1.904591894725887080142001650529 4.7339234597945605287350190337747 -6.4533363334331026450740864675026 -7.3164318558136827164162241388112 5.2422561179861943969626736361533 -6.9287304574751900076989841181785 -5.6714448044409619953398760117125 1.904591894725887080142001650529 4.7339234597945605287350190337747 -6.4533363334331026450740864675026 -7.3164318558136827164162241388112 5.2422561179861943969626736361533 

2  1 -2.0648220121847300490003362938296  3 -14.486437500767767261322660488077  
2  2 0.96678861483928213438332477380754  1 -12.948231514100051242621702840552  
2  3 11.159926969065306678885463043116  2 -10.444616149403774585380233475007  
5  4 10.429079169426977102830278454348  2 2.5832946305822854782263675588183  6 -0.35820808683182375764531002459989  7 11.69758091834487956361954275053  14 -3.5295306731124687082967739115702  
2  5 -0.85426483833333854978064891838585  1 -14.666314517440898868017029599287  
2  6 -4.2568504824880237791262516111601  5 -6.2388147504992081948671511781868  
2  7 -0.32091070348592132255305386934197  5 -13.133818963453261829954499262385  
2  8 -2.0648220121847300490003362938296  10 -14.486437500767767261322660488077  
2  9 0.96678861483928213438332477380754  8 -12.948231514100051242621702840552  
2  10 11.159926969065306678885463043116  9 -10.444616149403774585380233475007  
6  3 -11.209523662026063206553772033658  11 10.429079169426977102830278454348  9 2.5832946305822854782263675588183  13 -0.35820808683182375764531002459989  14 11.69758091834487956361954275053  21 -3.5295306731124687082967739115702  
2  12 -0.85426483833333854978064891838585  8 -14.666314517440898868017029599287  
2  13 -4.2568504824880237791262516111601  12 -6.2388147504992081948671511781868  
2  14 -0.32091070348592132255305386934197  12 -13.133818963453261829954499262385  
2  15 -2.0648220121847300490003362938296  17 -14.486437500767767261322660488077  
2  16 0.96678861483928213438332477380754  15 -12.948231514100051242621702840552  
2  17 11.159926969065306678885463043116  16 -10.444616149403774585380233475007  
6  10 -11.209523662026063206553772033658  18 10.429079169426977102830278454348  16 2.5832946305822854782263675588183  20 -0.35820808683182375764531002459989  21 11.69758091834487956361954275053  28 -3.5295306731124687082967739115702  
2  19 -0.85426483833333854978064891838585  15 -14.666314517440898868017029599287  
2  20 -4.2568504824880237791262516111601  19 -6.2388147504992081948671511781868  
2  21 -0.32091070348592132255305386934197  19 -13.133818963453261829954499262385  
2  22 -2.0648220121847300490003362938296  24 -14.486437500767767261322660488077  
2  23 0.96678861483928213438332477380754  22 -12.948231514100051242621702840552  
2  24 11.159926969065306678885463043116  23 -10.444616149403774585380233475007  
6  17 -11.209523662026063206553772033658  25 10.429079169426977102830278454348  23 2.5832946305822854782263675588183  27 -0.35820808683182375764531002459989  28 11.69758091834487956361954275053  35 -3.5295306731124687082967739115702  
2  26 -0.85426483833333854978064891838585  22 -14.666314517440898868017029599287  
2  27 -4.2568504824880237791262516111601  26 -6.2388147504992081948671511781868  
2  28 -0.32091070348592132255305386934197  26 -13.133818963453261829954499262385  
2  29 -2.0648220121847300490003362938296  31 -14.486437500767767261322660488077  
2  30 0.96678861483928213438332477380754  29 -12.948231514100051242621702840552  
2  31 11.159926969065306678885463043116  30 -10.444616149403774585380233475007  
6  24 -11.209523662026063206553772033658  32 10.429079169426977102830278454348  30 2.5832946305822854782263675588183  34 -0.35820808683182375764531002459989  35 11.69758091834487956361954275053  42 -3.5295306731124687082967739115702  
2  33 -0.85426483833333854978064891838585  29 -14.666314517440898868017029599287  
2  34 -4.2568504824880237791262516111601  33 -6.2388147504992081948671511781868  
2  35 -0.32091070348592132255305386934197  33 -13.133818963453261829954499262385  
2  36 -2.0648220121847300490003362938296  38 -14.486437500767767261322660488077  
2  37 0.96678861483928213438332477380754  36 -12.948231514100051242621702840552  
2  38 11.159926969065306678885463043116  37 -10.444616149403774585380233475007  
6  31 -11.209523662026063206553772033658  39 10.429079169426977102830278454348  37 2.5832946305822854782263675588183  41 -0.35820808683182375764531002459989  42 11.69758091834487956361954275053  49 -3.5295306731124687082967739115702  
2  40 -0.85426483833333854978064891838585  36 -14.666314517440898868017029599287  
2  41 -4.2568504824880237791262516111601  40 -6.2388147504992081948671511781868  
2  42 -0.32091070348592132255305386934197  40 -13.133818963453261829954499262385  
2  43 -2.0648220121847300490003362938296  45 -14.486437500767767261322660488077  
2  44 0.96678861483928213438332477380754  43 -12.948231514100051242621702840552  
2  45 11.159926969065306678885463043116  44 -10.444616149403774585380233475007  
5  38 -11.209523662026063206553772033658  46 10.429079169426977102830278454348  44 2.5832946305822854782263675588183  48 -0.35820808683182375764531002459989  49 11.69758091834487956361954275053  
2  47 -0.85426483833333854978064891838585  43 -14.666314517440898868017029599287  
2  48 -4.2568504824880237791262516111601  47 -6.2388147504992081948671511781868  
2  49 -0.32091070348592132255305386934197  47 -13.133818963453261829954499262385  

1  14 0.86627045166372207418703510484193  
1  8 0.80205861246905130190754107388784  
0  
1  5 0.00097061221165373190444825013400987  
1  4 0.00097061221165373190444825013400987  
1  10 0.026072985215647825896212452789769  
0  
2  2 0.80205861246905130190754107388784  21 0.86627045166372207418703510484193  
1  15 0.80205861246905130190754107388784  
1  6 0.026072985215647825896212452789769  
1  12 0.00097061221165373190444825013400987  
1  11 0.00097061221165373190444825013400987  
1  17 0.026072985215647825896212452789769  
1  1 0.86627045166372207418703510484193  
2  9 0.80205861246905130190754107388784  28 0.86627045166372207418703510484193  
1  22 0.80205861246905130190754107388784  
1  13 0.026072985215647825896212452789769  
1  19 0.00097061221165373190444825013400987  
1  18 0.00097061221165373190444825013400987  
1  24 0.026072985215647825896212452789769  
1  8 0.86627045166372207418703510484193  
2  16 0.80205861246905130190754107388784  35 0.86627045166372207418703510484193  
1  29 0.80205861246905130190754107388784  
1  20 0.026072985215647825896212452789769  
1  26 0.00097061221165373190444825013400987  
1  25 0.00097061221165373190444825013400987  
1  31 0.026072985215647825896212452789769  
1  15 0.86627045166372207418703510484193  
2  23 0.80205861246905130190754107388784  42 0.86627045166372207418703510484193  
1  36 0.80205861246905130190754107388784  
1  27 0.026072985215647825896212452789769  
1  33 0.00097061221165373190444825013400987  
1  32 0.00097061221165373190444825013400987  
1  38 0.026072985215647825896212452789769  
1  22 0.86627045166372207418703510484193  
2  30 0.80205861246905130190754107388784  49 0.86627045166372207418703510484193  
1  43 0.80205861246905130190754107388784  
1  34 0.026072985215647825896212452789769  
1  40 0.00097061221165373190444825013400987  
1  39 0.00097061221165373190444825013400987  
1  45 0.026072985215647825896212452789769  
1  29 0.86627045166372207418703510484193  
1  37 0.80205861246905130190754107388784  
0  
1  41 0.026072985215647825896212452789769  
1  47 0.00097061221165373190444825013400987  
1  46 0.00097061221165373190444825013400987  
0  
1  36 0.86627045166372207418703510484193  
