49 9 6

0.41455738245419060383767373423325 1.1124112306495119728566578487516 0.17046542146635679237931526586181 0.63158304518250885095653757161926 1.2445321510039248913415121933213 0.57473503141539761251976869971259 2.4391153711717752372578615904786 0.41455738245419060383767373423325 1.1124112306495119728566578487516 0.17046542146635679237931526586181 0.63158304518250885095653757161926 1.2445321510039248913415121933213 0.57473503141539761251976869971259 2.4391153711717752372578615904786 0.41455738245419060383767373423325 1.1124112306495119728566578487516 0.17046542146635679237931526586181 0.63158304518250885095653757161926 1.2445321510039248913415121933213 0.57473503141539761251976869971259 2.4391153711717752372578615904786 0.41455738245419060383767373423325 1.1124112306495119728566578487516 0.17046542146635679237931526586181 0.63158304518250885095653757161926 1.2445321510039248913415121933213 0.57473503141539761251976869971259 2.4391153711717752372578615904786 0.41455738245419060383767373423325 1.1124112306495119728566578487516 0.17046542146635679237931526586181 0.63158304518250885095653757161926 1.2445321510039248913415121933213 0.57473503141539761251976869971259 2.4391153711717752372578615904786 0.41455738245419060383767373423325 1.1124112306495119728566578487516 0.17046542146635679237931526586181 0.63158304518250885095653757161926 1.2445321510039248913415121933213 0.57473503141539761251976869971259 2.4391153711717752372578615904786 0.41455738245419060383767373423325 1.1124112306495119728566578487516 0.17046542146635679237931526586181 0.63158304518250885095653757161926 1.2445321510039248913415121933213 0.57473503141539761251976869971259 2.4391153711717752372578615904786 

-10.269259928901890432939580932725 -9.9679061756171414288019150262699 0.3059843637322171572279216889001 -5.0427464298991404589855847007129 -14.40555169898609477741047157906 -2.5787271727453537906171732174698 15 -10.269259928901890432939580932725 -9.9679061756171414288019150262699 0.3059843637322171572279216889001 -5.0427464298991404589855847007129 -14.40555169898609477741047157906 -2.5787271727453537906171732174698 15 -10.269259928901890432939580932725 -9.9679061756171414288019150262699 0.3059843637322171572279216889001 -5.0427464298991404589855847007129 -14.40555169898609477741047157906 -2.5787271727453537906171732174698 15 -10.269259928901890432939580932725 -9.9679061756171414288019150262699 0.3059843637322171572279216889001 -5.0427464298991404589855847007129 -14.40555169898609477741047157906 -2.5787271727453537906171732174698 15 -10.269259928901890432939580932725 -9.9679061756171414288019150262699 0.3059843637322171572279216889001 -5.0427464298991404589855847007129 -14.40555169898609477741047157906 -2.5787271727453537906171732174698 15 -10.269259928901890432939580932725 -9.9679061756171414288019150262699 0.3059843637322171572279216889001 -5.0427464298991404589855847007129 -14.40555169898609477741047157906 -2.5787271727453537906171732174698 15 -10.269259928901890432939580932725 -9.9679061756171414288019150262699 0.3059843637322171572279216889001 -5.0427464298991404589855847007129 -14.40555169898609477741047157906 -2.5787271727453537906171732174698 15 

1 1 1 1 1 1 1 1 1 1 1 1 1 1 1 1 1 1 1 1 1 1 1 1 1 1 1 1 1 1 1 1 1 1 1 1 1 1 1 1 1 1 1 1 1 1 1 1 1 

10.269259928901890432939580932725 9.9679061756171414288019150262699 -0.3059843637322171572279216889001 5.0427464298991404589855847007129 14.40555169898609477741047157906 2.5787271727453537906171732174698 -15 10.269259928901890432939580932725 9.9679061756171414288019150262699 -0.3059843637322171572279216889001 5.0427464298991404589855847007129 14.40555169898609477741047157906 2.5787271727453537906171732174698 -15 10.269259928901890432939580932725 9.9679061756171414288019150262699 -0.3059843637322171572279216889001 5.0427464298991404589855847007129 14.40555169898609477741047157906 2.5787271727453537906171732174698 -15 10.269259928901890432939580932725 9.9679061756171414288019150262699 -0.3059843637322171572279216889001 5.0427464298991404589855847007129 14.40555169898609477741047157906 2.5787271727453537906171732174698 -15 10.269259928901890432939580932725 9.9679061756171414288019150262699 -0.3059843637322171572279216889001 5.0427464298991404589855847007129 14.40555169898609477741047157906 2.5787271727453537906171732174698 -15 10.269259928901890432939580932725 9.9679061756171414288019150262699 -0.3059843637322171572279216889001 5.0427464298991404589855847007129 14.40555169898609477741047157906 2.5787271727453537906171732174698 -15 10.269259928901890432939580932725 9.9679061756171414288019150262699 -0.3059843637322171572279216889001 5.0427464298991404589855847007129 14.40555169898609477741047157906 2.5787271727453537906171732174698 -15 

2  1 4.9275550080209242764794907998294  3 15  
2  2 -1.8239395374833538010506117643672  1 15  
2  3 5.8946562212521627088790410198271  2 -14.684876227875495402486194507219  
5  4 8.7764084285712513633370690513402  2 2.0025125537157872912530365283601  6 3.9079035431279045553765172371641  7 13.691947303075867381494390428998  14 -9.0735916367906277457677788333967  
2  5 10.631790216829967832268266647588  1 6.6490807281104062909093954658601  
2  6 8.4031032972321568763618415687233  5 13.276570776359903902630321681499  
2  7 11.627273462383268309849881916307  5 -13.503558007356184944569577055518  
2  8 4.9275550080209242764794907998294  10 15  
2  9 -1.8239395374833538010506117643672  8 15  
2  10 5.8946562212521627088790410198271  9 -14.684876227875495402486194507219  
6  3 8.3950800159480731821304289042018  11 8.7764084285712513633370690513402  9 2.0025125537157872912530365283601  13 3.9079035431279045553765172371641  14 13.691947303075867381494390428998  21 -9.0735916367906277457677788333967  
2  12 10.631790216829967832268266647588  8 6.6490807281104062909093954658601  
2  13 8.4031032972321568763618415687233  12 13.276570776359903902630321681499  
2  14 11.627273462383268309849881916307  12 -13.503558007356184944569577055518  
2  15 4.9275550080209242764794907998294  17 15  
2  16 -1.8239395374833538010506117643672  15 15  
2  17 5.8946562212521627088790410198271  16 -14.684876227875495402486194507219  
6  10 8.3950800159480731821304289042018  18 8.7764084285712513633370690513402  16 2.0025125537157872912530365283601  20 3.9079035431279045553765172371641  21 13.691947303075867381494390428998  28 -9.0735916367906277457677788333967  
2  19 10.631790216829967832268266647588  15 6.6490807281104062909093954658601  
2  20 8.4031032972321568763618415687233  19 13.276570776359903902630321681499  
2  21 11.627273462383268309849881916307  19 -13.503558007356184944569577055518  
2  22 4.9275550080209242764794907998294  24 15  
2  23 -1.8239395374833538010506117643672  22 15  
2  24 5.8946562212521627088790410198271  23 -14.684876227875495402486194507219  
6  17 8.3950800159480731821304289042018  25 8.7764084285712513633370690513402  23 2.0025125537157872912530365283601  27 3.9079035431279045553765172371641  28 13.691947303075867381494390428998  35 -9.0735916367906277457677788333967  
2  26 10.631790216829967832268266647588  22 6.6490807281104062909093954658601  
2  27 8.4031032972321568763618415687233  26 13.276570776359903902630321681499  
2  28 11.627273462383268309849881916307  26 -13.503558007356184944569577055518  
2  29 4.9275550080209242764794907998294  31 15  
2  30 -1.8239395374833538010506117643672  29 15  
2  31 5.8946562212521627088790410198271  30 -14.684876227875495402486194507219  
6  24 8.3950800159480731821304289042018  32 8.7764084285712513633370690513402  30 2.0025125537157872912530365283601  34 3.9079035431279045553765172371641  35 13.691947303075867381494390428998  42 -9.0735916367906277457677788333967  
2  33 10.631790216829967832268266647588  29 6.6490807281104062909093954658601  
2  34 8.4031032972321568763618415687233  33 13.276570776359903902630321681499  
2  35 11.627273462383268309849881916307  33 -13.503558007356184944569577055518  
2  36 4.9275550080209242764794907998294  38 15  
2  37 -1.8239395374833538010506117643672  36 15  
2  38 5.8946562212521627088790410198271  37 -14.684876227875495402486194507219  
6  31 8.3950800159480731821304289042018  39 8.7764084285712513633370690513402  37 2.0025125537157872912530365283601  41 3.9079035431279045553765172371641  42 13.691947303075867381494390428998  49 -9.0735916367906277457677788333967  
2  40 10.631790216829967832268266647588  36 6.6490807281104062909093954658601  
2  41 8.4031032972321568763618415687233  40 13.276570776359903902630321681499  
2  42 11.627273462383268309849881916307  40 -13.503558007356184944569577055518  
2  43 4.9275550080209242764794907998294  45 15  
2  44 -1.8239395374833538010506117643672  43 15  
2  45 5.8946562212521627088790410198271  44 -14.684876227875495402486194507219  
5  38 8.3950800159480731821304289042018  46 8.7764084285712513633370690513402  44 2.0025125537157872912530365283601  48 3.9079035431279045553765172371641  49 13.691947303075867381494390428998  
2  47 10.631790216829967832268266647588  43 6.6490807281104062909093954658601  
2  48 8.4031032972321568763618415687233  47 13.276570776359903902630321681499  
2  49 11.627273462383268309849881916307  47 -13.503558007356184944569577055518  

1  14 0.028107492447351001274569171073381  
1  8 1.0571326385124748536981087454478  
0  
1  5 1.5904334555417012353473182884045  
1  4 1.5904334555417012353473182884045  
1  10 1.325770568792721926243416419311  
0  
2  2 1.0571326385124748536981087454478  21 0.028107492447351001274569171073381  
1  15 1.0571326385124748536981087454478  
1  6 1.325770568792721926243416419311  
1  12 1.5904334555417012353473182884045  
1  11 1.5904334555417012353473182884045  
1  17 1.325770568792721926243416419311  
1  1 0.028107492447351001274569171073381  
2  9 1.0571326385124748536981087454478  28 0.028107492447351001274569171073381  
1  22 1.0571326385124748536981087454478  
1  13 1.325770568792721926243416419311  
1  19 1.5904334555417012353473182884045  
1  18 1.5904334555417012353473182884045  
1  24 1.325770568792721926243416419311  
1  8 0.028107492447351001274569171073381  
2  16 1.0571326385124748536981087454478  35 0.028107492447351001274569171073381  
1  29 1.0571326385124748536981087454478  
1  20 1.325770568792721926243416419311  
1  26 1.5904334555417012353473182884045  
1  25 1.5904334555417012353473182884045  
1  31 1.325770568792721926243416419311  
1  15 0.028107492447351001274569171073381  
2  23 1.0571326385124748536981087454478  42 0.028107492447351001274569171073381  
1  36 1.0571326385124748536981087454478  
1  27 1.325770568792721926243416419311  
1  33 1.5904334555417012353473182884045  
1  32 1.5904334555417012353473182884045  
1  38 1.325770568792721926243416419311  
1  22 0.028107492447351001274569171073381  
2  30 1.0571326385124748536981087454478  49 0.028107492447351001274569171073381  
1  43 1.0571326385124748536981087454478  
1  34 1.325770568792721926243416419311  
1  40 1.5904334555417012353473182884045  
1  39 1.5904334555417012353473182884045  
1  45 1.325770568792721926243416419311  
1  29 0.028107492447351001274569171073381  
1  37 1.0571326385124748536981087454478  
0  
1  41 1.325770568792721926243416419311  
1  47 1.5904334555417012353473182884045  
1  46 1.5904334555417012353473182884045  
0  
1  36 0.028107492447351001274569171073381  
