50.005 0
50.055 0.000137662
50.105 0.000131257
50.155 0.000125494
50.205 0.00012207
50.255 0.000121387
50.305 0.000123702
50.355 0.000130632
50.405 0.000150111
50.455 0.000189562
50.505 0.000227611
50.555 0.000237219
50.605 0.000227197
50.655 0.000215523
50.705 0.00020971
50.755 0.000214122
50.805 0.000234119
50.855 0.000260942
50.905 0.000271716
50.955 0.000262265
51.005 0.00024745
51.055 0.000245188
51.105 0.000272981
51.155 0.000307648
51.205 0.000311392
51.255 0.000290215
51.305 0.000262528
51.355 0.00023452
51.405 0.000211951
51.455 0.000202484
51.505 0.000205934
51.555 0.000215989
51.605 0.000225587
51.655 0.000234606
51.705 0.000244649
51.755 0.000254644
51.805 0.000261114
51.855 0.000258391
51.905 0.000247957
51.955 0.000232097
52.005 0.000214114
52.055 0.000196014
52.105 0.000179276
52.155 0.000165273
52.205 0.000154756
52.255 0.000147049
52.305 0.000140579
52.355 0.000134208
52.405 0.00012796
52.455 0.000123289
52.505 0.000121359
52.555 0.00012223
52.605 0.000126547
52.655 0.000138793
52.705 0.000169275
52.755 0.000213103
52.805 0.000236429
52.855 0.000232837
52.905 0.000220451
52.955 0.000211412
53.005 0.000210453
53.055 0.000222826
53.105 0.000249228
53.155 0.000269594
53.205 0.000268964
53.255 0.000253554
53.305 0.000242673
53.355 0.000257018
53.405 0.000293812
53.455 0.00031412
53.505 0.000301611
53.555 0.000275465
53.605 0.00024741
53.655 0.000221329
53.705 0.000204994
53.755 0.000202838
53.805 0.000211203
53.855 0.00022132
53.905 0.000230389
53.955 0.000239891
54.005 0.000250209
54.055 0.000258935
54.105 0.000260656
54.155 0.000253631
54.205 0.000239877
54.255 0.000222503
54.305 0.00020428
54.355 0.000186733
54.405 0.000171315
54.455 0.000159178
54.505 0.000150349
54.555 0.000143502
54.605 0.000137162
54.655 0.000130762
54.705 0.000125121
54.755 0.000121915
54.805 0.000121446
54.855 0.000124017
54.905 0.000131533
54.955 0.00015247
55.005 0.000193111
55.055 0.000229368
55.105 0.000236842
55.155 0.000226198
55.205 0.000214811
55.255 0.000209622
55.305 0.000215069
55.355 0.000236228
55.405 0.00026258
55.455 0.000271623
55.505 0.000261007
55.555 0.000246659
55.605 0.000246403
55.655 0.000275984
55.705 0.000309263
55.755 0.000310326
55.805 0.000288146
55.855 0.000260357
55.905 0.000232493
55.955 0.00021069
56.005 0.000202296
56.055 0.000206624
56.105 0.000216781
56.155 0.000226285
56.205 0.000235344
56.255 0.000245459
56.305 0.000255335
56.355 0.000261189
56.405 0.000257841
56.455 0.000246878
56.505 0.000230733
56.555 0.000212693
56.605 0.000194645
56.655 0.000178072
56.705 0.000164326
56.755 0.000154071
56.805 0.000146518
56.855 0.000140083
56.905 0.000133702
56.955 0.000127508
57.005 0.000123032
57.055 0.00012131
57.105 0.000122417
57.155 0.000127092
57.205 0.000140373
57.255 0.000172497
57.305 0.000215838
57.355 0.000237071
57.405 0.000231953
57.455 0.000219553
57.505 0.000211005
57.555 0.000210861
57.605 0.000224505
57.655 0.000251378
57.705 0.000270292
57.755 0.000268003
57.805 0.00025239
57.855 0.000242382
57.905 0.000259376
57.955 0.00029654
58.005 0.00031413
58.055 0.000299822
58.105 0.000273288
58.155 0.000245143
58.205 0.000219514
58.255 0.000204345
58.305 0.000203207
58.355 0.00021201
58.405 0.000222056
58.455 0.000231083
58.505 0.000240679
58.555 0.000250982
58.605 0.00025943
58.655 0.000260391
58.705 0.000252766
58.755 0.000238609
58.805 0.000221098
58.855 0.000202872
58.905 0.000185439
58.955 0.000170243
59.005 0.000158381
59.055 0.000149764
59.105 0.000143
59.155 0.00013666
59.205 0.000130267
59.255 0.000124761
59.305 0.000121772
59.355 0.000121521
59.405 0.000124357
59.455 0.000132515
59.505 0.000154966
59.555 0.000196657
59.605 0.000230953
59.655 0.000236365
59.705 0.000225208
59.755 0.000214144
59.805 0.000209601
59.855 0.000216122
59.905 0.000238385
59.955 0.000264105
60.005 0.000271432
60.055 0.000259751
60.105 0.000245918
60.155 0.000247799
60.205 0.000279035
60.255 0.000310658
60.305 0.000309132
60.355 0.000286054
60.405 0.000258192
60.455 0.000230504
60.505 0.00020951
60.555 0.000202164
60.605 0.000207342
60.655 0.000217561
60.705 0.000226976
60.755 0.000236085
60.805 0.000246262
60.855 0.000255998
60.905 0.00026121
60.955 0.000257238
61.005 0.000245763
61.055 0.000229355
61.105 0.000211272
61.155 0.000193286
61.205 0.000176888
61.255 0.000163405
61.305 0.000153405
61.355 0.000145995
61.405 0.00013959
61.455 0.000133199
61.505 0.000127069
61.555 0.000122797
61.605 0.000121283
61.655 0.00012263
61.705 0.000127691
61.755 0.000142081
61.805 0.000175816
61.855 0.000218477
61.905 0.000237414
61.955 0.00023104
62.005 0.000218686
62.055 0.000210648
62.105 0.000211352
62.155 0.000226284
62.205 0.000253479
62.255 0.000270859
62.305 0.000266965
62.355 0.000251284
62.405 0.000242574
62.455 0.000261893
62.505 0.000299144
62.555 0.000313945
62.605 0.00029798
62.655 0.000271113
62.705 0.000242915
62.755 0.000217801
62.805 0.000203784
62.855 0.000203644
62.905 0.000212816
62.955 0.00022278
63.005 0.00023178
63.055 0.00024147
63.105 0.000251742
63.155 0.000259885
63.205 0.000260075
63.255 0.000251861
63.305 0.000237322
63.355 0.000219689
63.405 0.000201471
63.455 0.000184163
63.505 0.000169195
63.555 0.000157609
63.605 0.000149194
63.655 0.000142506
63.705 0.000136163
63.755 0.000129785
63.805 0.000124425
63.855 0.000121654
63.905 0.000121625
63.955 0.000124735
64.005 0.000133591
64.055 0.000157607
64.105 0.000200192
64.155 0.000232377
64.205 0.000235798
64.255 0.000224223
64.305 0.000213513
64.355 0.000209638
64.405 0.000217274
64.455 0.000240569
64.505 0.000265498
64.555 0.000271134
64.605 0.000258487
64.655 0.000245052
64.705 0.000249347
64.755 0.000282109
64.805 0.000311831
64.855 0.000307823
64.905 0.000283947
64.955 0.000256039
65.005 0.00022856
65.055 0.000208418
65.105 0.000202125
65.155 0.000208086
65.205 0.000218334
65.255 0.000227664
65.305 0.000236834
65.355 0.000247063
65.405 0.00025664
65.455 0.000261188
65.505 0.000256591
65.555 0.000244621
65.605 0.000227968
65.655 0.000209852
65.705 0.000191939
65.755 0.000175724
65.805 0.000162508
65.855 0.00015276
65.905 0.000145483
65.955 0.000139101
66.005 0.000132704
66.055 0.000126649
66.105 0.000122587
66.155 0.000121283
66.205 0.000122871
66.255 0.000128348
66.305 0.00014392
66.355 0.00017922
66.405 0.000221014
66.455 0.000237581
66.505 0.000230095
66.555 0.00021784
66.605 0.000210332
66.655 0.00021192
66.705 0.000228152
66.755 0.000255505
66.805 0.000271278
66.855 0.000265849
66.905 0.000250222
66.955 0.000242983
67.005 0.000264551
67.055 0.000301593
67.105 0.000313571
67.155 0.000296085
67.205 0.000268938
67.255 0.000240728
67.305 0.000216183
67.355 0.000203319
67.405 0.000204145
67.455 0.000213623
67.505 0.000223499
67.555 0.000232483
67.605 0.000242269
67.655 0.000252496
67.705 0.000260308
67.755 0.000259716
67.805 0.000250922
67.855 0.00023602
67.905 0.000218279
67.955 0.000200077
68.005 0.000182901
68.055 0.000168168
68.105 0.000156858
68.155 0.000148638
68.205 0.000142017
68.255 0.000135669
68.305 0.000129313
68.355 0.000124112
68.405 0.000121557
68.455 0.000121752
68.505 0.000125145
68.555 0.00013476
68.605 0.000160383
68.655 0.000203696
68.705 0.000233636
68.755 0.000235147
68.805 0.000223244
68.855 0.000212916
68.905 0.000209738
68.955 0.000218524
69.005 0.000242768
69.055 0.000266746
69.105 0.000270721
69.155 0.000257213
69.205 0.000244284
69.255 0.000251027
69.305 0.000285163
69.355 0.000312763
69.405 0.000306398
69.455 0.000281821
69.505 0.000253896
69.555 0.000226664
69.605 0.000207419
69.655 0.000202181
69.705 0.000208855
69.755 0.000219101
69.805 0.000228352
69.855 0.000237595
69.905 0.000247866
69.955 0.000257262
70.005 0.000261124
70.055 0.000255903
70.105 0.000243454
70.155 0.000226585
70.205 0.000208434
70.255 0.000190602
70.305 0.000174577
70.355 0.000161632
70.405 0.000152128
70.455 0.000144975
70.505 0.000138611
70.555 0.000132209
70.605 0.000126242
70.655 0.000122393
70.705 0.000121299
70.755 0.000123129
70.805 0.000129058
70.855 0.000145888
70.905 0.000182685
70.955 0.000223428
71.005 0.000237591
71.055 0.000229122
71.105 0.000217019
71.155 0.000210065
71.205 0.000212575
71.255 0.000230108
71.305 0.000257445
71.355 0.000271551
71.405 0.000264665
71.455 0.000249212
71.505 0.000243533
71.555 0.000267326
71.605 0.000303853
71.655 0.000313004
71.705 0.000294137
71.755 0.000266763
71.805 0.000238582
71.855 0.000214659
71.905 0.000202947
71.955 0.000204705
72.005 0.00021443
72.055 0.000224213
72.105 0.000233195
72.155 0.000243073
72.205 0.000253239
72.255 0.000260692
72.305 0.00025931
72.355 0.000249948
72.405 0.000234701
72.455 0.000216865
72.505 0.000198688
72.555 0.000181653
72.605 0.000167163
72.655 0.000156125
72.705 0.000148089
72.755 0.000141527
72.805 0.000135173
72.855 0.000128845
72.905 0.000123814
72.955 0.000121473
73.005 0.000121894
73.055 0.000125582
73.105 0.000136023
73.155 0.000163283
73.205 0.000207142
73.255 0.000234731
73.305 0.000234419
73.355 0.000222278
73.405 0.000212363
73.455 0.000209909
73.505 0.000219883
73.555 0.000244974
73.605 0.000267852
73.655 0.000270208
73.705 0.000255948
73.755 0.000243622
73.805 0.000252887
73.855 0.000288171
73.905 0.000313449
73.955 0.000304862
74.005 0.000279676
74.055 0.000251761
74.105 0.000224814
74.155 0.00020651
74.205 0.000202326
74.255 0.000209641
74.305 0.000219862
74.355 0.000229041
74.405 0.000238366
74.455 0.000248665
74.505 0.000257857
74.555 0.000261009
74.605 0.000255172
74.655 0.000242261
74.705 0.000225204
74.755 0.000207019
74.805 0.000189275
74.855 0.000173449
74.905 0.000160776
74.955 0.000151509
75.005 0.000144469
75.055 0.000138118
75.105 0.000131712
75.155 0.000125845
75.205 0.000122213
75.255 0.000121328
75.305 0.000123405
75.355 0.000129827
75.405 0.000147985
75.455 0.000186194
75.505 0.000225711
75.555 0.000237455
75.605 0.000228134
75.655 0.000216235
75.705 0.000209859
75.755 0.000213328
75.805 0.000232152
75.855 0.000259296
75.905 0.0002717
75.955 0.00026344
76.005 0.000248274
76.055 0.000244239
76.105 0.000270195
76.155 0.000305904
76.205 0.000312252
76.255 0.00029214
76.305 0.000264586
76.355 0.000236477
76.405 0.000213224
76.455 0.000202667
76.505 0.000205314
76.555 0.000215233
76.605 0.00022492
76.655 0.000233914
76.705 0.000243879
76.755 0.000253964
76.805 0.000260986
76.855 0.000258855
76.905 0.000248936
76.955 0.000233365
77.005 0.000215448
77.055 0.000197307
77.105 0.00018042
77.155 0.000166177
77.205 0.000155409
77.255 0.000147547
77.305 0.000141035
77.355 0.000134672
77.405 0.000128381
77.455 0.00012353
77.505 0.0001214
77.555 0.000122051
77.605 0.000126053
77.655 0.000137388
77.705 0.000166301
77.755 0.000210408
77.805 0.000235668
77.855 0.00023363
77.905 0.000221332
77.955 0.000211857
78.005 0.000210157
78.055 0.00022135
78.105 0.000247177
78.155 0.000268822
78.205 0.000269616
78.255 0.000254712
78.305 0.000243083
78.355 0.000254932
78.405 0.000291115
78.455 0.000313902
78.505 0.000303232
78.555 0.000277518
78.605 0.00024959
78.655 0.000223007
78.705 0.000205687
78.755 0.00020255
78.805 0.000210437
78.855 0.000220613
78.905 0.00022973
78.955 0.000239142
79.005 0.000249456
79.055 0.000258419
79.105 0.000260843
79.155 0.000254393
79.205 0.000241042
79.255 0.000223815
79.305 0.000205607
79.355 0.000187961
79.405 0.000172341
79.455 0.000159943
79.505 0.000150905
79.555 0.000143968
79.605 0.000137624
79.655 0.000131219
79.705 0.000125462
79.755 0.000122048
79.805 0.000121376
79.855 0.000123705
79.905 0.000130666
79.955 0.000150221
80.005 0.000189736
80.055 0.000227693
80.105 0.000237193
80.155 0.000227143
80.205 0.000215489
80.255 0.000209713
80.305 0.00021418
80.355 0.000234241
80.405 0.000261044
80.455 0.000271727
80.505 0.000262211
80.555 0.000247416
80.605 0.000245258
80.655 0.000273146
80.705 0.000307743
80.755 0.000311339
80.805 0.000290107
80.855 0.000262412
80.905 0.00023441
80.955 0.000211879
81.005 0.000202475
81.055 0.000205966
81.105 0.000216029
81.155 0.000225621
81.205 0.000234641
81.255 0.000244686
81.305 0.000254672
81.355 0.000261107
81.405 0.00025835
81.455 0.000247888
81.505 0.000232014
81.555 0.000214029
81.605 0.000195932
81.655 0.000179204
81.705 0.000165215
81.755 0.000154712
81.805 0.000147013
81.855 0.000140544
81.905 0.000134172
81.955 0.000127926
82.005 0.000123264
82.055 0.000121345
82.105 0.000122229
82.155 0.000126566
82.205 0.000138866
82.255 0.000169434
82.305 0.000213237
82.355 0.000236457
82.405 0.000232789
82.455 0.000220407
82.505 0.000211397
82.555 0.000210481
82.605 0.000222923
82.655 0.000249356
82.705 0.000269651
82.755 0.000268941
82.805 0.000253506
82.855 0.000242666
82.905 0.00025715
82.955 0.000293969
83.005 0.000314132
83.055 0.000301522
83.105 0.000275351
83.155 0.000247286
83.205 0.000221227
83.255 0.000204953
83.305 0.000202851
83.355 0.000211241
83.405 0.000221356
83.455 0.000230421
83.505 0.000239926
83.555 0.00025024
83.605 0.00025895
83.655 0.000260629
83.705 0.000253573
83.755 0.000239799
83.805 0.000222419
83.855 0.000204197
83.905 0.000186658
83.955 0.000171252
84.005 0.00015913
84.055 0.000150313
84.105 0.00014347
84.155 0.000137129
84.205 0.000130729
84.255 0.000125095
84.305 0.000121899
84.355 0.000121442
84.405 0.000124028
84.455 0.000131579
84.505 0.000152594
84.555 0.000193292
84.605 0.000229447
84.655 0.000236815
84.705 0.000226147
84.755 0.00021478
84.805 0.000209626
84.855 0.00021513
84.905 0.000236351
84.955 0.000262677
85.005 0.000271634
85.055 0.00026096
85.105 0.000246636
85.155 0.000246487
85.205 0.000276159
85.255 0.000309357
85.305 0.000310276
85.355 0.000288041
85.405 0.000260243
85.455 0.000232384
85.505 0.000210621
85.555 0.000202282
85.605 0.000206657
85.655 0.000216818
85.705 0.000226318
85.755 0.000235377
85.805 0.000245493
85.855 0.00025536
85.905 0.000261178
85.955 0.000257797
86.005 0.000246807
86.055 0.000230651
86.105 0.00021261
86.155 0.000194567
86.205 0.000178004
86.255 0.000164273
86.305 0.000154032
86.355 0.000146486
86.405 0.000140053
86.455 0.000133672
86.505 0.00012748
86.555 0.000123015
86.605 0.000121305
86.655 0.000122425
86.705 0.00012712
86.755 0.000140459
86.805 0.000172668
86.855 0.000215976
86.905 0.000237098
86.955 0.000231905
87.005 0.000219509
87.055 0.000210987
87.105 0.000210888
87.155 0.000224603
87.205 0.0002515
87.255 0.000270339
87.305 0.000267967
87.355 0.000252347
87.405 0.000242383
87.455 0.000259523
87.505 0.000296702
87.555 0.000314142
87.605 0.000299737
87.655 0.000273178
87.705 0.000245024
87.755 0.000219417
87.805 0.000204309
87.855 0.000203225
87.905 0.000212048
87.955 0.000222089
88.005 0.000231114
88.055 0.000240714
88.105 0.000251014
88.155 0.000259445
88.205 0.000260363
88.255 0.000252708
88.305 0.000238531
88.355 0.000221015
88.405 0.000202792
88.455 0.000185368
88.505 0.000170183
88.555 0.000158337
88.605 0.000149732
88.655 0.000142972
88.705 0.000136632
88.755 0.000130241
88.805 0.000124742
88.855 0.000121765
88.905 0.000121526
88.955 0.000124377
89.005 0.00013257
89.055 0.000155103
89.105 0.000196844
89.155 0.000231031
89.205 0.000236335
89.255 0.000225155
89.305 0.000214109
89.355 0.000209601
89.405 0.000216182
89.455 0.000238504
89.505 0.00026419
89.555 0.00027143
89.605 0.000259696
89.655 0.000245881
89.705 0.000247892
89.755 0.000279217
89.805 0.000310748
89.855 0.000309082
89.905 0.000285953
89.955 0.000258081
90.005 0.000230399
90.055 0.000209448
90.105 0.000202157
90.155 0.000207378
90.205 0.000217599
90.255 0.000227009
90.305 0.00023612
90.355 0.000246298
90.405 0.000256024
90.455 0.000261201
90.505 0.000257195
90.555 0.000245694
90.605 0.000229273
90.655 0.00021119
90.705 0.00019321
90.755 0.000176822
90.805 0.000163354
90.855 0.000153369
90.905 0.000145967
90.955 0.000139563
91.005 0.000133173
91.055 0.000127047
91.105 0.000122787
91.155 0.000121285
91.205 0.000122644
91.255 0.000127725
91.305 0.000142176
91.355 0.000175995
91.405 0.000218614
91.455 0.000237424
91.505 0.000230986
91.555 0.000218636
91.605 0.000210626
91.655 0.000211377
91.705 0.000226381
91.755 0.000253591
91.805 0.000270889
91.855 0.000266914
91.905 0.000251233
91.955 0.000242602
92.005 0.000262046
92.055 0.000299299
92.105 0.00031395
92.155 0.000297894
92.205 0.000271004
92.255 0.000242801
92.305 0.000217712
92.355 0.000203757
92.405 0.000203667
92.455 0.000212857
92.505 0.000222816
92.555 0.000231813
92.605 0.000241508
92.655 0.000251778
92.705 0.000259903
92.755 0.00026005
92.805 0.000251804
92.855 0.000237246
92.905 0.000219609
92.955 0.000201392
93.005 0.000184092
93.055 0.000169137
93.105 0.000157567
93.155 0.000149164
93.205 0.00014248
93.255 0.000136138
93.305 0.000129761
93.355 0.00012441
93.405 0.000121651
93.455 0.000121633
93.505 0.000124757
93.555 0.00013365
93.605 0.000157752
93.655 0.00020038
93.705 0.000232446
93.755 0.000235761
93.805 0.000224165
93.855 0.000213474
93.905 0.000209637
93.955 0.000217334
94.005 0.000240685
94.055 0.000265569
94.105 0.000271116
94.155 0.000258422
94.205 0.000245012
94.255 0.000249441
94.305 0.000282288
94.355 0.000311906
94.405 0.000307765
94.455 0.000283844
94.505 0.00025593
94.555 0.00022846
94.605 0.000208364
94.655 0.000202126
94.705 0.000208126
94.755 0.000218374
94.805 0.000227697
94.855 0.000236871
94.905 0.000247103
94.955 0.00025667
95.005 0.000261181
95.055 0.00025655
95.105 0.000244553
95.155 0.000227888
95.205 0.000209772
95.255 0.000191864
95.305 0.00017566
95.355 0.000162459
95.405 0.000152725
95.455 0.000145456
95.505 0.000139076
95.555 0.000132678
95.605 0.000126629
95.655 0.000122578
95.705 0.000121285
95.755 0.000122885
95.805 0.000128384
95.855 0.000144021
95.905 0.000179403
95.955 0.000221143
96.005 0.00023758
96.055 0.000230036
96.105 0.000217788
96.155 0.00021031
96.205 0.000211948
96.255 0.000228251
96.305 0.000255609
96.355 0.000271293
96.405 0.000265785
96.455 0.000250167
96.505 0.000243012
96.555 0.000264705
96.605 0.000301733
96.655 0.000313559
96.705 0.000295993
96.755 0.000268829
96.805 0.000240618
96.855 0.000216103
96.905 0.000203298
96.955 0.000204174
97.005 0.000213666
97.055 0.000223535
97.105 0.000232518
97.155 0.000242308
97.205 0.000252533
97.255 0.000260328
97.305 0.000259692
97.355 0.000250867
97.405 0.000235945
97.455 0.0002182
97.505 0.0002
97.555 0.000182832
97.605 0.000168113
97.655 0.000156817
97.705 0.000148608
97.755 0.000141991
97.805 0.000135644
97.855 0.000129289
97.905 0.000124098
97.955 0.000121555
98.005 0.00012176
98.055 0.000125166
98.105 0.000134823
98.155 0.000160534
98.205 0.00020388
98.255 0.000233694
98.305 0.000235102
98.355 0.000223183
98.405 0.000212878
98.455 0.000209739
98.505 0.00021859
98.555 0.000242882
98.605 0.000266804
98.655 0.000270692
98.705 0.000257143
98.755 0.000244245
98.805 0.000251128
98.855 0.000285336
98.905 0.000312818
98.955 0.000306327
99.005 0.000281713
99.055 0.000253786
99.105 0.000226568
99.155 0.00020737
99.205 0.000202188
99.255 0.000208897
99.305 0.000219141
99.355 0.000228387
99.405 0.000237634
99.455 0.000247907
99.505 0.000257293
99.555 0.000261117
99.605 0.000255863
99.655 0.000243388
99.705 0.000226508
99.755 0.000208356
99.805 0.000190529
99.855 0.000174515
99.905 0.000161585
99.955 0.000152095
100.005 0.000144949
100.055 0.000138586
100.105 0.000132184
100.155 0.000126222
100.205 0.000122386
100.255 0.000121302
100.305 0.000123144
100.355 0.000129097
100.405 0.000145995
100.455 0.000182871
100.505 0.00022355
100.555 0.00023758
100.605 0.000229061
100.655 0.000216969
100.705 0.000210047
100.755 0.000212608
100.805 0.000230211
100.855 0.000257542
100.905 0.000271557
100.955 0.000264595
101.005 0.000249157
101.055 0.000243568
101.105 0.000267481
101.155 0.000303976
101.205 0.000312975
101.255 0.000294036
101.305 0.00026665
101.355 0.000238472
101.405 0.000214584
101.455 0.000202932
101.505 0.000204738
101.555 0.000214474
101.605 0.00022425
101.655 0.000233232
101.705 0.000243115
101.755 0.000253277
101.805 0.000260712
101.855 0.000259287
101.905 0.000249894
101.955 0.000234629
102.005 0.000216789
102.055 0.000198614
102.105 0.000181587
102.155 0.00016711
102.205 0.000156087
102.255 0.000148061
102.305 0.000141502
102.355 0.000135148
102.405 0.000128823
102.455 0.000123802
102.505 0.000121471
102.555 0.000121904
102.605 0.000125607
102.655 0.000136093
102.705 0.000163441
102.755 0.000207324
102.805 0.00023478
102.855 0.00023437
102.905 0.000222219
102.955 0.000212328
103.005 0.000209915
103.055 0.000219954
103.105 0.000245087
103.155 0.0002679
103.205 0.00027017
103.255 0.000255874
103.305 0.000243587
103.355 0.000252993
103.405 0.000288334
103.455 0.000313482
103.505 0.000304779
103.555 0.000279563
103.605 0.00025165
103.655 0.000224719
103.705 0.000206466
103.755 0.000202337
103.805 0.000209686
103.855 0.000219903
103.905 0.000229078
103.955 0.000238407
104.005 0.000248708
104.055 0.000257889
104.105 0.000261004
104.155 0.000255132
104.205 0.000242197
104.255 0.000225131
104.305 0.000206944
104.355 0.000189206
104.405 0.00017339
104.455 0.000160733
104.505 0.000151479
104.555 0.000144445
104.605 0.000138094
104.655 0.000131689
104.705 0.000125827
104.755 0.000122207
104.805 0.000121333
104.855 0.000123422
104.905 0.000129871
104.955 0.000148102
105.005 0.000186384
105.055 0.000225827
105.105 0.000237438
105.155 0.000228074
105.205 0.000216187
105.255 0.000209844
105.305 0.000213366
105.355 0.000232258
105.405 0.000259385
105.455 0.000271693
105.505 0.000263363
105.555 0.000248218
105.605 0.000244276
105.655 0.000270351
105.705 0.000306007
105.755 0.000312205
105.805 0.000292031
105.855 0.00026447
105.905 0.000236366
105.955 0.000213152
106.005 0.000202657
106.055 0.000205351
106.105 0.000215278
106.155 0.00022496
106.205 0.000233955
106.255 0.000243925
106.305 0.000254006
106.355 0.000260997
106.405 0.000258833
106.455 0.000248883
106.505 0.000233295
106.555 0.000215374
106.605 0.000197235
106.655 0.000180357
106.705 0.000166128
106.755 0.000155374
106.805 0.000147521
106.855 0.000141012
106.905 0.000134649
106.955 0.00012836
107.005 0.000123519
107.055 0.0001214
107.105 0.000122062
107.155 0.000126081
107.205 0.000137465
107.255 0.000166468
107.305 0.000210561
107.355 0.00023571
107.405 0.00023358
107.455 0.000221276
107.505 0.000211826
107.555 0.000210168
107.605 0.000221428
107.655 0.000247288
107.705 0.000268859
107.755 0.000269569
107.805 0.000254635
107.855 0.000243049
107.905 0.000255039
107.955 0.000291263
108.005 0.000313911
108.055 0.000303135
108.105 0.000277398
108.155 0.000249465
108.205 0.000222913
108.255 0.000205648
108.305 0.000202567
108.355 0.000210484
108.405 0.000220655
108.455 0.000229769
108.505 0.000239187
108.555 0.000249502
108.605 0.000258453
108.655 0.000260838
108.705 0.000254355
108.755 0.000240979
108.805 0.000223744
108.855 0.000205534
108.905 0.000187893
108.955 0.000172285
109.005 0.000159902
109.055 0.000150876
109.105 0.000143945
109.155 0.000137601
109.205 0.000131196
109.255 0.000125445
109.305 0.000122042
109.355 0.000121381
109.405 0.000123723
109.455 0.000130715
109.505 0.000150346
109.555 0.000189928
109.605 0.00022779
109.655 0.000237171
109.705 0.000227085
109.755 0.000215447
109.805 0.000209703
109.855 0.000214226
109.905 0.00023435
109.955 0.000261127
