49 9 6

0.80332079617258278503300061856862 0.98082164235039903665835936408257 0.30950313553544961386876366304932 2.4486299289156989722471280401805 1.0466536546729159340429760050029 0.392093325924127822368348006421 1.1695319290780934462503637405462 0.80332079617258278503300061856862 0.98082164235039903665835936408257 0.30950313553544961386876366304932 2.4486299289156989722471280401805 1.0466536546729159340429760050029 0.392093325924127822368348006421 1.1695319290780934462503637405462 0.80332079617258278503300061856862 0.98082164235039903665835936408257 0.30950313553544961386876366304932 2.4486299289156989722471280401805 1.0466536546729159340429760050029 0.392093325924127822368348006421 1.1695319290780934462503637405462 0.80332079617258278503300061856862 0.98082164235039903665835936408257 0.30950313553544961386876366304932 2.4486299289156989722471280401805 1.0466536546729159340429760050029 0.392093325924127822368348006421 1.1695319290780934462503637405462 0.80332079617258278503300061856862 0.98082164235039903665835936408257 0.30950313553544961386876366304932 2.4486299289156989722471280401805 1.0466536546729159340429760050029 0.392093325924127822368348006421 1.1695319290780934462503637405462 0.80332079617258278503300061856862 0.98082164235039903665835936408257 0.30950313553544961386876366304932 2.4486299289156989722471280401805 1.0466536546729159340429760050029 0.392093325924127822368348006421 1.1695319290780934462503637405462 0.80332079617258278503300061856862 0.98082164235039903665835936408257 0.30950313553544961386876366304932 2.4486299289156989722471280401805 1.0466536546729159340429760050029 0.392093325924127822368348006421 1.1695319290780934462503637405462 

0.85276075942037665722494921283214 -3.294797812738453401948390819598 -6.1333691476315843615907397179399 -2.7458272986451648378647405479569 3.4640245680211374512680322368396 -3.1667642378418188187083615048323 0.45853250898198788521042956745077 0.85276075942037665722494921283214 -3.294797812738453401948390819598 -6.1333691476315843615907397179399 -2.7458272986451648378647405479569 3.4640245680211374512680322368396 -3.1667642378418188187083615048323 0.45853250898198788521042956745077 0.85276075942037665722494921283214 -3.294797812738453401948390819598 -6.1333691476315843615907397179399 -2.7458272986451648378647405479569 3.4640245680211374512680322368396 -3.1667642378418188187083615048323 0.45853250898198788521042956745077 0.85276075942037665722494921283214 -3.294797812738453401948390819598 -6.1333691476315843615907397179399 -2.7458272986451648378647405479569 3.4640245680211374512680322368396 -3.1667642378418188187083615048323 0.45853250898198788521042956745077 0.85276075942037665722494921283214 -3.294797812738453401948390819598 -6.1333691476315843615907397179399 -2.7458272986451648378647405479569 3.4640245680211374512680322368396 -3.1667642378418188187083615048323 0.45853250898198788521042956745077 0.85276075942037665722494921283214 -3.294797812738453401948390819598 -6.1333691476315843615907397179399 -2.7458272986451648378647405479569 3.4640245680211374512680322368396 -3.1667642378418188187083615048323 0.45853250898198788521042956745077 0.85276075942037665722494921283214 -3.294797812738453401948390819598 -6.1333691476315843615907397179399 -2.7458272986451648378647405479569 3.4640245680211374512680322368396 -3.1667642378418188187083615048323 0.45853250898198788521042956745077 

1 1 1 1 1 1 1 1 1 1 1 1 1 1 1 1 1 1 1 1 1 1 1 1 1 1 1 1 1 1 1 1 1 1 1 1 1 1 1 1 1 1 1 1 1 1 1 1 1 

-0.85276075942037665722494921283214 3.294797812738453401948390819598 6.1333691476315843615907397179399 2.7458272986451648378647405479569 -3.4640245680211374512680322368396 3.1667642378418188187083615048323 -0.45853250898198788521042956745077 -0.85276075942037665722494921283214 3.294797812738453401948390819598 6.1333691476315843615907397179399 2.7458272986451648378647405479569 -3.4640245680211374512680322368396 3.1667642378418188187083615048323 -0.45853250898198788521042956745077 -0.85276075942037665722494921283214 3.294797812738453401948390819598 6.1333691476315843615907397179399 2.7458272986451648378647405479569 -3.4640245680211374512680322368396 3.1667642378418188187083615048323 -0.45853250898198788521042956745077 -0.85276075942037665722494921283214 3.294797812738453401948390819598 6.1333691476315843615907397179399 2.7458272986451648378647405479569 -3.4640245680211374512680322368396 3.1667642378418188187083615048323 -0.45853250898198788521042956745077 -0.85276075942037665722494921283214 3.294797812738453401948390819598 6.1333691476315843615907397179399 2.7458272986451648378647405479569 -3.4640245680211374512680322368396 3.1667642378418188187083615048323 -0.45853250898198788521042956745077 -0.85276075942037665722494921283214 3.294797812738453401948390819598 6.1333691476315843615907397179399 2.7458272986451648378647405479569 -3.4640245680211374512680322368396 3.1667642378418188187083615048323 -0.45853250898198788521042956745077 -0.85276075942037665722494921283214 3.294797812738453401948390819598 6.1333691476315843615907397179399 2.7458272986451648378647405479569 -3.4640245680211374512680322368396 3.1667642378418188187083615048323 -0.45853250898198788521042956745077 

2  1 3.9789808521304697030984698358225  3 -15  
2  2 -8.5229555677171493499599819188006  1 13.648726663301715689158299937844  
2  3 6.5193728218236497440329912933521  2 14.446474170187689978206435625907  
5  4 -2.573327660617076073634734711959  2 0.52487412043982883957937701779883  6 7.8366310247259747256975970230997  7 4.0771380613080339117004768922925  14 -8.0579611664474288801329748821445  
2  5 -6.5770061599807743135670534684323  1 -10.872281507028530356251394550782  
2  6 -3.7528283343372779157220975321252  5 11.414545747854832669077040918637  
2  7 -6.018505780821074679920457128901  5 1.2235415466283812158110322343418  
2  8 3.9789808521304697030984698358225  10 -15  
2  9 -8.5229555677171493499599819188006  8 13.648726663301715689158299937844  
2  10 6.5193728218236497440329912933521  9 14.446474170187689978206435625907  
6  3 3.9955432624148277120923467009561  11 -2.573327660617076073634734711959  9 0.52487412043982883957937701779883  13 7.8366310247259747256975970230997  14 4.0771380613080339117004768922925  21 -8.0579611664474288801329748821445  
2  12 -6.5770061599807743135670534684323  8 -10.872281507028530356251394550782  
2  13 -3.7528283343372779157220975321252  12 11.414545747854832669077040918637  
2  14 -6.018505780821074679920457128901  12 1.2235415466283812158110322343418  
2  15 3.9789808521304697030984698358225  17 -15  
2  16 -8.5229555677171493499599819188006  15 13.648726663301715689158299937844  
2  17 6.5193728218236497440329912933521  16 14.446474170187689978206435625907  
6  10 3.9955432624148277120923467009561  18 -2.573327660617076073634734711959  16 0.52487412043982883957937701779883  20 7.8366310247259747256975970230997  21 4.0771380613080339117004768922925  28 -8.0579611664474288801329748821445  
2  19 -6.5770061599807743135670534684323  15 -10.872281507028530356251394550782  
2  20 -3.7528283343372779157220975321252  19 11.414545747854832669077040918637  
2  21 -6.018505780821074679920457128901  19 1.2235415466283812158110322343418  
2  22 3.9789808521304697030984698358225  24 -15  
2  23 -8.5229555677171493499599819188006  22 13.648726663301715689158299937844  
2  24 6.5193728218236497440329912933521  23 14.446474170187689978206435625907  
6  17 3.9955432624148277120923467009561  25 -2.573327660617076073634734711959  23 0.52487412043982883957937701779883  27 7.8366310247259747256975970230997  28 4.0771380613080339117004768922925  35 -8.0579611664474288801329748821445  
2  26 -6.5770061599807743135670534684323  22 -10.872281507028530356251394550782  
2  27 -3.7528283343372779157220975321252  26 11.414545747854832669077040918637  
2  28 -6.018505780821074679920457128901  26 1.2235415466283812158110322343418  
2  29 3.9789808521304697030984698358225  31 -15  
2  30 -8.5229555677171493499599819188006  29 13.648726663301715689158299937844  
2  31 6.5193728218236497440329912933521  30 14.446474170187689978206435625907  
6  24 3.9955432624148277120923467009561  32 -2.573327660617076073634734711959  30 0.52487412043982883957937701779883  34 7.8366310247259747256975970230997  35 4.0771380613080339117004768922925  42 -8.0579611664474288801329748821445  
2  33 -6.5770061599807743135670534684323  29 -10.872281507028530356251394550782  
2  34 -3.7528283343372779157220975321252  33 11.414545747854832669077040918637  
2  35 -6.018505780821074679920457128901  33 1.2235415466283812158110322343418  
2  36 3.9789808521304697030984698358225  38 -15  
2  37 -8.5229555677171493499599819188006  36 13.648726663301715689158299937844  
2  38 6.5193728218236497440329912933521  37 14.446474170187689978206435625907  
6  31 3.9955432624148277120923467009561  39 -2.573327660617076073634734711959  37 0.52487412043982883957937701779883  41 7.8366310247259747256975970230997  42 4.0771380613080339117004768922925  49 -8.0579611664474288801329748821445  
2  40 -6.5770061599807743135670534684323  36 -10.872281507028530356251394550782  
2  41 -3.7528283343372779157220975321252  40 11.414545747854832669077040918637  
2  42 -6.018505780821074679920457128901  40 1.2235415466283812158110322343418  
2  43 3.9789808521304697030984698358225  45 -15  
2  44 -8.5229555677171493499599819188006  43 13.648726663301715689158299937844  
2  45 6.5193728218236497440329912933521  44 14.446474170187689978206435625907  
5  38 3.9955432624148277120923467009561  46 -2.573327660617076073634734711959  44 0.52487412043982883957937701779883  48 7.8366310247259747256975970230997  49 4.0771380613080339117004768922925  
2  47 -6.5770061599807743135670534684323  43 -10.872281507028530356251394550782  
2  48 -3.7528283343372779157220975321252  47 11.414545747854832669077040918637  
2  49 -6.018505780821074679920457128901  47 1.2235415466283812158110322343418  

1  14 1.7406748345930502797074268528377  
1  8 1.104454417763280904551947969594  
0  
1  5 0.99674768633814592178055136173498  
1  4 0.99674768633814592178055136173498  
1  10 0.60496126990115450805518548804685  
0  
2  2 1.104454417763280904551947969594  21 1.7406748345930502797074268528377  
1  15 1.104454417763280904551947969594  
1  6 0.60496126990115450805518548804685  
1  12 0.99674768633814592178055136173498  
1  11 0.99674768633814592178055136173498  
1  17 0.60496126990115450805518548804685  
1  1 1.7406748345930502797074268528377  
2  9 1.104454417763280904551947969594  28 1.7406748345930502797074268528377  
1  22 1.104454417763280904551947969594  
1  13 0.60496126990115450805518548804685  
1  19 0.99674768633814592178055136173498  
1  18 0.99674768633814592178055136173498  
1  24 0.60496126990115450805518548804685  
1  8 1.7406748345930502797074268528377  
2  16 1.104454417763280904551947969594  35 1.7406748345930502797074268528377  
1  29 1.104454417763280904551947969594  
1  20 0.60496126990115450805518548804685  
1  26 0.99674768633814592178055136173498  
1  25 0.99674768633814592178055136173498  
1  31 0.60496126990115450805518548804685  
1  15 1.7406748345930502797074268528377  
2  23 1.104454417763280904551947969594  42 1.7406748345930502797074268528377  
1  36 1.104454417763280904551947969594  
1  27 0.60496126990115450805518548804685  
1  33 0.99674768633814592178055136173498  
1  32 0.99674768633814592178055136173498  
1  38 0.60496126990115450805518548804685  
1  22 1.7406748345930502797074268528377  
2  30 1.104454417763280904551947969594  49 1.7406748345930502797074268528377  
1  43 1.104454417763280904551947969594  
1  34 0.60496126990115450805518548804685  
1  40 0.99674768633814592178055136173498  
1  39 0.99674768633814592178055136173498  
1  45 0.60496126990115450805518548804685  
1  29 1.7406748345930502797074268528377  
1  37 1.104454417763280904551947969594  
0  
1  41 0.60496126990115450805518548804685  
1  47 0.99674768633814592178055136173498  
1  46 0.99674768633814592178055136173498  
0  
1  36 1.7406748345930502797074268528377  
