49 9 6

0.34548325787598910263653806396178 1.0707169788445405345100880367681 0.44642955977442422277334799218806 2.3992454096100708227368158986792 0.1133424141579613131369796974468 2.0244678653686096758690382557688 0.95796249972192604182907871290809 0.34548325787598910263653806396178 1.0707169788445405345100880367681 0.44642955977442422277334799218806 2.3992454096100708227368158986792 0.1133424141579613131369796974468 2.0244678653686096758690382557688 0.95796249972192604182907871290809 0.34548325787598910263653806396178 1.0707169788445405345100880367681 0.44642955977442422277334799218806 2.3992454096100708227368158986792 0.1133424141579613131369796974468 2.0244678653686096758690382557688 0.95796249972192604182907871290809 0.34548325787598910263653806396178 1.0707169788445405345100880367681 0.44642955977442422277334799218806 2.3992454096100708227368158986792 0.1133424141579613131369796974468 2.0244678653686096758690382557688 0.95796249972192604182907871290809 0.34548325787598910263653806396178 1.0707169788445405345100880367681 0.44642955977442422277334799218806 2.3992454096100708227368158986792 0.1133424141579613131369796974468 2.0244678653686096758690382557688 0.95796249972192604182907871290809 0.34548325787598910263653806396178 1.0707169788445405345100880367681 0.44642955977442422277334799218806 2.3992454096100708227368158986792 0.1133424141579613131369796974468 2.0244678653686096758690382557688 0.95796249972192604182907871290809 0.34548325787598910263653806396178 1.0707169788445405345100880367681 0.44642955977442422277334799218806 2.3992454096100708227368158986792 0.1133424141579613131369796974468 2.0244678653686096758690382557688 0.95796249972192604182907871290809 

-8.0515343730645696496139862574637 8.522149731145027828915772261098 -5.8796741301425212711251333530527 0.51433879514450087100385644589551 -6.3899651289940884169027413008735 -2.8290806401248134172021764243254 -9.8193567583998255798860554932617 -8.0515343730645696496139862574637 8.522149731145027828915772261098 -5.8796741301425212711251333530527 0.51433879514450087100385644589551 -6.3899651289940884169027413008735 -2.8290806401248134172021764243254 -9.8193567583998255798860554932617 -8.0515343730645696496139862574637 8.522149731145027828915772261098 -5.8796741301425212711251333530527 0.51433879514450087100385644589551 -6.3899651289940884169027413008735 -2.8290806401248134172021764243254 -9.8193567583998255798860554932617 -8.0515343730645696496139862574637 8.522149731145027828915772261098 -5.8796741301425212711251333530527 0.51433879514450087100385644589551 -6.3899651289940884169027413008735 -2.8290806401248134172021764243254 -9.8193567583998255798860554932617 -8.0515343730645696496139862574637 8.522149731145027828915772261098 -5.8796741301425212711251333530527 0.51433879514450087100385644589551 -6.3899651289940884169027413008735 -2.8290806401248134172021764243254 -9.8193567583998255798860554932617 -8.0515343730645696496139862574637 8.522149731145027828915772261098 -5.8796741301425212711251333530527 0.51433879514450087100385644589551 -6.3899651289940884169027413008735 -2.8290806401248134172021764243254 -9.8193567583998255798860554932617 -8.0515343730645696496139862574637 8.522149731145027828915772261098 -5.8796741301425212711251333530527 0.51433879514450087100385644589551 -6.3899651289940884169027413008735 -2.8290806401248134172021764243254 -9.8193567583998255798860554932617 

1 1 1 1 1 1 1 1 1 1 1 1 1 1 1 1 1 1 1 1 1 1 1 1 1 1 1 1 1 1 1 1 1 1 1 1 1 1 1 1 1 1 1 1 1 1 1 1 1 

8.0515343730645696496139862574637 -8.522149731145027828915772261098 5.8796741301425212711251333530527 -0.51433879514450087100385644589551 6.3899651289940884169027413008735 2.8290806401248134172021764243254 9.8193567583998255798860554932617 8.0515343730645696496139862574637 -8.522149731145027828915772261098 5.8796741301425212711251333530527 -0.51433879514450087100385644589551 6.3899651289940884169027413008735 2.8290806401248134172021764243254 9.8193567583998255798860554932617 8.0515343730645696496139862574637 -8.522149731145027828915772261098 5.8796741301425212711251333530527 -0.51433879514450087100385644589551 6.3899651289940884169027413008735 2.8290806401248134172021764243254 9.8193567583998255798860554932617 8.0515343730645696496139862574637 -8.522149731145027828915772261098 5.8796741301425212711251333530527 -0.51433879514450087100385644589551 6.3899651289940884169027413008735 2.8290806401248134172021764243254 9.8193567583998255798860554932617 8.0515343730645696496139862574637 -8.522149731145027828915772261098 5.8796741301425212711251333530527 -0.51433879514450087100385644589551 6.3899651289940884169027413008735 2.8290806401248134172021764243254 9.8193567583998255798860554932617 8.0515343730645696496139862574637 -8.522149731145027828915772261098 5.8796741301425212711251333530527 -0.51433879514450087100385644589551 6.3899651289940884169027413008735 2.8290806401248134172021764243254 9.8193567583998255798860554932617 8.0515343730645696496139862574637 -8.522149731145027828915772261098 5.8796741301425212711251333530527 -0.51433879514450087100385644589551 6.3899651289940884169027413008735 2.8290806401248134172021764243254 9.8193567583998255798860554932617 

2  1 10.65905394981099618689768249169  3 14.026908531729038287494404357858  
2  2 -4.349396681566389588624588213861  1 -14.977878934541749345044081564993  
2  3 2.3285730866478173695099940232467  2 14.090228910517618388098526338581  
5  4 14.512756587168874844451238459442  2 -0.4399363582309121500912851843168  6 -6.5613610851995236572520298068412  7 5.5786488651450323317249058163725  14 -3.3829328068803099505146292358404  
2  5 -2.5497924353795879959250214596977  1 9.2128785560235364471282082377002  
2  6 -3.7682411294554816194590785016771  5 13.742363982396362587223848095164  
2  7 8.4273979798301557053719079704024  5 0.44059252799123038712991728971247  
2  8 10.65905394981099618689768249169  10 14.026908531729038287494404357858  
2  9 -4.349396681566389588624588213861  8 -14.977878934541749345044081564993  
2  10 2.3285730866478173695099940232467  9 14.090228910517618388098526338581  
6  3 -9.898481520397298893954030063469  11 14.512756587168874844451238459442  9 -0.4399363582309121500912851843168  13 -6.5613610851995236572520298068412  14 5.5786488651450323317249058163725  21 -3.3829328068803099505146292358404  
2  12 -2.5497924353795879959250214596977  8 9.2128785560235364471282082377002  
2  13 -3.7682411294554816194590785016771  12 13.742363982396362587223848095164  
2  14 8.4273979798301557053719079704024  12 0.44059252799123038712991728971247  
2  15 10.65905394981099618689768249169  17 14.026908531729038287494404357858  
2  16 -4.349396681566389588624588213861  15 -14.977878934541749345044081564993  
2  17 2.3285730866478173695099940232467  16 14.090228910517618388098526338581  
6  10 -9.898481520397298893954030063469  18 14.512756587168874844451238459442  16 -0.4399363582309121500912851843168  20 -6.5613610851995236572520298068412  21 5.5786488651450323317249058163725  28 -3.3829328068803099505146292358404  
2  19 -2.5497924353795879959250214596977  15 9.2128785560235364471282082377002  
2  20 -3.7682411294554816194590785016771  19 13.742363982396362587223848095164  
2  21 8.4273979798301557053719079704024  19 0.44059252799123038712991728971247  
2  22 10.65905394981099618689768249169  24 14.026908531729038287494404357858  
2  23 -4.349396681566389588624588213861  22 -14.977878934541749345044081564993  
2  24 2.3285730866478173695099940232467  23 14.090228910517618388098526338581  
6  17 -9.898481520397298893954030063469  25 14.512756587168874844451238459442  23 -0.4399363582309121500912851843168  27 -6.5613610851995236572520298068412  28 5.5786488651450323317249058163725  35 -3.3829328068803099505146292358404  
2  26 -2.5497924353795879959250214596977  22 9.2128785560235364471282082377002  
2  27 -3.7682411294554816194590785016771  26 13.742363982396362587223848095164  
2  28 8.4273979798301557053719079704024  26 0.44059252799123038712991728971247  
2  29 10.65905394981099618689768249169  31 14.026908531729038287494404357858  
2  30 -4.349396681566389588624588213861  29 -14.977878934541749345044081564993  
2  31 2.3285730866478173695099940232467  30 14.090228910517618388098526338581  
6  24 -9.898481520397298893954030063469  32 14.512756587168874844451238459442  30 -0.4399363582309121500912851843168  34 -6.5613610851995236572520298068412  35 5.5786488651450323317249058163725  42 -3.3829328068803099505146292358404  
2  33 -2.5497924353795879959250214596977  29 9.2128785560235364471282082377002  
2  34 -3.7682411294554816194590785016771  33 13.742363982396362587223848095164  
2  35 8.4273979798301557053719079704024  33 0.44059252799123038712991728971247  
2  36 10.65905394981099618689768249169  38 14.026908531729038287494404357858  
2  37 -4.349396681566389588624588213861  36 -14.977878934541749345044081564993  
2  38 2.3285730866478173695099940232467  37 14.090228910517618388098526338581  
6  31 -9.898481520397298893954030063469  39 14.512756587168874844451238459442  37 -0.4399363582309121500912851843168  41 -6.5613610851995236572520298068412  42 5.5786488651450323317249058163725  49 -3.3829328068803099505146292358404  
2  40 -2.5497924353795879959250214596977  36 9.2128785560235364471282082377002  
2  41 -3.7682411294554816194590785016771  40 13.742363982396362587223848095164  
2  42 8.4273979798301557053719079704024  40 0.44059252799123038712991728971247  
2  43 10.65905394981099618689768249169  45 14.026908531729038287494404357858  
2  44 -4.349396681566389588624588213861  43 -14.977878934541749345044081564993  
2  45 2.3285730866478173695099940232467  44 14.090228910517618388098526338581  
5  38 -9.898481520397298893954030063469  46 14.512756587168874844451238459442  44 -0.4399363582309121500912851843168  48 -6.5613610851995236572520298068412  49 5.5786488651450323317249058163725  
2  47 -2.5497924353795879959250214596977  43 9.2128785560235364471282082377002  
2  48 -3.7682411294554816194590785016771  47 13.742363982396362587223848095164  
2  49 8.4273979798301557053719079704024  47 0.44059252799123038712991728971247  

1  14 1.2769964746925241971808873131522  
1  8 0  
0  
1  5 0.9078137273289093034378538504825  
1  4 0.9078137273289093034378538504825  
1  10 1.8939764553514555345259395835456  
0  
2  2 0  21 1.2769964746925241971808873131522  
1  15 0  
1  6 1.8939764553514555345259395835456  
1  12 0.9078137273289093034378538504825  
1  11 0.9078137273289093034378538504825  
1  17 1.8939764553514555345259395835456  
1  1 1.2769964746925241971808873131522  
2  9 0  28 1.2769964746925241971808873131522  
1  22 0  
1  13 1.8939764553514555345259395835456  
1  19 0.9078137273289093034378538504825  
1  18 0.9078137273289093034378538504825  
1  24 1.8939764553514555345259395835456  
1  8 1.2769964746925241971808873131522  
2  16 0  35 1.2769964746925241971808873131522  
1  29 0  
1  20 1.8939764553514555345259395835456  
1  26 0.9078137273289093034378538504825  
1  25 0.9078137273289093034378538504825  
1  31 1.8939764553514555345259395835456  
1  15 1.2769964746925241971808873131522  
2  23 0  42 1.2769964746925241971808873131522  
1  36 0  
1  27 1.8939764553514555345259395835456  
1  33 0.9078137273289093034378538504825  
1  32 0.9078137273289093034378538504825  
1  38 1.8939764553514555345259395835456  
1  22 1.2769964746925241971808873131522  
2  30 0  49 1.2769964746925241971808873131522  
1  43 0  
1  34 1.8939764553514555345259395835456  
1  40 0.9078137273289093034378538504825  
1  39 0.9078137273289093034378538504825  
1  45 1.8939764553514555345259395835456  
1  29 1.2769964746925241971808873131522  
1  37 0  
0  
1  41 1.8939764553514555345259395835456  
1  47 0.9078137273289093034378538504825  
1  46 0.9078137273289093034378538504825  
0  
1  36 1.2769964746925241971808873131522  
