49 9 6

2.4082683136867748530107746773865 1.9406821715477970968777299276553 1.4907389330189790843661512553808 1.4131994725472971641266894948785 0.7210439168136996146429851251014 0.37201979314705924117845370346913 0.10000000000000008881784197001252 2.4082683136867748530107746773865 1.9406821715477970968777299276553 1.4907389330189790843661512553808 1.4131994725472971641266894948785 0.7210439168136996146429851251014 0.37201979314705924117845370346913 0.10000000000000008881784197001252 2.4082683136867748530107746773865 1.9406821715477970968777299276553 1.4907389330189790843661512553808 1.4131994725472971641266894948785 0.7210439168136996146429851251014 0.37201979314705924117845370346913 0.10000000000000008881784197001252 2.4082683136867748530107746773865 1.9406821715477970968777299276553 1.4907389330189790843661512553808 1.4131994725472971641266894948785 0.7210439168136996146429851251014 0.37201979314705924117845370346913 0.10000000000000008881784197001252 2.4082683136867748530107746773865 1.9406821715477970968777299276553 1.4907389330189790843661512553808 1.4131994725472971641266894948785 0.7210439168136996146429851251014 0.37201979314705924117845370346913 0.10000000000000008881784197001252 2.4082683136867748530107746773865 1.9406821715477970968777299276553 1.4907389330189790843661512553808 1.4131994725472971641266894948785 0.7210439168136996146429851251014 0.37201979314705924117845370346913 0.10000000000000008881784197001252 2.4082683136867748530107746773865 1.9406821715477970968777299276553 1.4907389330189790843661512553808 1.4131994725472971641266894948785 0.7210439168136996146429851251014 0.37201979314705924117845370346913 0.10000000000000008881784197001252 

7.8097639696444449697310119518079 13.287938230454134469482596614398 -9.0388269730477990293593393289484 -14.283358626219492037989766686223 2.6759896687594424413703109166818 -9.4638140193871116423451894661412 1.2409152963527467772308909843559 7.8097639696444449697310119518079 13.287938230454134469482596614398 -9.0388269730477990293593393289484 -14.283358626219492037989766686223 2.6759896687594424413703109166818 -9.4638140193871116423451894661412 1.2409152963527467772308909843559 7.8097639696444449697310119518079 13.287938230454134469482596614398 -9.0388269730477990293593393289484 -14.283358626219492037989766686223 2.6759896687594424413703109166818 -9.4638140193871116423451894661412 1.2409152963527467772308909843559 7.8097639696444449697310119518079 13.287938230454134469482596614398 -9.0388269730477990293593393289484 -14.283358626219492037989766686223 2.6759896687594424413703109166818 -9.4638140193871116423451894661412 1.2409152963527467772308909843559 7.8097639696444449697310119518079 13.287938230454134469482596614398 -9.0388269730477990293593393289484 -14.283358626219492037989766686223 2.6759896687594424413703109166818 -9.4638140193871116423451894661412 1.2409152963527467772308909843559 7.8097639696444449697310119518079 13.287938230454134469482596614398 -9.0388269730477990293593393289484 -14.283358626219492037989766686223 2.6759896687594424413703109166818 -9.4638140193871116423451894661412 1.2409152963527467772308909843559 7.8097639696444449697310119518079 13.287938230454134469482596614398 -9.0388269730477990293593393289484 -14.283358626219492037989766686223 2.6759896687594424413703109166818 -9.4638140193871116423451894661412 1.2409152963527467772308909843559 

1 1 1 1 1 1 1 1 1 1 1 1 1 1 1 1 1 1 1 1 1 1 1 1 1 1 1 1 1 1 1 1 1 1 1 1 1 1 1 1 1 1 1 1 1 1 1 1 1 

-7.8097639696444449697310119518079 -13.287938230454134469482596614398 9.0388269730477990293593393289484 14.283358626219492037989766686223 -2.6759896687594424413703109166818 9.4638140193871116423451894661412 -1.2409152963527467772308909843559 -7.8097639696444449697310119518079 -13.287938230454134469482596614398 9.0388269730477990293593393289484 14.283358626219492037989766686223 -2.6759896687594424413703109166818 9.4638140193871116423451894661412 -1.2409152963527467772308909843559 -7.8097639696444449697310119518079 -13.287938230454134469482596614398 9.0388269730477990293593393289484 14.283358626219492037989766686223 -2.6759896687594424413703109166818 9.4638140193871116423451894661412 -1.2409152963527467772308909843559 -7.8097639696444449697310119518079 -13.287938230454134469482596614398 9.0388269730477990293593393289484 14.283358626219492037989766686223 -2.6759896687594424413703109166818 9.4638140193871116423451894661412 -1.2409152963527467772308909843559 -7.8097639696444449697310119518079 -13.287938230454134469482596614398 9.0388269730477990293593393289484 14.283358626219492037989766686223 -2.6759896687594424413703109166818 9.4638140193871116423451894661412 -1.2409152963527467772308909843559 -7.8097639696444449697310119518079 -13.287938230454134469482596614398 9.0388269730477990293593393289484 14.283358626219492037989766686223 -2.6759896687594424413703109166818 9.4638140193871116423451894661412 -1.2409152963527467772308909843559 -7.8097639696444449697310119518079 -13.287938230454134469482596614398 9.0388269730477990293593393289484 14.283358626219492037989766686223 -2.6759896687594424413703109166818 9.4638140193871116423451894661412 -1.2409152963527467772308909843559 

2  1 -7.8251733145781079414859959797468  3 15  
2  2 -7.9981001953143220362107967957854  1 -14.544885244798285484080224705394  
2  3 2.1608067991981689814906530955341  2 11.250395299056272335747053148225  
5  4 -9.8678005042863201623504210147075  2 -5.2567584543416634446089119592216  6 7.4914597193124201623959379503503  7 15  14 11.551377206021472332508892577607  
2  5 -7.2816419978393307488317987008486  1 -5.3776116926962842512693896424025  
2  6 4.4100948877295342853699366969522  5 12.152220980746482936751817760523  
2  7 6.620748656870287796039065142395  5 -10.319422600107390763923831400461  
2  8 -7.8251733145781079414859959797468  10 15  
2  9 -7.9981001953143220362107967957854  8 -14.544885244798285484080224705394  
2  10 2.1608067991981689814906530955341  9 11.250395299056272335747053148225  
6  3 1.8720360101697559596090059130802  11 -9.8678005042863201623504210147075  9 -5.2567584543416634446089119592216  13 7.4914597193124201623959379503503  14 15  21 11.551377206021472332508892577607  
2  12 -7.2816419978393307488317987008486  8 -5.3776116926962842512693896424025  
2  13 4.4100948877295342853699366969522  12 12.152220980746482936751817760523  
2  14 6.620748656870287796039065142395  12 -10.319422600107390763923831400461  
2  15 -7.8251733145781079414859959797468  17 15  
2  16 -7.9981001953143220362107967957854  15 -14.544885244798285484080224705394  
2  17 2.1608067991981689814906530955341  16 11.250395299056272335747053148225  
6  10 1.8720360101697559596090059130802  18 -9.8678005042863201623504210147075  16 -5.2567584543416634446089119592216  20 7.4914597193124201623959379503503  21 15  28 11.551377206021472332508892577607  
2  19 -7.2816419978393307488317987008486  15 -5.3776116926962842512693896424025  
2  20 4.4100948877295342853699366969522  19 12.152220980746482936751817760523  
2  21 6.620748656870287796039065142395  19 -10.319422600107390763923831400461  
2  22 -7.8251733145781079414859959797468  24 15  
2  23 -7.9981001953143220362107967957854  22 -14.544885244798285484080224705394  
2  24 2.1608067991981689814906530955341  23 11.250395299056272335747053148225  
6  17 1.8720360101697559596090059130802  25 -9.8678005042863201623504210147075  23 -5.2567584543416634446089119592216  27 7.4914597193124201623959379503503  28 15  35 11.551377206021472332508892577607  
2  26 -7.2816419978393307488317987008486  22 -5.3776116926962842512693896424025  
2  27 4.4100948877295342853699366969522  26 12.152220980746482936751817760523  
2  28 6.620748656870287796039065142395  26 -10.319422600107390763923831400461  
2  29 -7.8251733145781079414859959797468  31 15  
2  30 -7.9981001953143220362107967957854  29 -14.544885244798285484080224705394  
2  31 2.1608067991981689814906530955341  30 11.250395299056272335747053148225  
6  24 1.8720360101697559596090059130802  32 -9.8678005042863201623504210147075  30 -5.2567584543416634446089119592216  34 7.4914597193124201623959379503503  35 15  42 11.551377206021472332508892577607  
2  33 -7.2816419978393307488317987008486  29 -5.3776116926962842512693896424025  
2  34 4.4100948877295342853699366969522  33 12.152220980746482936751817760523  
2  35 6.620748656870287796039065142395  33 -10.319422600107390763923831400461  
2  36 -7.8251733145781079414859959797468  38 15  
2  37 -7.9981001953143220362107967957854  36 -14.544885244798285484080224705394  
2  38 2.1608067991981689814906530955341  37 11.250395299056272335747053148225  
6  31 1.8720360101697559596090059130802  39 -9.8678005042863201623504210147075  37 -5.2567584543416634446089119592216  41 7.4914597193124201623959379503503  42 15  49 11.551377206021472332508892577607  
2  40 -7.2816419978393307488317987008486  36 -5.3776116926962842512693896424025  
2  41 4.4100948877295342853699366969522  40 12.152220980746482936751817760523  
2  42 6.620748656870287796039065142395  40 -10.319422600107390763923831400461  
2  43 -7.8251733145781079414859959797468  45 15  
2  44 -7.9981001953143220362107967957854  43 -14.544885244798285484080224705394  
2  45 2.1608067991981689814906530955341  44 11.250395299056272335747053148225  
5  38 1.8720360101697559596090059130802  46 -9.8678005042863201623504210147075  44 -5.2567584543416634446089119592216  48 7.4914597193124201623959379503503  49 15  
2  47 -7.2816419978393307488317987008486  43 -5.3776116926962842512693896424025  
2  48 4.4100948877295342853699366969522  47 12.152220980746482936751817760523  
2  49 6.620748656870287796039065142395  47 -10.319422600107390763923831400461  

1  14 0.014228860514143737425740710023092  
1  8 1.2222327646375750198615151020931  
0  
1  5 0.71133777782519969079544353007805  
1  4 0.71133777782519969079544353007805  
1  10 0.97460057112238196452835836680606  
0  
2  2 1.2222327646375750198615151020931  21 0.014228860514143737425740710023092  
1  15 1.2222327646375750198615151020931  
1  6 0.97460057112238196452835836680606  
1  12 0.71133777782519969079544353007805  
1  11 0.71133777782519969079544353007805  
1  17 0.97460057112238196452835836680606  
1  1 0.014228860514143737425740710023092  
2  9 1.2222327646375750198615151020931  28 0.014228860514143737425740710023092  
1  22 1.2222327646375750198615151020931  
1  13 0.97460057112238196452835836680606  
1  19 0.71133777782519969079544353007805  
1  18 0.71133777782519969079544353007805  
1  24 0.97460057112238196452835836680606  
1  8 0.014228860514143737425740710023092  
2  16 1.2222327646375750198615151020931  35 0.014228860514143737425740710023092  
1  29 1.2222327646375750198615151020931  
1  20 0.97460057112238196452835836680606  
1  26 0.71133777782519969079544353007805  
1  25 0.71133777782519969079544353007805  
1  31 0.97460057112238196452835836680606  
1  15 0.014228860514143737425740710023092  
2  23 1.2222327646375750198615151020931  42 0.014228860514143737425740710023092  
1  36 1.2222327646375750198615151020931  
1  27 0.97460057112238196452835836680606  
1  33 0.71133777782519969079544353007805  
1  32 0.71133777782519969079544353007805  
1  38 0.97460057112238196452835836680606  
1  22 0.014228860514143737425740710023092  
2  30 1.2222327646375750198615151020931  49 0.014228860514143737425740710023092  
1  43 1.2222327646375750198615151020931  
1  34 0.97460057112238196452835836680606  
1  40 0.71133777782519969079544353007805  
1  39 0.71133777782519969079544353007805  
1  45 0.97460057112238196452835836680606  
1  29 0.014228860514143737425740710023092  
1  37 1.2222327646375750198615151020931  
0  
1  41 0.97460057112238196452835836680606  
1  47 0.71133777782519969079544353007805  
1  46 0.71133777782519969079544353007805  
0  
1  36 0.014228860514143737425740710023092  
