49 9 6

0.43817979583959132394710422886419 0.10124622456954956994934491376625 0.5957129864284869125157229063916 1.0853338063088524556576430768473 0.59999173472779632199092247901717 0.32790912636478208863621830460033 1.6203454746619907478333288963768 0.43817979583959132394710422886419 0.10124622456954956994934491376625 0.5957129864284869125157229063916 1.0853338063088524556576430768473 0.59999173472779632199092247901717 0.32790912636478208863621830460033 1.6203454746619907478333288963768 0.43817979583959132394710422886419 0.10124622456954956994934491376625 0.5957129864284869125157229063916 1.0853338063088524556576430768473 0.59999173472779632199092247901717 0.32790912636478208863621830460033 1.6203454746619907478333288963768 0.43817979583959132394710422886419 0.10124622456954956994934491376625 0.5957129864284869125157229063916 1.0853338063088524556576430768473 0.59999173472779632199092247901717 0.32790912636478208863621830460033 1.6203454746619907478333288963768 0.43817979583959132394710422886419 0.10124622456954956994934491376625 0.5957129864284869125157229063916 1.0853338063088524556576430768473 0.59999173472779632199092247901717 0.32790912636478208863621830460033 1.6203454746619907478333288963768 0.43817979583959132394710422886419 0.10124622456954956994934491376625 0.5957129864284869125157229063916 1.0853338063088524556576430768473 0.59999173472779632199092247901717 0.32790912636478208863621830460033 1.6203454746619907478333288963768 0.43817979583959132394710422886419 0.10124622456954956994934491376625 0.5957129864284869125157229063916 1.0853338063088524556576430768473 0.59999173472779632199092247901717 0.32790912636478208863621830460033 1.6203454746619907478333288963768 

5.282448046643350103579450660618 1.9744780303793421083469183940906 -1.6977111718158148789825645508245 10.976407918012485609438044775743 -4.5420994409954440484966653457377 -0.14372166126276625375268736206635 -7.9627118448848852594323943776544 5.282448046643350103579450660618 1.9744780303793421083469183940906 -1.6977111718158148789825645508245 10.976407918012485609438044775743 -4.5420994409954440484966653457377 -0.14372166126276625375268736206635 -7.9627118448848852594323943776544 5.282448046643350103579450660618 1.9744780303793421083469183940906 -1.6977111718158148789825645508245 10.976407918012485609438044775743 -4.5420994409954440484966653457377 -0.14372166126276625375268736206635 -7.9627118448848852594323943776544 5.282448046643350103579450660618 1.9744780303793421083469183940906 -1.6977111718158148789825645508245 10.976407918012485609438044775743 -4.5420994409954440484966653457377 -0.14372166126276625375268736206635 -7.9627118448848852594323943776544 5.282448046643350103579450660618 1.9744780303793421083469183940906 -1.6977111718158148789825645508245 10.976407918012485609438044775743 -4.5420994409954440484966653457377 -0.14372166126276625375268736206635 -7.9627118448848852594323943776544 5.282448046643350103579450660618 1.9744780303793421083469183940906 -1.6977111718158148789825645508245 10.976407918012485609438044775743 -4.5420994409954440484966653457377 -0.14372166126276625375268736206635 -7.9627118448848852594323943776544 5.282448046643350103579450660618 1.9744780303793421083469183940906 -1.6977111718158148789825645508245 10.976407918012485609438044775743 -4.5420994409954440484966653457377 -0.14372166126276625375268736206635 -7.9627118448848852594323943776544 

1 1 1 1 1 1 1 1 1 1 1 1 1 1 1 1 1 1 1 1 1 1 1 1 1 1 1 1 1 1 1 1 1 1 1 1 1 1 1 1 1 1 1 1 1 1 1 1 1 

-5.282448046643350103579450660618 -1.9744780303793421083469183940906 1.6977111718158148789825645508245 -10.976407918012485609438044775743 4.5420994409954440484966653457377 0.14372166126276625375268736206635 7.9627118448848852594323943776544 -5.282448046643350103579450660618 -1.9744780303793421083469183940906 1.6977111718158148789825645508245 -10.976407918012485609438044775743 4.5420994409954440484966653457377 0.14372166126276625375268736206635 7.9627118448848852594323943776544 -5.282448046643350103579450660618 -1.9744780303793421083469183940906 1.6977111718158148789825645508245 -10.976407918012485609438044775743 4.5420994409954440484966653457377 0.14372166126276625375268736206635 7.9627118448848852594323943776544 -5.282448046643350103579450660618 -1.9744780303793421083469183940906 1.6977111718158148789825645508245 -10.976407918012485609438044775743 4.5420994409954440484966653457377 0.14372166126276625375268736206635 7.9627118448848852594323943776544 -5.282448046643350103579450660618 -1.9744780303793421083469183940906 1.6977111718158148789825645508245 -10.976407918012485609438044775743 4.5420994409954440484966653457377 0.14372166126276625375268736206635 7.9627118448848852594323943776544 -5.282448046643350103579450660618 -1.9744780303793421083469183940906 1.6977111718158148789825645508245 -10.976407918012485609438044775743 4.5420994409954440484966653457377 0.14372166126276625375268736206635 7.9627118448848852594323943776544 -5.282448046643350103579450660618 -1.9744780303793421083469183940906 1.6977111718158148789825645508245 -10.976407918012485609438044775743 4.5420994409954440484966653457377 0.14372166126276625375268736206635 7.9627118448848852594323943776544 

2  1 -12.027989714028704426596050325315  3 -11.621349815979442610114347189665  
2  2 10.200547445110085931219146004878  1 -14.129036114823991354683130339254  
2  3 15  2 -14.149956814506149171961624233518  
5  4 14.320033364896588068404525984079  2 -9.1199566283960162849098196602426  6 9.0872366576798508930323805543594  7 8.2213811845062423344643320888281  14 -8.2477312492569314628099164110608  
2  5 -2.2746184935039814867252516705776  1 -7.2206578153120029028855242358986  
2  6 -4.0906920539054629770703286339995  5 9.011056832820379725035309093073  
2  7 -11.942816534721467647273129841778  5 1.4115692260376901945306826746673  
2  8 -12.027989714028704426596050325315  10 -11.621349815979442610114347189665  
2  9 10.200547445110085931219146004878  8 -14.129036114823991354683130339254  
2  10 15  9 -14.149956814506149171961624233518  
6  3 6.3048853259986161745587196492124  11 14.320033364896588068404525984079  9 -9.1199566283960162849098196602426  13 9.0872366576798508930323805543594  14 8.2213811845062423344643320888281  21 -8.2477312492569314628099164110608  
2  12 -2.2746184935039814867252516705776  8 -7.2206578153120029028855242358986  
2  13 -4.0906920539054629770703286339995  12 9.011056832820379725035309093073  
2  14 -11.942816534721467647273129841778  12 1.4115692260376901945306826746673  
2  15 -12.027989714028704426596050325315  17 -11.621349815979442610114347189665  
2  16 10.200547445110085931219146004878  15 -14.129036114823991354683130339254  
2  17 15  16 -14.149956814506149171961624233518  
6  10 6.3048853259986161745587196492124  18 14.320033364896588068404525984079  16 -9.1199566283960162849098196602426  20 9.0872366576798508930323805543594  21 8.2213811845062423344643320888281  28 -8.2477312492569314628099164110608  
2  19 -2.2746184935039814867252516705776  15 -7.2206578153120029028855242358986  
2  20 -4.0906920539054629770703286339995  19 9.011056832820379725035309093073  
2  21 -11.942816534721467647273129841778  19 1.4115692260376901945306826746673  
2  22 -12.027989714028704426596050325315  24 -11.621349815979442610114347189665  
2  23 10.200547445110085931219146004878  22 -14.129036114823991354683130339254  
2  24 15  23 -14.149956814506149171961624233518  
6  17 6.3048853259986161745587196492124  25 14.320033364896588068404525984079  23 -9.1199566283960162849098196602426  27 9.0872366576798508930323805543594  28 8.2213811845062423344643320888281  35 -8.2477312492569314628099164110608  
2  26 -2.2746184935039814867252516705776  22 -7.2206578153120029028855242358986  
2  27 -4.0906920539054629770703286339995  26 9.011056832820379725035309093073  
2  28 -11.942816534721467647273129841778  26 1.4115692260376901945306826746673  
2  29 -12.027989714028704426596050325315  31 -11.621349815979442610114347189665  
2  30 10.200547445110085931219146004878  29 -14.129036114823991354683130339254  
2  31 15  30 -14.149956814506149171961624233518  
6  24 6.3048853259986161745587196492124  32 14.320033364896588068404525984079  30 -9.1199566283960162849098196602426  34 9.0872366576798508930323805543594  35 8.2213811845062423344643320888281  42 -8.2477312492569314628099164110608  
2  33 -2.2746184935039814867252516705776  29 -7.2206578153120029028855242358986  
2  34 -4.0906920539054629770703286339995  33 9.011056832820379725035309093073  
2  35 -11.942816534721467647273129841778  33 1.4115692260376901945306826746673  
2  36 -12.027989714028704426596050325315  38 -11.621349815979442610114347189665  
2  37 10.200547445110085931219146004878  36 -14.129036114823991354683130339254  
2  38 15  37 -14.149956814506149171961624233518  
6  31 6.3048853259986161745587196492124  39 14.320033364896588068404525984079  37 -9.1199566283960162849098196602426  41 9.0872366576798508930323805543594  42 8.2213811845062423344643320888281  49 -8.2477312492569314628099164110608  
2  40 -2.2746184935039814867252516705776  36 -7.2206578153120029028855242358986  
2  41 -4.0906920539054629770703286339995  40 9.011056832820379725035309093073  
2  42 -11.942816534721467647273129841778  40 1.4115692260376901945306826746673  
2  43 -12.027989714028704426596050325315  45 -11.621349815979442610114347189665  
2  44 10.200547445110085931219146004878  43 -14.129036114823991354683130339254  
2  45 15  44 -14.149956814506149171961624233518  
5  38 6.3048853259986161745587196492124  46 14.320033364896588068404525984079  44 -9.1199566283960162849098196602426  48 9.0872366576798508930323805543594  49 8.2213811845062423344643320888281  
2  47 -2.2746184935039814867252516705776  43 -7.2206578153120029028855242358986  
2  48 -4.0906920539054629770703286339995  47 9.011056832820379725035309093073  
2  49 -11.942816534721467647273129841778  47 1.4115692260376901945306826746673  

1  14 0.27719806930913293285811960231513  
1  8 0.81120899540007518346840242884355  
0  
1  5 0.99317491513999323071715252808644  
1  4 0.99317491513999323071715252808644  
1  10 1.7404956968388676230574674264062  
0  
2  2 0.81120899540007518346840242884355  21 0.27719806930913293285811960231513  
1  15 0.81120899540007518346840242884355  
1  6 1.7404956968388676230574674264062  
1  12 0.99317491513999323071715252808644  
1  11 0.99317491513999323071715252808644  
1  17 1.7404956968388676230574674264062  
1  1 0.27719806930913293285811960231513  
2  9 0.81120899540007518346840242884355  28 0.27719806930913293285811960231513  
1  22 0.81120899540007518346840242884355  
1  13 1.7404956968388676230574674264062  
1  19 0.99317491513999323071715252808644  
1  18 0.99317491513999323071715252808644  
1  24 1.7404956968388676230574674264062  
1  8 0.27719806930913293285811960231513  
2  16 0.81120899540007518346840242884355  35 0.27719806930913293285811960231513  
1  29 0.81120899540007518346840242884355  
1  20 1.7404956968388676230574674264062  
1  26 0.99317491513999323071715252808644  
1  25 0.99317491513999323071715252808644  
1  31 1.7404956968388676230574674264062  
1  15 0.27719806930913293285811960231513  
2  23 0.81120899540007518346840242884355  42 0.27719806930913293285811960231513  
1  36 0.81120899540007518346840242884355  
1  27 1.7404956968388676230574674264062  
1  33 0.99317491513999323071715252808644  
1  32 0.99317491513999323071715252808644  
1  38 1.7404956968388676230574674264062  
1  22 0.27719806930913293285811960231513  
2  30 0.81120899540007518346840242884355  49 0.27719806930913293285811960231513  
1  43 0.81120899540007518346840242884355  
1  34 1.7404956968388676230574674264062  
1  40 0.99317491513999323071715252808644  
1  39 0.99317491513999323071715252808644  
1  45 1.7404956968388676230574674264062  
1  29 0.27719806930913293285811960231513  
1  37 0.81120899540007518346840242884355  
0  
1  41 1.7404956968388676230574674264062  
1  47 0.99317491513999323071715252808644  
1  46 0.99317491513999323071715252808644  
0  
1  36 0.27719806930913293285811960231513  
