50.005 0
50.055 4.95021e-10
50.105 4.9092e-10
50.155 4.86852e-10
50.205 4.82819e-10
50.255 4.78819e-10
50.305 4.74854e-10
50.355 4.70918e-10
50.405 4.67018e-10
50.455 4.63149e-10
50.505 4.59311e-10
50.555 4.55506e-10
50.605 4.51734e-10
50.655 4.4799e-10
50.705 4.4428e-10
50.755 4.40599e-10
50.805 4.36949e-10
50.855 4.33329e-10
50.905 4.2974e-10
50.955 4.26181e-10
51.005 4.22649e-10
51.055 4.19149e-10
51.105 4.15678e-10
51.155 4.12233e-10
51.205 4.08818e-10
51.255 4.05431e-10
51.305 4.02073e-10
51.355 3.98741e-10
51.405 3.95439e-10
51.455 3.92163e-10
51.505 3.88915e-10
51.555 3.85694e-10
51.605 3.82498e-10
51.655 3.7933e-10
51.705 3.76188e-10
51.755 3.73071e-10
51.805 3.69981e-10
51.855 3.66917e-10
51.905 3.63878e-10
51.955 3.60863e-10
52.005 3.57874e-10
52.055 3.54909e-10
52.105 3.51969e-10
52.155 3.49055e-10
52.205 3.46162e-10
52.255 3.43295e-10
52.305 3.40452e-10
52.355 3.37632e-10
52.405 3.34834e-10
52.455 3.32061e-10
52.505 3.29311e-10
52.555 3.26584e-10
52.605 3.23878e-10
52.655 3.21196e-10
52.705 3.18535e-10
52.755 3.15896e-10
52.805 3.13279e-10
52.855 3.10685e-10
52.905 3.08111e-10
52.955 3.05559e-10
53.005 3.03028e-10
53.055 3.00519e-10
53.105 2.98029e-10
53.155 2.95561e-10
53.205 2.93113e-10
53.255 2.90685e-10
53.305 2.88277e-10
53.355 2.8589e-10
53.405 2.83521e-10
53.455 2.81173e-10
53.505 2.78844e-10
53.555 2.76535e-10
53.605 2.74244e-10
53.655 2.71973e-10
53.705 2.6972e-10
53.755 2.67486e-10
53.805 2.65271e-10
53.855 2.63073e-10
53.905 2.60894e-10
53.955 2.58733e-10
54.005 2.56591e-10
54.055 2.54465e-10
54.105 2.52358e-10
54.155 2.50268e-10
54.205 2.48195e-10
54.255 2.46139e-10
54.305 2.44101e-10
54.355 2.42078e-10
54.405 2.40074e-10
54.455 2.38085e-10
54.505 2.36113e-10
54.555 2.34158e-10
54.605 2.32218e-10
54.655 2.30295e-10
54.705 2.28388e-10
54.755 2.26496e-10
54.805 2.2462e-10
54.855 2.2276e-10
54.905 2.20915e-10
54.955 2.19085e-10
55.005 2.17271e-10
55.055 2.15471e-10
55.105 2.13686e-10
55.155 2.11917e-10
55.205 2.10162e-10
55.255 2.08421e-10
55.305 2.06695e-10
55.355 2.04983e-10
55.405 2.03285e-10
55.455 2.01601e-10
55.505 1.99932e-10
55.555 1.98277e-10
55.605 1.96634e-10
55.655 1.95005e-10
55.705 1.93391e-10
55.755 1.91789e-10
55.805 1.90201e-10
55.855 1.88626e-10
55.905 1.87063e-10
55.955 1.85514e-10
56.005 1.83977e-10
56.055 1.82453e-10
56.105 1.80942e-10
56.155 1.79444e-10
56.205 1.77958e-10
56.255 1.76484e-10
56.305 1.75022e-10
56.355 1.73573e-10
56.405 1.72135e-10
56.455 1.70709e-10
56.505 1.69296e-10
56.555 1.67894e-10
56.605 1.66503e-10
56.655 1.65124e-10
56.705 1.63757e-10
56.755 1.62401e-10
56.805 1.61055e-10
56.855 1.59722e-10
56.905 1.58399e-10
56.955 1.57088e-10
57.005 1.55786e-10
57.055 1.54496e-10
57.105 1.53217e-10
57.155 1.51948e-10
57.205 1.5069e-10
57.255 1.49442e-10
57.305 1.48204e-10
57.355 1.46976e-10
57.405 1.45759e-10
57.455 1.44553e-10
57.505 1.43355e-10
57.555 1.42168e-10
57.605 1.40991e-10
57.655 1.39823e-10
57.705 1.38665e-10
57.755 1.37517e-10
57.805 1.36378e-10
57.855 1.35248e-10
57.905 1.34128e-10
57.955 1.33017e-10
58.005 1.31916e-10
58.055 1.30824e-10
58.105 1.2974e-10
58.155 1.28665e-10
58.205 1.276e-10
58.255 1.26543e-10
58.305 1.25495e-10
58.355 1.24456e-10
58.405 1.23425e-10
58.455 1.22403e-10
58.505 1.21389e-10
58.555 1.20384e-10
58.605 1.19388e-10
58.655 1.18399e-10
58.705 1.17418e-10
58.755 1.16446e-10
58.805 1.15481e-10
58.855 1.14525e-10
58.905 1.13577e-10
58.955 1.12636e-10
59.005 1.11703e-10
59.055 1.10778e-10
59.105 1.09861e-10
59.155 1.08951e-10
59.205 1.08049e-10
59.255 1.07154e-10
59.305 1.06267e-10
59.355 1.05387e-10
59.405 1.04514e-10
59.455 1.03648e-10
59.505 1.0279e-10
59.555 1.01939e-10
59.605 1.01095e-10
59.655 1.00258e-10
59.705 9.94272e-11
59.755 9.86039e-11
59.805 9.77876e-11
59.855 9.69775e-11
59.905 9.61744e-11
59.955 9.53781e-11
60.005 9.45883e-11
60.055 9.38049e-11
60.105 9.30279e-11
60.155 9.22576e-11
60.205 9.1494e-11
60.255 9.07359e-11
60.305 8.99846e-11
60.355 8.92394e-11
60.405 8.85006e-11
60.455 8.77676e-11
60.505 8.70407e-11
60.555 8.63201e-11
60.605 8.5605e-11
60.655 8.48962e-11
60.705 8.41933e-11
60.755 8.3496e-11
60.805 8.28045e-11
60.855 8.21188e-11
60.905 8.14387e-11
60.955 8.07644e-11
61.005 8.00956e-11
61.055 7.94323e-11
61.105 7.87745e-11
61.155 7.81224e-11
61.205 7.74754e-11
61.255 7.68339e-11
61.305 7.61974e-11
61.355 7.55663e-11
61.405 7.49408e-11
61.455 7.43202e-11
61.505 7.37047e-11
61.555 7.30944e-11
61.605 7.2489e-11
61.655 7.1889e-11
61.705 7.12935e-11
61.755 7.07031e-11
61.805 7.01175e-11
61.855 6.95369e-11
61.905 6.89611e-11
61.955 6.839e-11
62.005 6.78238e-11
62.055 6.7262e-11
62.105 6.6705e-11
62.155 6.61527e-11
62.205 6.5605e-11
62.255 6.50618e-11
62.305 6.45229e-11
62.355 6.39885e-11
62.405 6.34587e-11
62.455 6.29333e-11
62.505 6.24121e-11
62.555 6.18954e-11
62.605 6.13826e-11
62.655 6.08743e-11
62.705 6.03703e-11
62.755 5.98705e-11
62.805 5.93747e-11
62.855 5.8883e-11
62.905 5.83954e-11
62.955 5.79118e-11
63.005 5.74323e-11
63.055 5.69567e-11
63.105 5.6485e-11
63.155 5.60173e-11
63.205 5.55534e-11
63.255 5.50933e-11
63.305 5.46372e-11
63.355 5.41847e-11
63.405 5.3736e-11
63.455 5.32911e-11
63.505 5.28496e-11
63.555 5.24122e-11
63.605 5.19782e-11
63.655 5.15477e-11
63.705 5.11208e-11
63.755 5.06977e-11
63.805 5.02778e-11
63.855 4.98614e-11
63.905 4.94484e-11
63.955 4.90391e-11
64.005 4.86328e-11
64.055 4.82301e-11
64.105 4.78308e-11
64.155 4.74348e-11
64.205 4.70421e-11
64.255 4.66524e-11
64.305 4.62662e-11
64.355 4.58829e-11
64.405 4.5503e-11
64.455 4.51262e-11
64.505 4.47525e-11
64.555 4.43819e-11
64.605 4.40145e-11
64.655 4.365e-11
64.705 4.32885e-11
64.755 4.29302e-11
64.805 4.25746e-11
64.855 4.22221e-11
64.905 4.18725e-11
64.955 4.15257e-11
65.005 4.11818e-11
65.055 4.08408e-11
65.105 4.05026e-11
65.155 4.01672e-11
65.205 3.98346e-11
65.255 3.95047e-11
65.305 3.91776e-11
65.355 3.88533e-11
65.405 3.85315e-11
65.455 3.82125e-11
65.505 3.7896e-11
65.555 3.75821e-11
65.605 3.7271e-11
65.655 3.69624e-11
65.705 3.66563e-11
65.755 3.63528e-11
65.805 3.60517e-11
65.855 3.57532e-11
65.905 3.54572e-11
65.955 3.51635e-11
66.005 3.48723e-11
66.055 3.45837e-11
66.105 3.42973e-11
66.155 3.40133e-11
66.205 3.37316e-11
66.255 3.34523e-11
66.305 3.31752e-11
66.355 3.29005e-11
66.405 3.26281e-11
66.455 3.23579e-11
66.505 3.209e-11
66.555 3.18242e-11
66.605 3.15607e-11
66.655 3.12994e-11
66.705 3.10402e-11
66.755 3.07831e-11
66.805 3.05283e-11
66.855 3.02755e-11
66.905 3.00248e-11
66.955 2.97762e-11
67.005 2.95296e-11
67.055 2.92851e-11
67.105 2.90426e-11
67.155 2.88021e-11
67.205 2.85636e-11
67.255 2.83271e-11
67.305 2.80925e-11
67.355 2.786e-11
67.405 2.76292e-11
67.455 2.74004e-11
67.505 2.71735e-11
67.555 2.69485e-11
67.605 2.67253e-11
67.655 2.65041e-11
67.705 2.62846e-11
67.755 2.60669e-11
67.805 2.58511e-11
67.855 2.56371e-11
67.905 2.54247e-11
67.955 2.52142e-11
68.005 2.50054e-11
68.055 2.47983e-11
68.105 2.4593e-11
68.155 2.43894e-11
68.205 2.41874e-11
68.255 2.39872e-11
68.305 2.37885e-11
68.355 2.35916e-11
68.405 2.33962e-11
68.455 2.32025e-11
68.505 2.30103e-11
68.555 2.28197e-11
68.605 2.26308e-11
68.655 2.24434e-11
68.705 2.22576e-11
68.755 2.20733e-11
68.805 2.18905e-11
68.855 2.17092e-11
68.905 2.15295e-11
68.955 2.13511e-11
69.005 2.11744e-11
69.055 2.09991e-11
69.105 2.08252e-11
69.155 2.06527e-11
69.205 2.04817e-11
69.255 2.03122e-11
69.305 2.01439e-11
69.355 1.99771e-11
69.405 1.98117e-11
69.455 1.96477e-11
69.505 1.94849e-11
69.555 1.93236e-11
69.605 1.91636e-11
69.655 1.9005e-11
69.705 1.88475e-11
69.755 1.86915e-11
69.805 1.85367e-11
69.855 1.83833e-11
69.905 1.8231e-11
69.955 1.80801e-11
70.005 1.79303e-11
70.055 1.77818e-11
70.105 1.76346e-11
70.155 1.74886e-11
70.205 1.73438e-11
70.255 1.72002e-11
70.305 1.70577e-11
70.355 1.69165e-11
70.405 1.67764e-11
70.455 1.66375e-11
70.505 1.64997e-11
70.555 1.63631e-11
70.605 1.62276e-11
70.655 1.60932e-11
70.705 1.596e-11
70.755 1.58278e-11
70.805 1.56968e-11
70.855 1.55668e-11
70.905 1.54379e-11
70.955 1.53101e-11
71.005 1.51833e-11
71.055 1.50576e-11
71.105 1.49329e-11
71.155 1.48092e-11
71.205 1.46866e-11
71.255 1.4565e-11
71.305 1.44444e-11
71.355 1.43248e-11
71.405 1.42062e-11
71.455 1.40885e-11
71.505 1.39719e-11
71.555 1.38562e-11
71.605 1.37414e-11
71.655 1.36277e-11
71.705 1.35148e-11
71.755 1.34029e-11
71.805 1.32919e-11
71.855 1.31818e-11
71.905 1.30727e-11
71.955 1.29645e-11
72.005 1.28571e-11
72.055 1.27506e-11
72.105 1.26451e-11
72.155 1.25404e-11
72.205 1.24365e-11
72.255 1.23335e-11
72.305 1.22314e-11
72.355 1.21301e-11
72.405 1.20297e-11
72.455 1.19301e-11
72.505 1.18313e-11
72.555 1.17333e-11
72.605 1.16362e-11
72.655 1.15398e-11
72.705 1.14443e-11
72.755 1.13495e-11
72.805 1.12555e-11
72.855 1.11623e-11
72.905 1.10699e-11
72.955 1.09782e-11
73.005 1.08873e-11
73.055 1.07971e-11
73.105 1.07078e-11
73.155 1.06191e-11
73.205 1.05312e-11
73.255 1.0444e-11
73.305 1.03575e-11
73.355 1.02717e-11
73.405 1.01867e-11
73.455 1.01024e-11
73.505 1.00187e-11
73.555 9.93567e-12
73.605 9.85343e-12
73.655 9.77186e-12
73.705 9.69094e-12
73.755 9.61068e-12
73.805 9.53112e-12
73.855 9.45219e-12
73.905 9.37391e-12
73.955 9.29628e-12
74.005 9.21932e-12
74.055 9.14298e-12
74.105 9.06727e-12
74.155 8.99219e-12
74.205 8.91775e-12
74.255 8.84389e-12
74.305 8.77066e-12
74.355 8.69804e-12
74.405 8.62602e-12
74.455 8.55461e-12
74.505 8.48375e-12
74.555 8.4135e-12
74.605 8.34384e-12
74.655 8.27475e-12
74.705 8.20624e-12
74.755 8.13829e-12
74.805 8.07088e-12
74.855 8.00407e-12
74.905 7.9378e-12
74.955 7.87204e-12
75.005 7.80689e-12
75.055 7.74221e-12
75.105 7.67811e-12
75.155 7.61455e-12
75.205 7.55149e-12
75.255 7.48898e-12
75.305 7.42695e-12
75.355 7.36546e-12
75.405 7.30446e-12
75.455 7.24399e-12
75.505 7.18401e-12
75.555 7.1245e-12
75.605 7.06554e-12
75.655 7.00702e-12
75.705 6.94899e-12
75.755 6.89146e-12
75.805 6.83438e-12
75.855 6.77781e-12
75.905 6.72168e-12
75.955 6.66602e-12
76.005 6.61081e-12
76.055 6.55608e-12
76.105 6.50178e-12
76.155 6.44797e-12
76.205 6.39457e-12
76.255 6.3416e-12
76.305 6.28909e-12
76.355 6.23702e-12
76.405 6.18536e-12
76.455 6.13415e-12
76.505 6.08336e-12
76.555 6.03302e-12
76.605 5.98308e-12
76.655 5.9335e-12
76.705 5.88437e-12
76.755 5.83565e-12
76.805 5.78732e-12
76.855 5.73941e-12
76.905 5.69185e-12
76.955 5.64475e-12
77.005 5.59802e-12
77.055 5.55165e-12
77.105 5.50568e-12
77.155 5.46008e-12
77.205 5.41489e-12
77.255 5.37004e-12
77.305 5.32559e-12
77.355 5.28149e-12
77.405 5.23774e-12
77.455 5.19437e-12
77.505 5.15137e-12
77.555 5.10873e-12
77.605 5.06642e-12
77.655 5.02445e-12
77.705 4.98285e-12
77.755 4.94161e-12
77.805 4.90068e-12
77.855 4.86009e-12
77.905 4.81986e-12
77.955 4.77995e-12
78.005 4.74035e-12
78.055 4.70112e-12
78.105 4.66218e-12
78.155 4.62357e-12
78.205 4.58528e-12
78.255 4.54733e-12
78.305 4.50969e-12
78.355 4.47233e-12
78.405 4.43529e-12
78.455 4.39857e-12
78.505 4.36215e-12
78.555 4.32603e-12
78.605 4.2902e-12
78.655 4.25468e-12
78.705 4.21946e-12
78.755 4.18452e-12
78.805 4.14984e-12
78.855 4.11552e-12
78.905 4.08143e-12
78.955 4.04763e-12
79.005 4.01412e-12
79.055 3.98086e-12
79.105 3.94788e-12
79.155 3.91521e-12
79.205 3.88281e-12
79.255 3.85066e-12
79.305 3.81878e-12
79.355 3.78715e-12
79.405 3.75577e-12
79.455 3.72467e-12
79.505 3.69382e-12
79.555 3.66326e-12
79.605 3.63295e-12
79.655 3.60286e-12
79.705 3.57301e-12
79.755 3.54343e-12
79.805 3.5141e-12
79.855 3.48499e-12
79.905 3.45614e-12
79.955 3.42754e-12
80.005 3.39913e-12
80.055 3.37097e-12
80.105 3.34306e-12
80.155 3.3154e-12
80.205 3.28795e-12
80.255 3.26071e-12
80.305 3.23371e-12
80.355 3.20695e-12
80.405 3.18039e-12
80.455 3.15406e-12
80.505 3.12794e-12
80.555 3.10206e-12
80.605 3.07634e-12
80.655 3.05089e-12
80.705 3.02561e-12
80.755 3.00057e-12
80.805 2.9757e-12
80.855 2.95108e-12
80.905 2.92664e-12
80.955 2.90239e-12
81.005 2.87836e-12
81.055 2.85453e-12
81.105 2.8309e-12
81.155 2.80744e-12
81.205 2.78421e-12
81.255 2.76115e-12
81.305 2.73828e-12
81.355 2.71564e-12
81.405 2.69315e-12
81.455 2.67083e-12
81.505 2.64872e-12
81.555 2.62678e-12
81.605 2.60502e-12
81.655 2.58347e-12
81.705 2.56206e-12
81.755 2.54086e-12
81.805 2.51983e-12
81.855 2.49895e-12
81.905 2.47827e-12
81.955 2.45774e-12
82.005 2.43741e-12
82.055 2.41721e-12
82.105 2.39718e-12
82.155 2.37733e-12
82.205 2.35764e-12
82.255 2.33814e-12
82.305 2.31878e-12
82.355 2.29958e-12
82.405 2.28054e-12
82.455 2.26165e-12
82.505 2.24292e-12
82.555 2.22436e-12
82.605 2.20596e-12
82.655 2.18765e-12
82.705 2.16954e-12
82.755 2.15159e-12
82.805 2.13377e-12
82.855 2.11612e-12
82.905 2.09857e-12
82.955 2.0812e-12
83.005 2.06396e-12
83.055 2.04685e-12
83.105 2.02993e-12
83.155 2.01312e-12
83.205 1.99644e-12
83.255 1.97993e-12
83.305 1.96353e-12
83.355 1.94727e-12
83.405 1.93113e-12
83.455 1.91515e-12
83.505 1.8993e-12
83.555 1.88357e-12
83.605 1.86796e-12
83.655 1.8525e-12
83.705 1.83716e-12
83.755 1.82196e-12
83.805 1.80685e-12
83.855 1.79191e-12
83.905 1.77708e-12
83.955 1.76235e-12
84.005 1.74776e-12
84.055 1.7333e-12
84.105 1.71893e-12
84.155 1.7047e-12
84.205 1.6906e-12
84.255 1.67658e-12
84.305 1.6627e-12
84.355 1.64892e-12
84.405 1.63528e-12
84.455 1.62174e-12
84.505 1.60832e-12
84.555 1.595e-12
84.605 1.58179e-12
84.655 1.56869e-12
84.705 1.5557e-12
84.755 1.54281e-12
84.805 1.53005e-12
84.855 1.51736e-12
84.905 1.50483e-12
84.955 1.49236e-12
85.005 1.48001e-12
85.055 1.46776e-12
85.105 1.4556e-12
85.155 1.44355e-12
85.205 1.43158e-12
85.255 1.41974e-12
85.305 1.40797e-12
85.355 1.3963e-12
85.405 1.38476e-12
85.455 1.37328e-12
85.505 1.3619e-12
85.555 1.35064e-12
85.605 1.33946e-12
85.655 1.32837e-12
85.705 1.31735e-12
85.755 1.30645e-12
85.805 1.29565e-12
85.855 1.28491e-12
85.905 1.27428e-12
85.955 1.26373e-12
86.005 1.25324e-12
86.055 1.24289e-12
86.105 1.23259e-12
86.155 1.22238e-12
86.205 1.21227e-12
86.255 1.20221e-12
86.305 1.19225e-12
86.355 1.1824e-12
86.405 1.17261e-12
86.455 1.1629e-12
86.505 1.15325e-12
86.555 1.14371e-12
86.605 1.13425e-12
86.655 1.12486e-12
86.705 1.11554e-12
86.755 1.1063e-12
86.805 1.09714e-12
86.855 1.08804e-12
86.905 1.07904e-12
86.955 1.0701e-12
87.005 1.06125e-12
87.055 1.05245e-12
87.105 1.04374e-12
87.155 1.0351e-12
87.205 1.02656e-12
87.255 1.01804e-12
87.305 1.00961e-12
87.355 1.00125e-12
87.405 9.92952e-13
87.455 9.84722e-13
87.505 9.76573e-13
87.555 9.68491e-13
87.605 9.60469e-13
87.655 9.52519e-13
87.705 9.44638e-13
87.755 9.36812e-13
87.805 9.29045e-13
87.855 9.21366e-13
87.905 9.13717e-13
87.955 9.06167e-13
88.005 8.98658e-13
88.055 8.91224e-13
88.105 8.83835e-13
88.155 8.76536e-13
88.205 8.6928e-13
88.255 8.62047e-13
88.305 8.54933e-13
88.355 8.47863e-13
88.405 8.40826e-13
88.455 8.33863e-13
88.505 8.27e-13
88.555 8.20115e-13
88.605 8.13313e-13
88.655 8.06607e-13
88.705 7.99912e-13
88.755 7.93297e-13
88.805 7.86714e-13
88.855 7.80185e-13
88.905 7.73744e-13
88.955 7.67332e-13
89.005 7.60984e-13
89.055 7.54695e-13
89.105 7.48432e-13
89.155 7.42241e-13
89.205 7.36086e-13
89.255 7.30008e-13
89.305 7.23949e-13
89.355 7.17967e-13
89.405 7.12005e-13
89.455 7.06098e-13
89.505 7.00267e-13
89.555 6.9447e-13
89.605 6.88705e-13
89.655 6.83017e-13
89.705 6.7734e-13
89.755 6.71757e-13
89.805 6.66175e-13
89.855 6.60679e-13
89.905 6.5521e-13
89.955 6.49782e-13
90.005 6.44408e-13
90.055 6.39073e-13
90.105 6.33785e-13
90.155 6.28535e-13
90.205 6.23326e-13
90.255 6.18153e-13
90.305 6.13016e-13
90.355 6.07942e-13
90.405 6.02933e-13
90.455 5.97933e-13
90.505 5.92982e-13
90.555 5.88076e-13
90.605 5.83193e-13
90.655 5.78407e-13
90.705 5.73598e-13
90.755 5.68835e-13
90.805 5.64137e-13
90.855 5.59466e-13
90.905 5.54828e-13
90.955 5.50218e-13
91.005 5.45679e-13
91.055 5.41164e-13
91.105 5.36664e-13
91.155 5.32221e-13
91.205 5.27828e-13
91.255 5.23446e-13
91.305 5.19131e-13
91.355 5.14833e-13
91.405 5.10568e-13
91.455 5.0633e-13
91.505 5.02131e-13
91.555 4.9798e-13
91.605 4.93873e-13
91.655 4.89761e-13
91.705 4.85707e-13
91.755 4.81692e-13
91.805 4.77698e-13
91.855 4.73754e-13
91.905 4.69808e-13
91.955 4.65935e-13
92.005 4.62059e-13
92.055 4.58255e-13
92.105 4.54459e-13
92.155 4.50687e-13
92.205 4.4697e-13
92.255 4.43276e-13
92.305 4.39578e-13
92.355 4.35929e-13
92.405 4.32334e-13
92.455 4.28741e-13
92.505 4.25197e-13
92.555 4.21695e-13
92.605 4.18193e-13
92.655 4.14735e-13
92.705 4.1129e-13
92.755 4.07908e-13
92.805 4.04523e-13
92.855 4.01156e-13
92.905 3.97835e-13
92.955 3.94535e-13
93.005 3.91288e-13
93.055 3.88033e-13
93.105 3.84817e-13
93.155 3.81642e-13
93.205 3.78477e-13
93.255 3.75351e-13
93.305 3.72238e-13
93.355 3.69161e-13
93.405 3.66096e-13
93.455 3.63057e-13
93.505 3.60064e-13
93.555 3.57082e-13
93.605 3.54138e-13
93.655 3.51188e-13
93.705 3.48266e-13
93.755 3.45389e-13
93.805 3.42515e-13
93.855 3.39706e-13
93.905 3.36894e-13
93.955 3.34097e-13
94.005 3.31328e-13
94.055 3.28587e-13
94.105 3.2588e-13
94.155 3.23176e-13
94.205 3.20471e-13
94.255 3.17826e-13
94.305 3.15218e-13
94.355 3.12601e-13
94.405 3.10031e-13
94.455 3.07448e-13
94.505 3.04882e-13
94.555 3.02377e-13
94.605 2.99861e-13
94.655 2.97376e-13
94.705 2.94937e-13
94.755 2.92471e-13
94.805 2.90073e-13
94.855 2.8768e-13
94.905 2.85289e-13
94.955 2.82915e-13
95.005 2.80584e-13
95.055 2.78244e-13
95.105 2.7596e-13
95.155 2.73659e-13
95.205 2.71382e-13
95.255 2.69134e-13
95.305 2.6692e-13
95.355 2.64697e-13
95.405 2.62512e-13
95.455 2.60341e-13
95.505 2.58176e-13
95.555 2.56042e-13
95.605 2.53918e-13
95.655 2.51824e-13
95.705 2.49752e-13
95.755 2.47674e-13
95.805 2.45626e-13
95.855 2.43588e-13
95.905 2.41581e-13
95.955 2.39571e-13
96.005 2.37601e-13
96.055 2.35606e-13
96.105 2.33657e-13
96.155 2.31735e-13
96.205 2.29806e-13
96.255 2.27912e-13
96.305 2.26035e-13
96.355 2.24159e-13
96.405 2.22292e-13
96.455 2.20439e-13
96.505 2.18639e-13
96.555 2.1683e-13
96.605 2.15013e-13
96.655 2.13257e-13
96.705 2.11474e-13
96.755 2.09736e-13
96.805 2.07992e-13
96.855 2.06277e-13
96.905 2.04562e-13
96.955 2.02856e-13
97.005 2.01195e-13
97.055 1.99517e-13
97.105 1.97873e-13
97.155 1.9622e-13
97.205 1.94606e-13
97.255 1.93007e-13
97.305 1.91388e-13
97.355 1.89824e-13
97.405 1.88238e-13
97.455 1.86668e-13
97.505 1.85137e-13
97.555 1.83602e-13
97.605 1.82081e-13
97.655 1.80589e-13
97.705 1.79072e-13
97.755 1.77583e-13
97.805 1.76114e-13
97.855 1.74688e-13
97.905 1.73219e-13
97.955 1.71781e-13
98.005 1.70358e-13
98.055 1.6892e-13
98.105 1.67552e-13
98.155 1.66176e-13
98.205 1.64799e-13
98.255 1.63443e-13
98.305 1.62061e-13
98.355 1.60761e-13
98.405 1.59413e-13
98.455 1.58082e-13
98.505 1.56758e-13
98.555 1.55458e-13
98.605 1.54186e-13
98.655 1.5291e-13
98.705 1.5164e-13
98.755 1.50374e-13
98.805 1.49148e-13
98.855 1.47917e-13
98.905 1.46682e-13
98.955 1.45459e-13
99.005 1.44277e-13
99.055 1.43058e-13
99.105 1.41907e-13
99.155 1.40722e-13
99.205 1.39551e-13
99.255 1.38388e-13
99.305 1.37251e-13
99.355 1.36114e-13
99.405 1.34993e-13
99.455 1.33875e-13
99.505 1.32756e-13
99.555 1.31645e-13
99.605 1.30565e-13
99.655 1.29486e-13
99.705 1.28412e-13
99.755 1.2735e-13
99.805 1.26283e-13
99.855 1.25245e-13
99.905 1.24225e-13
99.955 1.23189e-13
100.005 1.22152e-13
100.055 1.2114e-13
100.105 1.20155e-13
100.155 1.1914e-13
100.205 1.18162e-13
100.255 1.17203e-13
100.305 1.16225e-13
100.355 1.15255e-13
100.405 1.14306e-13
100.455 1.13339e-13
100.505 1.12429e-13
100.555 1.11484e-13
100.605 1.10564e-13
100.655 1.09643e-13
100.705 1.08737e-13
100.755 1.07831e-13
100.805 1.06956e-13
100.855 1.06054e-13
100.905 1.05189e-13
100.955 1.0431e-13
101.005 1.03456e-13
101.055 1.02578e-13
101.105 1.01739e-13
101.155 1.00897e-13
101.205 1.0006e-13
101.255 9.9244e-14
101.305 9.84374e-14
101.355 9.76043e-14
101.405 9.67874e-14
101.455 9.59843e-14
101.505 9.51974e-14
101.555 9.43831e-14
101.605 9.36357e-14
101.655 9.28737e-14
101.705 9.20611e-14
101.755 9.13206e-14
101.805 9.05697e-14
101.855 8.98232e-14
101.905 8.90646e-14
101.955 8.83206e-14
102.005 8.75972e-14
102.055 8.68729e-14
102.105 8.61426e-14
102.155 8.54483e-14
102.205 8.47361e-14
102.255 8.40461e-14
102.305 8.33389e-14
102.355 8.26472e-14
102.405 8.19726e-14
102.455 8.12638e-14
102.505 8.06132e-14
102.555 7.99386e-14
102.605 7.92838e-14
102.655 7.86255e-14
102.705 7.79869e-14
102.755 7.7332e-14
102.805 7.67029e-14
102.855 7.60558e-14
102.905 7.54121e-14
102.955 7.47975e-14
103.005 7.41623e-14
103.055 7.35744e-14
103.105 7.29486e-14
103.155 7.23606e-14
103.205 7.17461e-14
103.255 7.1153e-14
103.305 7.0546e-14
103.355 6.99589e-14
103.405 6.93889e-14
103.455 6.8837e-14
103.505 6.82781e-14
103.555 6.76995e-14
103.605 6.71466e-14
103.655 6.65552e-14
103.705 6.6035e-14
103.755 6.55044e-14
103.805 6.49387e-14
103.855 6.43858e-14
103.905 6.38724e-14
103.955 6.33247e-14
104.005 6.28275e-14
104.055 6.22832e-14
104.105 6.17792e-14
104.155 6.12624e-14
104.205 6.0761e-14
104.255 6.02415e-14
104.305 5.97718e-14
104.355 5.92661e-14
104.405 5.87432e-14
104.455 5.8271e-14
104.505 5.77918e-14
104.555 5.73212e-14
104.605 5.68532e-14
104.655 5.63887e-14
104.705 5.59035e-14
104.755 5.54535e-14
104.805 5.49795e-14
104.855 5.45235e-14
104.905 5.40719e-14
104.955 5.3621e-14
105.005 5.32104e-14
105.055 5.27544e-14
105.105 5.23138e-14
105.155 5.18861e-14
105.205 5.14593e-14
105.255 5.1017e-14
105.305 5.05987e-14
105.355 5.01907e-14
105.405 4.9769e-14
105.455 4.9349e-14
105.505 4.8935e-14
105.555 4.85347e-14
105.605 4.8137e-14
105.655 4.77522e-14
105.705 4.73536e-14
105.755 4.69507e-14
105.805 4.65658e-14
105.855 4.61955e-14
105.905 4.5785e-14
105.955 4.54328e-14
106.005 4.5017e-14
106.055 4.46733e-14
106.105 4.4297e-14
106.155 4.39216e-14
106.205 4.3565e-14
106.255 4.32085e-14
106.305 4.28604e-14
106.355 4.24953e-14
106.405 4.21387e-14
106.455 4.17907e-14
106.505 4.14522e-14
106.555 4.11076e-14
106.605 4.07613e-14
106.655 4.04425e-14
106.705 4.00979e-14
106.755 3.97525e-14
106.805 3.94396e-14
106.855 3.91113e-14
106.905 3.87796e-14
106.955 3.8465e-14
107.005 3.81282e-14
107.055 3.78205e-14
107.105 3.75145e-14
107.155 3.71973e-14
107.205 3.68982e-14
107.255 3.65879e-14
107.305 3.62947e-14
107.355 3.5975e-14
107.405 3.56947e-14
107.455 3.54033e-14
107.505 3.50759e-14
107.555 3.47922e-14
107.605 3.45101e-14
107.655 3.42428e-14
107.705 3.39513e-14
107.755 3.36676e-14
107.805 3.33925e-14
107.855 3.3101e-14
107.905 3.28199e-14
107.955 3.25696e-14
108.005 3.23082e-14
108.055 3.20339e-14
108.105 3.17545e-14
108.155 3.15042e-14
108.205 3.12316e-14
108.255 3.09788e-14
108.305 3.07191e-14
108.355 3.04593e-14
108.405 3.02125e-14
108.455 2.9975e-14
108.505 2.9729e-14
108.555 2.9471e-14
108.605 2.92353e-14
108.655 2.89996e-14
108.705 2.87579e-14
108.755 2.85291e-14
108.805 2.82882e-14
108.855 2.80534e-14
108.905 2.78056e-14
108.955 2.75691e-14
109.005 2.73505e-14
109.055 2.71319e-14
109.105 2.68945e-14
109.155 2.66853e-14
109.205 2.64513e-14
109.255 2.62345e-14
109.305 2.60254e-14
109.355 2.58034e-14
109.405 2.55865e-14
109.455 2.54168e-14
109.505 2.51639e-14
109.555 2.49659e-14
109.605 2.47473e-14
109.655 2.45339e-14
109.705 2.43616e-14
109.755 2.41276e-14
109.805 2.394e-14
109.855 2.37514e-14
109.905 2.35345e-14
109.955 2.33528e-14
