49 9 6

1.2173322788817595441202001893544 2.2310235212156683815010183025151 2.2791063420476893597310663608368 1.2574373484291756497555070382077 1.9560912667706435996706204605289 1.268040901457638591764975899423 2.5 1.2173322788817595441202001893544 2.2310235212156683815010183025151 2.2791063420476893597310663608368 1.2574373484291756497555070382077 1.9560912667706435996706204605289 1.268040901457638591764975899423 2.5 1.2173322788817595441202001893544 2.2310235212156683815010183025151 2.2791063420476893597310663608368 1.2574373484291756497555070382077 1.9560912667706435996706204605289 1.268040901457638591764975899423 2.5 1.2173322788817595441202001893544 2.2310235212156683815010183025151 2.2791063420476893597310663608368 1.2574373484291756497555070382077 1.9560912667706435996706204605289 1.268040901457638591764975899423 2.5 1.2173322788817595441202001893544 2.2310235212156683815010183025151 2.2791063420476893597310663608368 1.2574373484291756497555070382077 1.9560912667706435996706204605289 1.268040901457638591764975899423 2.5 1.2173322788817595441202001893544 2.2310235212156683815010183025151 2.2791063420476893597310663608368 1.2574373484291756497555070382077 1.9560912667706435996706204605289 1.268040901457638591764975899423 2.5 1.2173322788817595441202001893544 2.2310235212156683815010183025151 2.2791063420476893597310663608368 1.2574373484291756497555070382077 1.9560912667706435996706204605289 1.268040901457638591764975899423 2.5 

-4.8589556202447568011848488822579 -7.4027034558984956547078581934329 10.282033747370862286629744630773 -3.3883700447838793756716313509969 -4.3310099410573910105881623167079 -9.53098890042793556176548008807 12.605463857814845241023249400314 -4.8589556202447568011848488822579 -7.4027034558984956547078581934329 10.282033747370862286629744630773 -3.3883700447838793756716313509969 -4.3310099410573910105881623167079 -9.53098890042793556176548008807 12.605463857814845241023249400314 -4.8589556202447568011848488822579 -7.4027034558984956547078581934329 10.282033747370862286629744630773 -3.3883700447838793756716313509969 -4.3310099410573910105881623167079 -9.53098890042793556176548008807 12.605463857814845241023249400314 -4.8589556202447568011848488822579 -7.4027034558984956547078581934329 10.282033747370862286629744630773 -3.3883700447838793756716313509969 -4.3310099410573910105881623167079 -9.53098890042793556176548008807 12.605463857814845241023249400314 -4.8589556202447568011848488822579 -7.4027034558984956547078581934329 10.282033747370862286629744630773 -3.3883700447838793756716313509969 -4.3310099410573910105881623167079 -9.53098890042793556176548008807 12.605463857814845241023249400314 -4.8589556202447568011848488822579 -7.4027034558984956547078581934329 10.282033747370862286629744630773 -3.3883700447838793756716313509969 -4.3310099410573910105881623167079 -9.53098890042793556176548008807 12.605463857814845241023249400314 -4.8589556202447568011848488822579 -7.4027034558984956547078581934329 10.282033747370862286629744630773 -3.3883700447838793756716313509969 -4.3310099410573910105881623167079 -9.53098890042793556176548008807 12.605463857814845241023249400314 

1 1 1 1 1 1 1 1 1 1 1 1 1 1 1 1 1 1 1 1 1 1 1 1 1 1 1 1 1 1 1 1 1 1 1 1 1 1 1 1 1 1 1 1 1 1 1 1 1 

4.8589556202447568011848488822579 7.4027034558984956547078581934329 -10.282033747370862286629744630773 3.3883700447838793756716313509969 4.3310099410573910105881623167079 9.53098890042793556176548008807 -12.605463857814845241023249400314 4.8589556202447568011848488822579 7.4027034558984956547078581934329 -10.282033747370862286629744630773 3.3883700447838793756716313509969 4.3310099410573910105881623167079 9.53098890042793556176548008807 -12.605463857814845241023249400314 4.8589556202447568011848488822579 7.4027034558984956547078581934329 -10.282033747370862286629744630773 3.3883700447838793756716313509969 4.3310099410573910105881623167079 9.53098890042793556176548008807 -12.605463857814845241023249400314 4.8589556202447568011848488822579 7.4027034558984956547078581934329 -10.282033747370862286629744630773 3.3883700447838793756716313509969 4.3310099410573910105881623167079 9.53098890042793556176548008807 -12.605463857814845241023249400314 4.8589556202447568011848488822579 7.4027034558984956547078581934329 -10.282033747370862286629744630773 3.3883700447838793756716313509969 4.3310099410573910105881623167079 9.53098890042793556176548008807 -12.605463857814845241023249400314 4.8589556202447568011848488822579 7.4027034558984956547078581934329 -10.282033747370862286629744630773 3.3883700447838793756716313509969 4.3310099410573910105881623167079 9.53098890042793556176548008807 -12.605463857814845241023249400314 4.8589556202447568011848488822579 7.4027034558984956547078581934329 -10.282033747370862286629744630773 3.3883700447838793756716313509969 4.3310099410573910105881623167079 9.53098890042793556176548008807 -12.605463857814845241023249400314 

2  1 -14.590078784253904586876160465181  3 12.435448489956467454931043903343  
2  2 11.135621863026829103660020336974  1 9.2422728071733786237018648535013  
2  3 -9.4940213148787844232856514281593  2 -13.310089326991846547798559186049  
5  4 8.2461813803443781978330662241206  2 11.821645998600676108480911352672  6 -6.0822908771248060944003555050585  7 -2.3923010120140699719115673360648  14 5.5750740684975745864448981592432  
2  5 1.5357617691260685433007893152535  1 9.7328456138369912054031374282204  
2  6 -14.976747342488987868591721053235  5 9.6555085717609951956319491728209  
2  7 12.949669114301073591377644333988  5 4.1883975204777774692388447874691  
2  8 -14.590078784253904586876160465181  10 12.435448489956467454931043903343  
2  9 11.135621863026829103660020336974  8 9.2422728071733786237018648535013  
2  10 -9.4940213148787844232856514281593  9 -13.310089326991846547798559186049  
6  3 -2.5534142749561095087074136245064  11 8.2461813803443781978330662241206  9 11.821645998600676108480911352672  13 -6.0822908771248060944003555050585  14 -2.3923010120140699719115673360648  21 5.5750740684975745864448981592432  
2  12 1.5357617691260685433007893152535  8 9.7328456138369912054031374282204  
2  13 -14.976747342488987868591721053235  12 9.6555085717609951956319491728209  
2  14 12.949669114301073591377644333988  12 4.1883975204777774692388447874691  
2  15 -14.590078784253904586876160465181  17 12.435448489956467454931043903343  
2  16 11.135621863026829103660020336974  15 9.2422728071733786237018648535013  
2  17 -9.4940213148787844232856514281593  16 -13.310089326991846547798559186049  
6  10 -2.5534142749561095087074136245064  18 8.2461813803443781978330662241206  16 11.821645998600676108480911352672  20 -6.0822908771248060944003555050585  21 -2.3923010120140699719115673360648  28 5.5750740684975745864448981592432  
2  19 1.5357617691260685433007893152535  15 9.7328456138369912054031374282204  
2  20 -14.976747342488987868591721053235  19 9.6555085717609951956319491728209  
2  21 12.949669114301073591377644333988  19 4.1883975204777774692388447874691  
2  22 -14.590078784253904586876160465181  24 12.435448489956467454931043903343  
2  23 11.135621863026829103660020336974  22 9.2422728071733786237018648535013  
2  24 -9.4940213148787844232856514281593  23 -13.310089326991846547798559186049  
6  17 -2.5534142749561095087074136245064  25 8.2461813803443781978330662241206  23 11.821645998600676108480911352672  27 -6.0822908771248060944003555050585  28 -2.3923010120140699719115673360648  35 5.5750740684975745864448981592432  
2  26 1.5357617691260685433007893152535  22 9.7328456138369912054031374282204  
2  27 -14.976747342488987868591721053235  26 9.6555085717609951956319491728209  
2  28 12.949669114301073591377644333988  26 4.1883975204777774692388447874691  
2  29 -14.590078784253904586876160465181  31 12.435448489956467454931043903343  
2  30 11.135621863026829103660020336974  29 9.2422728071733786237018648535013  
2  31 -9.4940213148787844232856514281593  30 -13.310089326991846547798559186049  
6  24 -2.5534142749561095087074136245064  32 8.2461813803443781978330662241206  30 11.821645998600676108480911352672  34 -6.0822908771248060944003555050585  35 -2.3923010120140699719115673360648  42 5.5750740684975745864448981592432  
2  33 1.5357617691260685433007893152535  29 9.7328456138369912054031374282204  
2  34 -14.976747342488987868591721053235  33 9.6555085717609951956319491728209  
2  35 12.949669114301073591377644333988  33 4.1883975204777774692388447874691  
2  36 -14.590078784253904586876160465181  38 12.435448489956467454931043903343  
2  37 11.135621863026829103660020336974  36 9.2422728071733786237018648535013  
2  38 -9.4940213148787844232856514281593  37 -13.310089326991846547798559186049  
6  31 -2.5534142749561095087074136245064  39 8.2461813803443781978330662241206  37 11.821645998600676108480911352672  41 -6.0822908771248060944003555050585  42 -2.3923010120140699719115673360648  49 5.5750740684975745864448981592432  
2  40 1.5357617691260685433007893152535  36 9.7328456138369912054031374282204  
2  41 -14.976747342488987868591721053235  40 9.6555085717609951956319491728209  
2  42 12.949669114301073591377644333988  40 4.1883975204777774692388447874691  
2  43 -14.590078784253904586876160465181  45 12.435448489956467454931043903343  
2  44 11.135621863026829103660020336974  43 9.2422728071733786237018648535013  
2  45 -9.4940213148787844232856514281593  44 -13.310089326991846547798559186049  
5  38 -2.5534142749561095087074136245064  46 8.2461813803443781978330662241206  44 11.821645998600676108480911352672  48 -6.0822908771248060944003555050585  49 -2.3923010120140699719115673360648  
2  47 1.5357617691260685433007893152535  43 9.7328456138369912054031374282204  
2  48 -14.976747342488987868591721053235  47 9.6555085717609951956319491728209  
2  49 12.949669114301073591377644333988  47 4.1883975204777774692388447874691  

1  14 1.8886821824408410730455898374203  
1  8 1.8361745346220805785719676350709  
0  
1  5 1.5356231443749113196872713160701  
1  4 1.5356231443749113196872713160701  
1  10 0.069820353373138965835664748738054  
0  
2  2 1.8361745346220805785719676350709  21 1.8886821824408410730455898374203  
1  15 1.8361745346220805785719676350709  
1  6 0.069820353373138965835664748738054  
1  12 1.5356231443749113196872713160701  
1  11 1.5356231443749113196872713160701  
1  17 0.069820353373138965835664748738054  
1  1 1.8886821824408410730455898374203  
2  9 1.8361745346220805785719676350709  28 1.8886821824408410730455898374203  
1  22 1.8361745346220805785719676350709  
1  13 0.069820353373138965835664748738054  
1  19 1.5356231443749113196872713160701  
1  18 1.5356231443749113196872713160701  
1  24 0.069820353373138965835664748738054  
1  8 1.8886821824408410730455898374203  
2  16 1.8361745346220805785719676350709  35 1.8886821824408410730455898374203  
1  29 1.8361745346220805785719676350709  
1  20 0.069820353373138965835664748738054  
1  26 1.5356231443749113196872713160701  
1  25 1.5356231443749113196872713160701  
1  31 0.069820353373138965835664748738054  
1  15 1.8886821824408410730455898374203  
2  23 1.8361745346220805785719676350709  42 1.8886821824408410730455898374203  
1  36 1.8361745346220805785719676350709  
1  27 0.069820353373138965835664748738054  
1  33 1.5356231443749113196872713160701  
1  32 1.5356231443749113196872713160701  
1  38 0.069820353373138965835664748738054  
1  22 1.8886821824408410730455898374203  
2  30 1.8361745346220805785719676350709  49 1.8886821824408410730455898374203  
1  43 1.8361745346220805785719676350709  
1  34 0.069820353373138965835664748738054  
1  40 1.5356231443749113196872713160701  
1  39 1.5356231443749113196872713160701  
1  45 0.069820353373138965835664748738054  
1  29 1.8886821824408410730455898374203  
1  37 1.8361745346220805785719676350709  
0  
1  41 0.069820353373138965835664748738054  
1  47 1.5356231443749113196872713160701  
1  46 1.5356231443749113196872713160701  
0  
1  36 1.8886821824408410730455898374203  
