49 9 6

0.25191090930491499833010493603069 0.1611827151251057355096918399795 0.38374331690666729777206001017476 1.082137013277521653265011991607 1.5831380861597930120865385106299 1.4085772755574865744421231283923 0.10000000000000008881784197001252 0.25191090930491499833010493603069 0.1611827151251057355096918399795 0.38374331690666729777206001017476 1.082137013277521653265011991607 1.5831380861597930120865385106299 1.4085772755574865744421231283923 0.10000000000000008881784197001252 0.25191090930491499833010493603069 0.1611827151251057355096918399795 0.38374331690666729777206001017476 1.082137013277521653265011991607 1.5831380861597930120865385106299 1.4085772755574865744421231283923 0.10000000000000008881784197001252 0.25191090930491499833010493603069 0.1611827151251057355096918399795 0.38374331690666729777206001017476 1.082137013277521653265011991607 1.5831380861597930120865385106299 1.4085772755574865744421231283923 0.10000000000000008881784197001252 0.25191090930491499833010493603069 0.1611827151251057355096918399795 0.38374331690666729777206001017476 1.082137013277521653265011991607 1.5831380861597930120865385106299 1.4085772755574865744421231283923 0.10000000000000008881784197001252 0.25191090930491499833010493603069 0.1611827151251057355096918399795 0.38374331690666729777206001017476 1.082137013277521653265011991607 1.5831380861597930120865385106299 1.4085772755574865744421231283923 0.10000000000000008881784197001252 0.25191090930491499833010493603069 0.1611827151251057355096918399795 0.38374331690666729777206001017476 1.082137013277521653265011991607 1.5831380861597930120865385106299 1.4085772755574865744421231283923 0.10000000000000008881784197001252 

0.12500198982852878115679118309345 -12.646872488626717867532534000929 -3.2544415825491572746841484331526 -2.00407346749084780412886175327 0.41800321314693456020705752962385 -5.6093529655654146282017791236285 5.9977015086591674020155551261269 0.12500198982852878115679118309345 -12.646872488626717867532534000929 -3.2544415825491572746841484331526 -2.00407346749084780412886175327 0.41800321314693456020705752962385 -5.6093529655654146282017791236285 5.9977015086591674020155551261269 0.12500198982852878115679118309345 -12.646872488626717867532534000929 -3.2544415825491572746841484331526 -2.00407346749084780412886175327 0.41800321314693456020705752962385 -5.6093529655654146282017791236285 5.9977015086591674020155551261269 0.12500198982852878115679118309345 -12.646872488626717867532534000929 -3.2544415825491572746841484331526 -2.00407346749084780412886175327 0.41800321314693456020705752962385 -5.6093529655654146282017791236285 5.9977015086591674020155551261269 0.12500198982852878115679118309345 -12.646872488626717867532534000929 -3.2544415825491572746841484331526 -2.00407346749084780412886175327 0.41800321314693456020705752962385 -5.6093529655654146282017791236285 5.9977015086591674020155551261269 0.12500198982852878115679118309345 -12.646872488626717867532534000929 -3.2544415825491572746841484331526 -2.00407346749084780412886175327 0.41800321314693456020705752962385 -5.6093529655654146282017791236285 5.9977015086591674020155551261269 0.12500198982852878115679118309345 -12.646872488626717867532534000929 -3.2544415825491572746841484331526 -2.00407346749084780412886175327 0.41800321314693456020705752962385 -5.6093529655654146282017791236285 5.9977015086591674020155551261269 

1 1 1 1 1 1 1 1 1 1 1 1 1 1 1 1 1 1 1 1 1 1 1 1 1 1 1 1 1 1 1 1 1 1 1 1 1 1 1 1 1 1 1 1 1 1 1 1 1 

-0.12500198982852878115679118309345 12.646872488626717867532534000929 3.2544415825491572746841484331526 2.00407346749084780412886175327 -0.41800321314693456020705752962385 5.6093529655654146282017791236285 -5.9977015086591674020155551261269 -0.12500198982852878115679118309345 12.646872488626717867532534000929 3.2544415825491572746841484331526 2.00407346749084780412886175327 -0.41800321314693456020705752962385 5.6093529655654146282017791236285 -5.9977015086591674020155551261269 -0.12500198982852878115679118309345 12.646872488626717867532534000929 3.2544415825491572746841484331526 2.00407346749084780412886175327 -0.41800321314693456020705752962385 5.6093529655654146282017791236285 -5.9977015086591674020155551261269 -0.12500198982852878115679118309345 12.646872488626717867532534000929 3.2544415825491572746841484331526 2.00407346749084780412886175327 -0.41800321314693456020705752962385 5.6093529655654146282017791236285 -5.9977015086591674020155551261269 -0.12500198982852878115679118309345 12.646872488626717867532534000929 3.2544415825491572746841484331526 2.00407346749084780412886175327 -0.41800321314693456020705752962385 5.6093529655654146282017791236285 -5.9977015086591674020155551261269 -0.12500198982852878115679118309345 12.646872488626717867532534000929 3.2544415825491572746841484331526 2.00407346749084780412886175327 -0.41800321314693456020705752962385 5.6093529655654146282017791236285 -5.9977015086591674020155551261269 -0.12500198982852878115679118309345 12.646872488626717867532534000929 3.2544415825491572746841484331526 2.00407346749084780412886175327 -0.41800321314693456020705752962385 5.6093529655654146282017791236285 -5.9977015086591674020155551261269 

2  1 -13.190527880345795708194600592833  3 13.527131420805606154544875607826  
2  2 12.929434436156348908752988791093  1 15  
2  3 15  2 -14.075690799555314214330792310648  
5  4 -5.4081424015044641251392931735609  2 -9.8528281880711094942171257571317  6 -8.1830917765747059888781222980469  7 -14.520821732243650359350795042701  14 14.599418866443480524708320444915  
2  5 -1.8670462646379859528167344251415  1 9.2494410603341936649712806683965  
2  6 -15  5 14.674656034998413645098480628803  
2  7 -3.6118611810152998486955766566098  5 1.2295372829290267535640168716782  
2  8 -13.190527880345795708194600592833  10 13.527131420805606154544875607826  
2  9 12.929434436156348908752988791093  8 15  
2  10 15  9 -14.075690799555314214330792310648  
6  3 -5.3246809489444189011919661425054  11 -5.4081424015044641251392931735609  9 -9.8528281880711094942171257571317  13 -8.1830917765747059888781222980469  14 -14.520821732243650359350795042701  21 14.599418866443480524708320444915  
2  12 -1.8670462646379859528167344251415  8 9.2494410603341936649712806683965  
2  13 -15  12 14.674656034998413645098480628803  
2  14 -3.6118611810152998486955766566098  12 1.2295372829290267535640168716782  
2  15 -13.190527880345795708194600592833  17 13.527131420805606154544875607826  
2  16 12.929434436156348908752988791093  15 15  
2  17 15  16 -14.075690799555314214330792310648  
6  10 -5.3246809489444189011919661425054  18 -5.4081424015044641251392931735609  16 -9.8528281880711094942171257571317  20 -8.1830917765747059888781222980469  21 -14.520821732243650359350795042701  28 14.599418866443480524708320444915  
2  19 -1.8670462646379859528167344251415  15 9.2494410603341936649712806683965  
2  20 -15  19 14.674656034998413645098480628803  
2  21 -3.6118611810152998486955766566098  19 1.2295372829290267535640168716782  
2  22 -13.190527880345795708194600592833  24 13.527131420805606154544875607826  
2  23 12.929434436156348908752988791093  22 15  
2  24 15  23 -14.075690799555314214330792310648  
6  17 -5.3246809489444189011919661425054  25 -5.4081424015044641251392931735609  23 -9.8528281880711094942171257571317  27 -8.1830917765747059888781222980469  28 -14.520821732243650359350795042701  35 14.599418866443480524708320444915  
2  26 -1.8670462646379859528167344251415  22 9.2494410603341936649712806683965  
2  27 -15  26 14.674656034998413645098480628803  
2  28 -3.6118611810152998486955766566098  26 1.2295372829290267535640168716782  
2  29 -13.190527880345795708194600592833  31 13.527131420805606154544875607826  
2  30 12.929434436156348908752988791093  29 15  
2  31 15  30 -14.075690799555314214330792310648  
6  24 -5.3246809489444189011919661425054  32 -5.4081424015044641251392931735609  30 -9.8528281880711094942171257571317  34 -8.1830917765747059888781222980469  35 -14.520821732243650359350795042701  42 14.599418866443480524708320444915  
2  33 -1.8670462646379859528167344251415  29 9.2494410603341936649712806683965  
2  34 -15  33 14.674656034998413645098480628803  
2  35 -3.6118611810152998486955766566098  33 1.2295372829290267535640168716782  
2  36 -13.190527880345795708194600592833  38 13.527131420805606154544875607826  
2  37 12.929434436156348908752988791093  36 15  
2  38 15  37 -14.075690799555314214330792310648  
6  31 -5.3246809489444189011919661425054  39 -5.4081424015044641251392931735609  37 -9.8528281880711094942171257571317  41 -8.1830917765747059888781222980469  42 -14.520821732243650359350795042701  49 14.599418866443480524708320444915  
2  40 -1.8670462646379859528167344251415  36 9.2494410603341936649712806683965  
2  41 -15  40 14.674656034998413645098480628803  
2  42 -3.6118611810152998486955766566098  40 1.2295372829290267535640168716782  
2  43 -13.190527880345795708194600592833  45 13.527131420805606154544875607826  
2  44 12.929434436156348908752988791093  43 15  
2  45 15  44 -14.075690799555314214330792310648  
5  38 -5.3246809489444189011919661425054  46 -5.4081424015044641251392931735609  44 -9.8528281880711094942171257571317  48 -8.1830917765747059888781222980469  49 -14.520821732243650359350795042701  
2  47 -1.8670462646379859528167344251415  43 9.2494410603341936649712806683965  
2  48 -15  47 14.674656034998413645098480628803  
2  49 -3.6118611810152998486955766566098  47 1.2295372829290267535640168716782  

1  14 1.7308202128507752526331842091167  
1  8 0.14441397729386973303178365313215  
0  
1  5 1.3584359166388781936518626025645  
1  4 1.3584359166388781936518626025645  
1  10 0.81638611513329895075230524525978  
0  
2  2 0.14441397729386973303178365313215  21 1.7308202128507752526331842091167  
1  15 0.14441397729386973303178365313215  
1  6 0.81638611513329895075230524525978  
1  12 1.3584359166388781936518626025645  
1  11 1.3584359166388781936518626025645  
1  17 0.81638611513329895075230524525978  
1  1 1.7308202128507752526331842091167  
2  9 0.14441397729386973303178365313215  28 1.7308202128507752526331842091167  
1  22 0.14441397729386973303178365313215  
1  13 0.81638611513329895075230524525978  
1  19 1.3584359166388781936518626025645  
1  18 1.3584359166388781936518626025645  
1  24 0.81638611513329895075230524525978  
1  8 1.7308202128507752526331842091167  
2  16 0.14441397729386973303178365313215  35 1.7308202128507752526331842091167  
1  29 0.14441397729386973303178365313215  
1  20 0.81638611513329895075230524525978  
1  26 1.3584359166388781936518626025645  
1  25 1.3584359166388781936518626025645  
1  31 0.81638611513329895075230524525978  
1  15 1.7308202128507752526331842091167  
2  23 0.14441397729386973303178365313215  42 1.7308202128507752526331842091167  
1  36 0.14441397729386973303178365313215  
1  27 0.81638611513329895075230524525978  
1  33 1.3584359166388781936518626025645  
1  32 1.3584359166388781936518626025645  
1  38 0.81638611513329895075230524525978  
1  22 1.7308202128507752526331842091167  
2  30 0.14441397729386973303178365313215  49 1.7308202128507752526331842091167  
1  43 0.14441397729386973303178365313215  
1  34 0.81638611513329895075230524525978  
1  40 1.3584359166388781936518626025645  
1  39 1.3584359166388781936518626025645  
1  45 0.81638611513329895075230524525978  
1  29 1.7308202128507752526331842091167  
1  37 0.14441397729386973303178365313215  
0  
1  41 0.81638611513329895075230524525978  
1  47 1.3584359166388781936518626025645  
1  46 1.3584359166388781936518626025645  
0  
1  36 1.7308202128507752526331842091167  
