49 9 6

0.94590309909212400008016174979275 0.16321562673628120521129858389031 0.60909204697584617971273246439523 2.1171201081938448851360590197146 2.217627663367955026529898532317 1.7958232324946221680761482275557 0.56692909607521413395403442336828 0.94590309909212400008016174979275 0.16321562673628120521129858389031 0.60909204697584617971273246439523 2.1171201081938448851360590197146 2.217627663367955026529898532317 1.7958232324946221680761482275557 0.56692909607521413395403442336828 0.94590309909212400008016174979275 0.16321562673628120521129858389031 0.60909204697584617971273246439523 2.1171201081938448851360590197146 2.217627663367955026529898532317 1.7958232324946221680761482275557 0.56692909607521413395403442336828 0.94590309909212400008016174979275 0.16321562673628120521129858389031 0.60909204697584617971273246439523 2.1171201081938448851360590197146 2.217627663367955026529898532317 1.7958232324946221680761482275557 0.56692909607521413395403442336828 0.94590309909212400008016174979275 0.16321562673628120521129858389031 0.60909204697584617971273246439523 2.1171201081938448851360590197146 2.217627663367955026529898532317 1.7958232324946221680761482275557 0.56692909607521413395403442336828 0.94590309909212400008016174979275 0.16321562673628120521129858389031 0.60909204697584617971273246439523 2.1171201081938448851360590197146 2.217627663367955026529898532317 1.7958232324946221680761482275557 0.56692909607521413395403442336828 0.94590309909212400008016174979275 0.16321562673628120521129858389031 0.60909204697584617971273246439523 2.1171201081938448851360590197146 2.217627663367955026529898532317 1.7958232324946221680761482275557 0.56692909607521413395403442336828 

7.2041451806426266557537019252777 4.8360149122741233895794721320271 6.061819056037035302608728670748 7.0460531908758445851503893209156 0.33667165974796942062852167509845 7.2864341225250273126334832340945 -9.2737247957728907721275390940718 7.2041451806426266557537019252777 4.8360149122741233895794721320271 6.061819056037035302608728670748 7.0460531908758445851503893209156 0.33667165974796942062852167509845 7.2864341225250273126334832340945 -9.2737247957728907721275390940718 7.2041451806426266557537019252777 4.8360149122741233895794721320271 6.061819056037035302608728670748 7.0460531908758445851503893209156 0.33667165974796942062852167509845 7.2864341225250273126334832340945 -9.2737247957728907721275390940718 7.2041451806426266557537019252777 4.8360149122741233895794721320271 6.061819056037035302608728670748 7.0460531908758445851503893209156 0.33667165974796942062852167509845 7.2864341225250273126334832340945 -9.2737247957728907721275390940718 7.2041451806426266557537019252777 4.8360149122741233895794721320271 6.061819056037035302608728670748 7.0460531908758445851503893209156 0.33667165974796942062852167509845 7.2864341225250273126334832340945 -9.2737247957728907721275390940718 7.2041451806426266557537019252777 4.8360149122741233895794721320271 6.061819056037035302608728670748 7.0460531908758445851503893209156 0.33667165974796942062852167509845 7.2864341225250273126334832340945 -9.2737247957728907721275390940718 7.2041451806426266557537019252777 4.8360149122741233895794721320271 6.061819056037035302608728670748 7.0460531908758445851503893209156 0.33667165974796942062852167509845 7.2864341225250273126334832340945 -9.2737247957728907721275390940718 

1 1 1 1 1 1 1 1 1 1 1 1 1 1 1 1 1 1 1 1 1 1 1 1 1 1 1 1 1 1 1 1 1 1 1 1 1 1 1 1 1 1 1 1 1 1 1 1 1 

-7.2041451806426266557537019252777 -4.8360149122741233895794721320271 -6.061819056037035302608728670748 -7.0460531908758445851503893209156 -0.33667165974796942062852167509845 -7.2864341225250273126334832340945 9.2737247957728907721275390940718 -7.2041451806426266557537019252777 -4.8360149122741233895794721320271 -6.061819056037035302608728670748 -7.0460531908758445851503893209156 -0.33667165974796942062852167509845 -7.2864341225250273126334832340945 9.2737247957728907721275390940718 -7.2041451806426266557537019252777 -4.8360149122741233895794721320271 -6.061819056037035302608728670748 -7.0460531908758445851503893209156 -0.33667165974796942062852167509845 -7.2864341225250273126334832340945 9.2737247957728907721275390940718 -7.2041451806426266557537019252777 -4.8360149122741233895794721320271 -6.061819056037035302608728670748 -7.0460531908758445851503893209156 -0.33667165974796942062852167509845 -7.2864341225250273126334832340945 9.2737247957728907721275390940718 -7.2041451806426266557537019252777 -4.8360149122741233895794721320271 -6.061819056037035302608728670748 -7.0460531908758445851503893209156 -0.33667165974796942062852167509845 -7.2864341225250273126334832340945 9.2737247957728907721275390940718 -7.2041451806426266557537019252777 -4.8360149122741233895794721320271 -6.061819056037035302608728670748 -7.0460531908758445851503893209156 -0.33667165974796942062852167509845 -7.2864341225250273126334832340945 9.2737247957728907721275390940718 -7.2041451806426266557537019252777 -4.8360149122741233895794721320271 -6.061819056037035302608728670748 -7.0460531908758445851503893209156 -0.33667165974796942062852167509845 -7.2864341225250273126334832340945 9.2737247957728907721275390940718 

2  1 -14.122007559681712507426709635183  3 -12.566337732394643467159767169505  
2  2 12.907955476805973660248127998784  1 -14.084139946584862457257258938625  
2  3 9.9561328152757475606904336018488  2 -14.943691389411817738164245383814  
5  4 -1.4858797797457270473131529797683  2 -7.5616346204442770329023915110156  6 -14.905366928324511377468297723681  7 -7.5564659430941301110351560055278  14 4.8022374417579154481927616870962  
2  5 -9.6302488793712441861316619906574  1 10.375790420273858671862399205565  
2  6 -10.991888170623996145991441153456  5 -14.541993006924673892399368924089  
2  7 5.8689803072456170340842618315946  5 -3.7392740735425866738239619735396  
2  8 -14.122007559681712507426709635183  10 -12.566337732394643467159767169505  
2  9 12.907955476805973660248127998784  8 -14.084139946584862457257258938625  
2  10 9.9561328152757475606904336018488  9 -14.943691389411817738164245383814  
6  3 0.38602532093328478790539293186157  11 -1.4858797797457270473131529797683  9 -7.5616346204442770329023915110156  13 -14.905366928324511377468297723681  14 -7.5564659430941301110351560055278  21 4.8022374417579154481927616870962  
2  12 -9.6302488793712441861316619906574  8 10.375790420273858671862399205565  
2  13 -10.991888170623996145991441153456  12 -14.541993006924673892399368924089  
2  14 5.8689803072456170340842618315946  12 -3.7392740735425866738239619735396  
2  15 -14.122007559681712507426709635183  17 -12.566337732394643467159767169505  
2  16 12.907955476805973660248127998784  15 -14.084139946584862457257258938625  
2  17 9.9561328152757475606904336018488  16 -14.943691389411817738164245383814  
6  10 0.38602532093328478790539293186157  18 -1.4858797797457270473131529797683  16 -7.5616346204442770329023915110156  20 -14.905366928324511377468297723681  21 -7.5564659430941301110351560055278  28 4.8022374417579154481927616870962  
2  19 -9.6302488793712441861316619906574  15 10.375790420273858671862399205565  
2  20 -10.991888170623996145991441153456  19 -14.541993006924673892399368924089  
2  21 5.8689803072456170340842618315946  19 -3.7392740735425866738239619735396  
2  22 -14.122007559681712507426709635183  24 -12.566337732394643467159767169505  
2  23 12.907955476805973660248127998784  22 -14.084139946584862457257258938625  
2  24 9.9561328152757475606904336018488  23 -14.943691389411817738164245383814  
6  17 0.38602532093328478790539293186157  25 -1.4858797797457270473131529797683  23 -7.5616346204442770329023915110156  27 -14.905366928324511377468297723681  28 -7.5564659430941301110351560055278  35 4.8022374417579154481927616870962  
2  26 -9.6302488793712441861316619906574  22 10.375790420273858671862399205565  
2  27 -10.991888170623996145991441153456  26 -14.541993006924673892399368924089  
2  28 5.8689803072456170340842618315946  26 -3.7392740735425866738239619735396  
2  29 -14.122007559681712507426709635183  31 -12.566337732394643467159767169505  
2  30 12.907955476805973660248127998784  29 -14.084139946584862457257258938625  
2  31 9.9561328152757475606904336018488  30 -14.943691389411817738164245383814  
6  24 0.38602532093328478790539293186157  32 -1.4858797797457270473131529797683  30 -7.5616346204442770329023915110156  34 -14.905366928324511377468297723681  35 -7.5564659430941301110351560055278  42 4.8022374417579154481927616870962  
2  33 -9.6302488793712441861316619906574  29 10.375790420273858671862399205565  
2  34 -10.991888170623996145991441153456  33 -14.541993006924673892399368924089  
2  35 5.8689803072456170340842618315946  33 -3.7392740735425866738239619735396  
2  36 -14.122007559681712507426709635183  38 -12.566337732394643467159767169505  
2  37 12.907955476805973660248127998784  36 -14.084139946584862457257258938625  
2  38 9.9561328152757475606904336018488  37 -14.943691389411817738164245383814  
6  31 0.38602532093328478790539293186157  39 -1.4858797797457270473131529797683  37 -7.5616346204442770329023915110156  41 -14.905366928324511377468297723681  42 -7.5564659430941301110351560055278  49 4.8022374417579154481927616870962  
2  40 -9.6302488793712441861316619906574  36 10.375790420273858671862399205565  
2  41 -10.991888170623996145991441153456  40 -14.541993006924673892399368924089  
2  42 5.8689803072456170340842618315946  40 -3.7392740735425866738239619735396  
2  43 -14.122007559681712507426709635183  45 -12.566337732394643467159767169505  
2  44 12.907955476805973660248127998784  43 -14.084139946584862457257258938625  
2  45 9.9561328152757475606904336018488  44 -14.943691389411817738164245383814  
5  38 0.38602532093328478790539293186157  46 -1.4858797797457270473131529797683  44 -7.5616346204442770329023915110156  48 -14.905366928324511377468297723681  49 -7.5564659430941301110351560055278  
2  47 -9.6302488793712441861316619906574  43 10.375790420273858671862399205565  
2  48 -10.991888170623996145991441153456  47 -14.541993006924673892399368924089  
2  49 5.8689803072456170340842618315946  47 -3.7392740735425866738239619735396  

1  14 1.5977270052147467538361524930224  
1  8 1.4213658313118744391800873927423  
0  
1  5 0.53903752322387976647632967797108  
1  4 0.53903752322387976647632967797108  
1  10 1.9800118808559372673983034474077  
0  
2  2 1.4213658313118744391800873927423  21 1.5977270052147467538361524930224  
1  15 1.4213658313118744391800873927423  
1  6 1.9800118808559372673983034474077  
1  12 0.53903752322387976647632967797108  
1  11 0.53903752322387976647632967797108  
1  17 1.9800118808559372673983034474077  
1  1 1.5977270052147467538361524930224  
2  9 1.4213658313118744391800873927423  28 1.5977270052147467538361524930224  
1  22 1.4213658313118744391800873927423  
1  13 1.9800118808559372673983034474077  
1  19 0.53903752322387976647632967797108  
1  18 0.53903752322387976647632967797108  
1  24 1.9800118808559372673983034474077  
1  8 1.5977270052147467538361524930224  
2  16 1.4213658313118744391800873927423  35 1.5977270052147467538361524930224  
1  29 1.4213658313118744391800873927423  
1  20 1.9800118808559372673983034474077  
1  26 0.53903752322387976647632967797108  
1  25 0.53903752322387976647632967797108  
1  31 1.9800118808559372673983034474077  
1  15 1.5977270052147467538361524930224  
2  23 1.4213658313118744391800873927423  42 1.5977270052147467538361524930224  
1  36 1.4213658313118744391800873927423  
1  27 1.9800118808559372673983034474077  
1  33 0.53903752322387976647632967797108  
1  32 0.53903752322387976647632967797108  
1  38 1.9800118808559372673983034474077  
1  22 1.5977270052147467538361524930224  
2  30 1.4213658313118744391800873927423  49 1.5977270052147467538361524930224  
1  43 1.4213658313118744391800873927423  
1  34 1.9800118808559372673983034474077  
1  40 0.53903752322387976647632967797108  
1  39 0.53903752322387976647632967797108  
1  45 1.9800118808559372673983034474077  
1  29 1.5977270052147467538361524930224  
1  37 1.4213658313118744391800873927423  
0  
1  41 1.9800118808559372673983034474077  
1  47 0.53903752322387976647632967797108  
1  46 0.53903752322387976647632967797108  
0  
1  36 1.5977270052147467538361524930224  
