49 9 6

0.48051189880291500511333424583427 0.18028683238697618129720012802863 0.69367292153241832952659251532168 1.2089496296184318868682794345659 0.10607113407537482885345525573939 0.14469570170725098989805701421574 1.6606009555180938352947350722388 0.48051189880291500511333424583427 0.18028683238697618129720012802863 0.69367292153241832952659251532168 1.2089496296184318868682794345659 0.10607113407537482885345525573939 0.14469570170725098989805701421574 1.6606009555180938352947350722388 0.48051189880291500511333424583427 0.18028683238697618129720012802863 0.69367292153241832952659251532168 1.2089496296184318868682794345659 0.10607113407537482885345525573939 0.14469570170725098989805701421574 1.6606009555180938352947350722388 0.48051189880291500511333424583427 0.18028683238697618129720012802863 0.69367292153241832952659251532168 1.2089496296184318868682794345659 0.10607113407537482885345525573939 0.14469570170725098989805701421574 1.6606009555180938352947350722388 0.48051189880291500511333424583427 0.18028683238697618129720012802863 0.69367292153241832952659251532168 1.2089496296184318868682794345659 0.10607113407537482885345525573939 0.14469570170725098989805701421574 1.6606009555180938352947350722388 0.48051189880291500511333424583427 0.18028683238697618129720012802863 0.69367292153241832952659251532168 1.2089496296184318868682794345659 0.10607113407537482885345525573939 0.14469570170725098989805701421574 1.6606009555180938352947350722388 0.48051189880291500511333424583427 0.18028683238697618129720012802863 0.69367292153241832952659251532168 1.2089496296184318868682794345659 0.10607113407537482885345525573939 0.14469570170725098989805701421574 1.6606009555180938352947350722388 

3.2123173747271711597761623124825 -8.6740446460435443043479608604684 -5.4663571003135942305561911780387 2.1926443757388884847614463069476 -4.4577294646625187368726983550005 -9.7742020189409828390125767327845 8.6991294451707510404503409517929 3.2123173747271711597761623124825 -8.6740446460435443043479608604684 -5.4663571003135942305561911780387 2.1926443757388884847614463069476 -4.4577294646625187368726983550005 -9.7742020189409828390125767327845 8.6991294451707510404503409517929 3.2123173747271711597761623124825 -8.6740446460435443043479608604684 -5.4663571003135942305561911780387 2.1926443757388884847614463069476 -4.4577294646625187368726983550005 -9.7742020189409828390125767327845 8.6991294451707510404503409517929 3.2123173747271711597761623124825 -8.6740446460435443043479608604684 -5.4663571003135942305561911780387 2.1926443757388884847614463069476 -4.4577294646625187368726983550005 -9.7742020189409828390125767327845 8.6991294451707510404503409517929 3.2123173747271711597761623124825 -8.6740446460435443043479608604684 -5.4663571003135942305561911780387 2.1926443757388884847614463069476 -4.4577294646625187368726983550005 -9.7742020189409828390125767327845 8.6991294451707510404503409517929 3.2123173747271711597761623124825 -8.6740446460435443043479608604684 -5.4663571003135942305561911780387 2.1926443757388884847614463069476 -4.4577294646625187368726983550005 -9.7742020189409828390125767327845 8.6991294451707510404503409517929 3.2123173747271711597761623124825 -8.6740446460435443043479608604684 -5.4663571003135942305561911780387 2.1926443757388884847614463069476 -4.4577294646625187368726983550005 -9.7742020189409828390125767327845 8.6991294451707510404503409517929 

1 1 1 1 1 1 1 1 1 1 1 1 1 1 1 1 1 1 1 1 1 1 1 1 1 1 1 1 1 1 1 1 1 1 1 1 1 1 1 1 1 1 1 1 1 1 1 1 1 

-3.2123173747271711597761623124825 8.6740446460435443043479608604684 5.4663571003135942305561911780387 -2.1926443757388884847614463069476 4.4577294646625187368726983550005 9.7742020189409828390125767327845 -8.6991294451707510404503409517929 -3.2123173747271711597761623124825 8.6740446460435443043479608604684 5.4663571003135942305561911780387 -2.1926443757388884847614463069476 4.4577294646625187368726983550005 9.7742020189409828390125767327845 -8.6991294451707510404503409517929 -3.2123173747271711597761623124825 8.6740446460435443043479608604684 5.4663571003135942305561911780387 -2.1926443757388884847614463069476 4.4577294646625187368726983550005 9.7742020189409828390125767327845 -8.6991294451707510404503409517929 -3.2123173747271711597761623124825 8.6740446460435443043479608604684 5.4663571003135942305561911780387 -2.1926443757388884847614463069476 4.4577294646625187368726983550005 9.7742020189409828390125767327845 -8.6991294451707510404503409517929 -3.2123173747271711597761623124825 8.6740446460435443043479608604684 5.4663571003135942305561911780387 -2.1926443757388884847614463069476 4.4577294646625187368726983550005 9.7742020189409828390125767327845 -8.6991294451707510404503409517929 -3.2123173747271711597761623124825 8.6740446460435443043479608604684 5.4663571003135942305561911780387 -2.1926443757388884847614463069476 4.4577294646625187368726983550005 9.7742020189409828390125767327845 -8.6991294451707510404503409517929 -3.2123173747271711597761623124825 8.6740446460435443043479608604684 5.4663571003135942305561911780387 -2.1926443757388884847614463069476 4.4577294646625187368726983550005 9.7742020189409828390125767327845 -8.6991294451707510404503409517929 

2  1 6.6743156817571538397260155761614  3 -11.288251262432268617885711137205  
2  2 5.9612934392626844015694587142207  1 14.801969338200352765966272272635  
2  3 1.3050669052623282695435591449495  2 8.0680007754120151020060802693479  
5  4 -6.5412431010795657471135200466961  2 10.539021603198246879173893830739  6 -3.5688070830609155414947508688783  7 12.464474163884053936612872348633  14 3.6009248703807985592106888361741  
2  5 -3.065809927267998613586996725644  1 11.903971381394857331770253949799  
2  6 8.3387277225341449593543075025082  5 9.5318526356146069389296826557256  
2  7 -12.370833317926990702062539639883  5 0.15993960582442548479242816483747  
2  8 6.6743156817571538397260155761614  10 -11.288251262432268617885711137205  
2  9 5.9612934392626844015694587142207  8 14.801969338200352765966272272635  
2  10 1.3050669052623282695435591449495  9 8.0680007754120151020060802693479  
6  3 0.97274912263184232230628367688041  11 -6.5412431010795657471135200466961  9 10.539021603198246879173893830739  13 -3.5688070830609155414947508688783  14 12.464474163884053936612872348633  21 3.6009248703807985592106888361741  
2  12 -3.065809927267998613586996725644  8 11.903971381394857331770253949799  
2  13 8.3387277225341449593543075025082  12 9.5318526356146069389296826557256  
2  14 -12.370833317926990702062539639883  12 0.15993960582442548479242816483747  
2  15 6.6743156817571538397260155761614  17 -11.288251262432268617885711137205  
2  16 5.9612934392626844015694587142207  15 14.801969338200352765966272272635  
2  17 1.3050669052623282695435591449495  16 8.0680007754120151020060802693479  
6  10 0.97274912263184232230628367688041  18 -6.5412431010795657471135200466961  16 10.539021603198246879173893830739  20 -3.5688070830609155414947508688783  21 12.464474163884053936612872348633  28 3.6009248703807985592106888361741  
2  19 -3.065809927267998613586996725644  15 11.903971381394857331770253949799  
2  20 8.3387277225341449593543075025082  19 9.5318526356146069389296826557256  
2  21 -12.370833317926990702062539639883  19 0.15993960582442548479242816483747  
2  22 6.6743156817571538397260155761614  24 -11.288251262432268617885711137205  
2  23 5.9612934392626844015694587142207  22 14.801969338200352765966272272635  
2  24 1.3050669052623282695435591449495  23 8.0680007754120151020060802693479  
6  17 0.97274912263184232230628367688041  25 -6.5412431010795657471135200466961  23 10.539021603198246879173893830739  27 -3.5688070830609155414947508688783  28 12.464474163884053936612872348633  35 3.6009248703807985592106888361741  
2  26 -3.065809927267998613586996725644  22 11.903971381394857331770253949799  
2  27 8.3387277225341449593543075025082  26 9.5318526356146069389296826557256  
2  28 -12.370833317926990702062539639883  26 0.15993960582442548479242816483747  
2  29 6.6743156817571538397260155761614  31 -11.288251262432268617885711137205  
2  30 5.9612934392626844015694587142207  29 14.801969338200352765966272272635  
2  31 1.3050669052623282695435591449495  30 8.0680007754120151020060802693479  
6  24 0.97274912263184232230628367688041  32 -6.5412431010795657471135200466961  30 10.539021603198246879173893830739  34 -3.5688070830609155414947508688783  35 12.464474163884053936612872348633  42 3.6009248703807985592106888361741  
2  33 -3.065809927267998613586996725644  29 11.903971381394857331770253949799  
2  34 8.3387277225341449593543075025082  33 9.5318526356146069389296826557256  
2  35 -12.370833317926990702062539639883  33 0.15993960582442548479242816483747  
2  36 6.6743156817571538397260155761614  38 -11.288251262432268617885711137205  
2  37 5.9612934392626844015694587142207  36 14.801969338200352765966272272635  
2  38 1.3050669052623282695435591449495  37 8.0680007754120151020060802693479  
6  31 0.97274912263184232230628367688041  39 -6.5412431010795657471135200466961  37 10.539021603198246879173893830739  41 -3.5688070830609155414947508688783  42 12.464474163884053936612872348633  49 3.6009248703807985592106888361741  
2  40 -3.065809927267998613586996725644  36 11.903971381394857331770253949799  
2  41 8.3387277225341449593543075025082  40 9.5318526356146069389296826557256  
2  42 -12.370833317926990702062539639883  40 0.15993960582442548479242816483747  
2  43 6.6743156817571538397260155761614  45 -11.288251262432268617885711137205  
2  44 5.9612934392626844015694587142207  43 14.801969338200352765966272272635  
2  45 1.3050669052623282695435591449495  44 8.0680007754120151020060802693479  
5  38 0.97274912263184232230628367688041  46 -6.5412431010795657471135200466961  44 10.539021603198246879173893830739  48 -3.5688070830609155414947508688783  49 12.464474163884053936612872348633  
2  47 -3.065809927267998613586996725644  43 11.903971381394857331770253949799  
2  48 8.3387277225341449593543075025082  47 9.5318526356146069389296826557256  
2  49 -12.370833317926990702062539639883  47 0.15993960582442548479242816483747  

1  14 0.45996632461634667787819807927008  
1  8 0.23169860884146875612543681199895  
0  
1  5 1.8819146257333971838932029641001  
1  4 1.8819146257333971838932029641001  
1  10 1.3408699791082505647921152558411  
0  
2  2 0.23169860884146875612543681199895  21 0.45996632461634667787819807927008  
1  15 0.23169860884146875612543681199895  
1  6 1.3408699791082505647921152558411  
1  12 1.8819146257333971838932029641001  
1  11 1.8819146257333971838932029641001  
1  17 1.3408699791082505647921152558411  
1  1 0.45996632461634667787819807927008  
2  9 0.23169860884146875612543681199895  28 0.45996632461634667787819807927008  
1  22 0.23169860884146875612543681199895  
1  13 1.3408699791082505647921152558411  
1  19 1.8819146257333971838932029641001  
1  18 1.8819146257333971838932029641001  
1  24 1.3408699791082505647921152558411  
1  8 0.45996632461634667787819807927008  
2  16 0.23169860884146875612543681199895  35 0.45996632461634667787819807927008  
1  29 0.23169860884146875612543681199895  
1  20 1.3408699791082505647921152558411  
1  26 1.8819146257333971838932029641001  
1  25 1.8819146257333971838932029641001  
1  31 1.3408699791082505647921152558411  
1  15 0.45996632461634667787819807927008  
2  23 0.23169860884146875612543681199895  42 0.45996632461634667787819807927008  
1  36 0.23169860884146875612543681199895  
1  27 1.3408699791082505647921152558411  
1  33 1.8819146257333971838932029641001  
1  32 1.8819146257333971838932029641001  
1  38 1.3408699791082505647921152558411  
1  22 0.45996632461634667787819807927008  
2  30 0.23169860884146875612543681199895  49 0.45996632461634667787819807927008  
1  43 0.23169860884146875612543681199895  
1  34 1.3408699791082505647921152558411  
1  40 1.8819146257333971838932029641001  
1  39 1.8819146257333971838932029641001  
1  45 1.3408699791082505647921152558411  
1  29 0.45996632461634667787819807927008  
1  37 0.23169860884146875612543681199895  
0  
1  41 1.3408699791082505647921152558411  
1  47 1.8819146257333971838932029641001  
1  46 1.8819146257333971838932029641001  
0  
1  36 0.45996632461634667787819807927008  
