49 9 6

0.14888581118603849695603003056021 0.72408673117459820822716665134067 0.50174318743017054522681519301841 0.64059683198529815406629950302886 2.4240885959010216588183084240882 0.5237720232493292549236230115639 1.796130825371190287143008390558 0.14888581118603849695603003056021 0.72408673117459820822716665134067 0.50174318743017054522681519301841 0.64059683198529815406629950302886 2.4240885959010216588183084240882 0.5237720232493292549236230115639 1.796130825371190287143008390558 0.14888581118603849695603003056021 0.72408673117459820822716665134067 0.50174318743017054522681519301841 0.64059683198529815406629950302886 2.4240885959010216588183084240882 0.5237720232493292549236230115639 1.796130825371190287143008390558 0.14888581118603849695603003056021 0.72408673117459820822716665134067 0.50174318743017054522681519301841 0.64059683198529815406629950302886 2.4240885959010216588183084240882 0.5237720232493292549236230115639 1.796130825371190287143008390558 0.14888581118603849695603003056021 0.72408673117459820822716665134067 0.50174318743017054522681519301841 0.64059683198529815406629950302886 2.4240885959010216588183084240882 0.5237720232493292549236230115639 1.796130825371190287143008390558 0.14888581118603849695603003056021 0.72408673117459820822716665134067 0.50174318743017054522681519301841 0.64059683198529815406629950302886 2.4240885959010216588183084240882 0.5237720232493292549236230115639 1.796130825371190287143008390558 0.14888581118603849695603003056021 0.72408673117459820822716665134067 0.50174318743017054522681519301841 0.64059683198529815406629950302886 2.4240885959010216588183084240882 0.5237720232493292549236230115639 1.796130825371190287143008390558 

-7.0094968037828833118396687495988 -5.0961430870761157407855534984265 2.6019697465397997326874701684574 -1.0740778421723342628268937914982 3.5757554451171746912052640254842 4.9054637854285010334365324524697 -13.052336421165007251943279698025 -7.0094968037828833118396687495988 -5.0961430870761157407855534984265 2.6019697465397997326874701684574 -1.0740778421723342628268937914982 3.5757554451171746912052640254842 4.9054637854285010334365324524697 -13.052336421165007251943279698025 -7.0094968037828833118396687495988 -5.0961430870761157407855534984265 2.6019697465397997326874701684574 -1.0740778421723342628268937914982 3.5757554451171746912052640254842 4.9054637854285010334365324524697 -13.052336421165007251943279698025 -7.0094968037828833118396687495988 -5.0961430870761157407855534984265 2.6019697465397997326874701684574 -1.0740778421723342628268937914982 3.5757554451171746912052640254842 4.9054637854285010334365324524697 -13.052336421165007251943279698025 -7.0094968037828833118396687495988 -5.0961430870761157407855534984265 2.6019697465397997326874701684574 -1.0740778421723342628268937914982 3.5757554451171746912052640254842 4.9054637854285010334365324524697 -13.052336421165007251943279698025 -7.0094968037828833118396687495988 -5.0961430870761157407855534984265 2.6019697465397997326874701684574 -1.0740778421723342628268937914982 3.5757554451171746912052640254842 4.9054637854285010334365324524697 -13.052336421165007251943279698025 -7.0094968037828833118396687495988 -5.0961430870761157407855534984265 2.6019697465397997326874701684574 -1.0740778421723342628268937914982 3.5757554451171746912052640254842 4.9054637854285010334365324524697 -13.052336421165007251943279698025 

1 1 1 1 1 1 1 1 1 1 1 1 1 1 1 1 1 1 1 1 1 1 1 1 1 1 1 1 1 1 1 1 1 1 1 1 1 1 1 1 1 1 1 1 1 1 1 1 1 

7.0094968037828833118396687495988 5.0961430870761157407855534984265 -2.6019697465397997326874701684574 1.0740778421723342628268937914982 -3.5757554451171746912052640254842 -4.9054637854285010334365324524697 13.052336421165007251943279698025 7.0094968037828833118396687495988 5.0961430870761157407855534984265 -2.6019697465397997326874701684574 1.0740778421723342628268937914982 -3.5757554451171746912052640254842 -4.9054637854285010334365324524697 13.052336421165007251943279698025 7.0094968037828833118396687495988 5.0961430870761157407855534984265 -2.6019697465397997326874701684574 1.0740778421723342628268937914982 -3.5757554451171746912052640254842 -4.9054637854285010334365324524697 13.052336421165007251943279698025 7.0094968037828833118396687495988 5.0961430870761157407855534984265 -2.6019697465397997326874701684574 1.0740778421723342628268937914982 -3.5757554451171746912052640254842 -4.9054637854285010334365324524697 13.052336421165007251943279698025 7.0094968037828833118396687495988 5.0961430870761157407855534984265 -2.6019697465397997326874701684574 1.0740778421723342628268937914982 -3.5757554451171746912052640254842 -4.9054637854285010334365324524697 13.052336421165007251943279698025 7.0094968037828833118396687495988 5.0961430870761157407855534984265 -2.6019697465397997326874701684574 1.0740778421723342628268937914982 -3.5757554451171746912052640254842 -4.9054637854285010334365324524697 13.052336421165007251943279698025 7.0094968037828833118396687495988 5.0961430870761157407855534984265 -2.6019697465397997326874701684574 1.0740778421723342628268937914982 -3.5757554451171746912052640254842 -4.9054637854285010334365324524697 13.052336421165007251943279698025 

2  1 6.7520952725430740670731211139355  3 10.41873964962567988834507559659  
2  2 -0.050859642861680848247019071095565  1 14.11483389179203840058107743971  
2  3 6.6198442936852996965058082423639  2 -12.198515667979737742143697687425  
5  4 -7.8739783497466584449853144178633  2 4.5961155844804864045727299526334  6 3.9223145307267799353212467394769  7 1.5782084475374082987997326199547  14 -7.8055018161444342794652584416326  
2  5 -4.8851815034434133977470082754735  1 -11.844347877449541428518386965152  
2  6 1.509260986612599220180186421203  5 -12.935983253747119547938382311258  
2  7 -2.0845828848561733792621453176253  5 3.9433269359795559694248368032277  
2  8 6.7520952725430740670731211139355  10 10.41873964962567988834507559659  
2  9 -0.050859642861680848247019071095565  8 14.11483389179203840058107743971  
2  10 6.6198442936852996965058082423639  9 -12.198515667979737742143697687425  
6  3 -4.894154520193763957536248199176  11 -7.8739783497466584449853144178633  9 4.5961155844804864045727299526334  13 3.9223145307267799353212467394769  14 1.5782084475374082987997326199547  21 -7.8055018161444342794652584416326  
2  12 -4.8851815034434133977470082754735  8 -11.844347877449541428518386965152  
2  13 1.509260986612599220180186421203  12 -12.935983253747119547938382311258  
2  14 -2.0845828848561733792621453176253  12 3.9433269359795559694248368032277  
2  15 6.7520952725430740670731211139355  17 10.41873964962567988834507559659  
2  16 -0.050859642861680848247019071095565  15 14.11483389179203840058107743971  
2  17 6.6198442936852996965058082423639  16 -12.198515667979737742143697687425  
6  10 -4.894154520193763957536248199176  18 -7.8739783497466584449853144178633  16 4.5961155844804864045727299526334  20 3.9223145307267799353212467394769  21 1.5782084475374082987997326199547  28 -7.8055018161444342794652584416326  
2  19 -4.8851815034434133977470082754735  15 -11.844347877449541428518386965152  
2  20 1.509260986612599220180186421203  19 -12.935983253747119547938382311258  
2  21 -2.0845828848561733792621453176253  19 3.9433269359795559694248368032277  
2  22 6.7520952725430740670731211139355  24 10.41873964962567988834507559659  
2  23 -0.050859642861680848247019071095565  22 14.11483389179203840058107743971  
2  24 6.6198442936852996965058082423639  23 -12.198515667979737742143697687425  
6  17 -4.894154520193763957536248199176  25 -7.8739783497466584449853144178633  23 4.5961155844804864045727299526334  27 3.9223145307267799353212467394769  28 1.5782084475374082987997326199547  35 -7.8055018161444342794652584416326  
2  26 -4.8851815034434133977470082754735  22 -11.844347877449541428518386965152  
2  27 1.509260986612599220180186421203  26 -12.935983253747119547938382311258  
2  28 -2.0845828848561733792621453176253  26 3.9433269359795559694248368032277  
2  29 6.7520952725430740670731211139355  31 10.41873964962567988834507559659  
2  30 -0.050859642861680848247019071095565  29 14.11483389179203840058107743971  
2  31 6.6198442936852996965058082423639  30 -12.198515667979737742143697687425  
6  24 -4.894154520193763957536248199176  32 -7.8739783497466584449853144178633  30 4.5961155844804864045727299526334  34 3.9223145307267799353212467394769  35 1.5782084475374082987997326199547  42 -7.8055018161444342794652584416326  
2  33 -4.8851815034434133977470082754735  29 -11.844347877449541428518386965152  
2  34 1.509260986612599220180186421203  33 -12.935983253747119547938382311258  
2  35 -2.0845828848561733792621453176253  33 3.9433269359795559694248368032277  
2  36 6.7520952725430740670731211139355  38 10.41873964962567988834507559659  
2  37 -0.050859642861680848247019071095565  36 14.11483389179203840058107743971  
2  38 6.6198442936852996965058082423639  37 -12.198515667979737742143697687425  
6  31 -4.894154520193763957536248199176  39 -7.8739783497466584449853144178633  37 4.5961155844804864045727299526334  41 3.9223145307267799353212467394769  42 1.5782084475374082987997326199547  49 -7.8055018161444342794652584416326  
2  40 -4.8851815034434133977470082754735  36 -11.844347877449541428518386965152  
2  41 1.509260986612599220180186421203  40 -12.935983253747119547938382311258  
2  42 -2.0845828848561733792621453176253  40 3.9433269359795559694248368032277  
2  43 6.7520952725430740670731211139355  45 10.41873964962567988834507559659  
2  44 -0.050859642861680848247019071095565  43 14.11483389179203840058107743971  
2  45 6.6198442936852996965058082423639  44 -12.198515667979737742143697687425  
5  38 -4.894154520193763957536248199176  46 -7.8739783497466584449853144178633  44 4.5961155844804864045727299526334  48 3.9223145307267799353212467394769  49 1.5782084475374082987997326199547  
2  47 -4.8851815034434133977470082754735  43 -11.844347877449541428518386965152  
2  48 1.509260986612599220180186421203  47 -12.935983253747119547938382311258  
2  49 -2.0845828848561733792621453176253  47 3.9433269359795559694248368032277  

1  14 1.636582653210077342720296655898  
1  8 0.86930682917881207938393117728992  
0  
1  5 0.51653605579861028296306812990224  
1  4 0.51653605579861028296306812990224  
1  10 0.26873366696201794745491042704089  
0  
2  2 0.86930682917881207938393117728992  21 1.636582653210077342720296655898  
1  15 0.86930682917881207938393117728992  
1  6 0.26873366696201794745491042704089  
1  12 0.51653605579861028296306812990224  
1  11 0.51653605579861028296306812990224  
1  17 0.26873366696201794745491042704089  
1  1 1.636582653210077342720296655898  
2  9 0.86930682917881207938393117728992  28 1.636582653210077342720296655898  
1  22 0.86930682917881207938393117728992  
1  13 0.26873366696201794745491042704089  
1  19 0.51653605579861028296306812990224  
1  18 0.51653605579861028296306812990224  
1  24 0.26873366696201794745491042704089  
1  8 1.636582653210077342720296655898  
2  16 0.86930682917881207938393117728992  35 1.636582653210077342720296655898  
1  29 0.86930682917881207938393117728992  
1  20 0.26873366696201794745491042704089  
1  26 0.51653605579861028296306812990224  
1  25 0.51653605579861028296306812990224  
1  31 0.26873366696201794745491042704089  
1  15 1.636582653210077342720296655898  
2  23 0.86930682917881207938393117728992  42 1.636582653210077342720296655898  
1  36 0.86930682917881207938393117728992  
1  27 0.26873366696201794745491042704089  
1  33 0.51653605579861028296306812990224  
1  32 0.51653605579861028296306812990224  
1  38 0.26873366696201794745491042704089  
1  22 1.636582653210077342720296655898  
2  30 0.86930682917881207938393117728992  49 1.636582653210077342720296655898  
1  43 0.86930682917881207938393117728992  
1  34 0.26873366696201794745491042704089  
1  40 0.51653605579861028296306812990224  
1  39 0.51653605579861028296306812990224  
1  45 0.26873366696201794745491042704089  
1  29 1.636582653210077342720296655898  
1  37 0.86930682917881207938393117728992  
0  
1  41 0.26873366696201794745491042704089  
1  47 0.51653605579861028296306812990224  
1  46 0.51653605579861028296306812990224  
0  
1  36 1.636582653210077342720296655898  
