49 9 6

0.11549139305773103991725747619057 1.8407888777334808771968255314277 0.1639603990535885014168115958455 2.3829344765632134439670153369661 1.6897053238841575062423316921922 1.4540203395659003771100969970576 1.1390679457095156390522561196121 0.11549139305773103991725747619057 1.8407888777334808771968255314277 0.1639603990535885014168115958455 2.3829344765632134439670153369661 1.6897053238841575062423316921922 1.4540203395659003771100969970576 1.1390679457095156390522561196121 0.11549139305773103991725747619057 1.8407888777334808771968255314277 0.1639603990535885014168115958455 2.3829344765632134439670153369661 1.6897053238841575062423316921922 1.4540203395659003771100969970576 1.1390679457095156390522561196121 0.11549139305773103991725747619057 1.8407888777334808771968255314277 0.1639603990535885014168115958455 2.3829344765632134439670153369661 1.6897053238841575062423316921922 1.4540203395659003771100969970576 1.1390679457095156390522561196121 0.11549139305773103991725747619057 1.8407888777334808771968255314277 0.1639603990535885014168115958455 2.3829344765632134439670153369661 1.6897053238841575062423316921922 1.4540203395659003771100969970576 1.1390679457095156390522561196121 0.11549139305773103991725747619057 1.8407888777334808771968255314277 0.1639603990535885014168115958455 2.3829344765632134439670153369661 1.6897053238841575062423316921922 1.4540203395659003771100969970576 1.1390679457095156390522561196121 0.11549139305773103991725747619057 1.8407888777334808771968255314277 0.1639603990535885014168115958455 2.3829344765632134439670153369661 1.6897053238841575062423316921922 1.4540203395659003771100969970576 1.1390679457095156390522561196121 

-3.6285706266432362632201602536952 -3.3581817810923086931040870695142 1.0208404706125959737761377255083 -9.8766581712741672305355677963234 -6.8627652469031161786006123293191 3.1919269856520204875494073348818 2.5823661430868791732962108653737 -3.6285706266432362632201602536952 -3.3581817810923086931040870695142 1.0208404706125959737761377255083 -9.8766581712741672305355677963234 -6.8627652469031161786006123293191 3.1919269856520204875494073348818 2.5823661430868791732962108653737 -3.6285706266432362632201602536952 -3.3581817810923086931040870695142 1.0208404706125959737761377255083 -9.8766581712741672305355677963234 -6.8627652469031161786006123293191 3.1919269856520204875494073348818 2.5823661430868791732962108653737 -3.6285706266432362632201602536952 -3.3581817810923086931040870695142 1.0208404706125959737761377255083 -9.8766581712741672305355677963234 -6.8627652469031161786006123293191 3.1919269856520204875494073348818 2.5823661430868791732962108653737 -3.6285706266432362632201602536952 -3.3581817810923086931040870695142 1.0208404706125959737761377255083 -9.8766581712741672305355677963234 -6.8627652469031161786006123293191 3.1919269856520204875494073348818 2.5823661430868791732962108653737 -3.6285706266432362632201602536952 -3.3581817810923086931040870695142 1.0208404706125959737761377255083 -9.8766581712741672305355677963234 -6.8627652469031161786006123293191 3.1919269856520204875494073348818 2.5823661430868791732962108653737 -3.6285706266432362632201602536952 -3.3581817810923086931040870695142 1.0208404706125959737761377255083 -9.8766581712741672305355677963234 -6.8627652469031161786006123293191 3.1919269856520204875494073348818 2.5823661430868791732962108653737 

1 1 1 1 1 1 1 1 1 1 1 1 1 1 1 1 1 1 1 1 1 1 1 1 1 1 1 1 1 1 1 1 1 1 1 1 1 1 1 1 1 1 1 1 1 1 1 1 1 

3.6285706266432362632201602536952 3.3581817810923086931040870695142 -1.0208404706125959737761377255083 9.8766581712741672305355677963234 6.8627652469031161786006123293191 -3.1919269856520204875494073348818 -2.5823661430868791732962108653737 3.6285706266432362632201602536952 3.3581817810923086931040870695142 -1.0208404706125959737761377255083 9.8766581712741672305355677963234 6.8627652469031161786006123293191 -3.1919269856520204875494073348818 -2.5823661430868791732962108653737 3.6285706266432362632201602536952 3.3581817810923086931040870695142 -1.0208404706125959737761377255083 9.8766581712741672305355677963234 6.8627652469031161786006123293191 -3.1919269856520204875494073348818 -2.5823661430868791732962108653737 3.6285706266432362632201602536952 3.3581817810923086931040870695142 -1.0208404706125959737761377255083 9.8766581712741672305355677963234 6.8627652469031161786006123293191 -3.1919269856520204875494073348818 -2.5823661430868791732962108653737 3.6285706266432362632201602536952 3.3581817810923086931040870695142 -1.0208404706125959737761377255083 9.8766581712741672305355677963234 6.8627652469031161786006123293191 -3.1919269856520204875494073348818 -2.5823661430868791732962108653737 3.6285706266432362632201602536952 3.3581817810923086931040870695142 -1.0208404706125959737761377255083 9.8766581712741672305355677963234 6.8627652469031161786006123293191 -3.1919269856520204875494073348818 -2.5823661430868791732962108653737 3.6285706266432362632201602536952 3.3581817810923086931040870695142 -1.0208404706125959737761377255083 9.8766581712741672305355677963234 6.8627652469031161786006123293191 -3.1919269856520204875494073348818 -2.5823661430868791732962108653737 

2  1 0.36894452800589577767809146280342  3 11.901565345349650826278775639366  
2  2 -3.3850143210858054665379768266575  1 8.6725252834838251203564141178504  
2  3 12.071859155714607325649012636859  2 -15  
5  4 -5.6005744164767436998886296350975  2 14.902933619591969716111634625122  6 2.0371129472703852769654986332171  7 -11.987648125411789479244362155441  14 1.8274914288184442856532996302121  
2  5 5.7437912688475076805616481578909  1 12.599057525771749865839410631452  
2  6 -4.6390181901053519908373345970176  5 7.3661244793727478352707294106949  
2  7 -13.545466430601161178515212668572  5 13.701868628732544408421745174564  
2  8 0.36894452800589577767809146280342  10 11.901565345349650826278775639366  
2  9 -3.3850143210858054665379768266575  8 8.6725252834838251203564141178504  
2  10 12.071859155714607325649012636859  9 -15  
6  3 -1.4662938684116229026699329551775  11 -5.6005744164767436998886296350975  9 14.902933619591969716111634625122  13 2.0371129472703852769654986332171  14 -11.987648125411789479244362155441  21 1.8274914288184442856532996302121  
2  12 5.7437912688475076805616481578909  8 12.599057525771749865839410631452  
2  13 -4.6390181901053519908373345970176  12 7.3661244793727478352707294106949  
2  14 -13.545466430601161178515212668572  12 13.701868628732544408421745174564  
2  15 0.36894452800589577767809146280342  17 11.901565345349650826278775639366  
2  16 -3.3850143210858054665379768266575  15 8.6725252834838251203564141178504  
2  17 12.071859155714607325649012636859  16 -15  
6  10 -1.4662938684116229026699329551775  18 -5.6005744164767436998886296350975  16 14.902933619591969716111634625122  20 2.0371129472703852769654986332171  21 -11.987648125411789479244362155441  28 1.8274914288184442856532996302121  
2  19 5.7437912688475076805616481578909  15 12.599057525771749865839410631452  
2  20 -4.6390181901053519908373345970176  19 7.3661244793727478352707294106949  
2  21 -13.545466430601161178515212668572  19 13.701868628732544408421745174564  
2  22 0.36894452800589577767809146280342  24 11.901565345349650826278775639366  
2  23 -3.3850143210858054665379768266575  22 8.6725252834838251203564141178504  
2  24 12.071859155714607325649012636859  23 -15  
6  17 -1.4662938684116229026699329551775  25 -5.6005744164767436998886296350975  23 14.902933619591969716111634625122  27 2.0371129472703852769654986332171  28 -11.987648125411789479244362155441  35 1.8274914288184442856532996302121  
2  26 5.7437912688475076805616481578909  22 12.599057525771749865839410631452  
2  27 -4.6390181901053519908373345970176  26 7.3661244793727478352707294106949  
2  28 -13.545466430601161178515212668572  26 13.701868628732544408421745174564  
2  29 0.36894452800589577767809146280342  31 11.901565345349650826278775639366  
2  30 -3.3850143210858054665379768266575  29 8.6725252834838251203564141178504  
2  31 12.071859155714607325649012636859  30 -15  
6  24 -1.4662938684116229026699329551775  32 -5.6005744164767436998886296350975  30 14.902933619591969716111634625122  34 2.0371129472703852769654986332171  35 -11.987648125411789479244362155441  42 1.8274914288184442856532996302121  
2  33 5.7437912688475076805616481578909  29 12.599057525771749865839410631452  
2  34 -4.6390181901053519908373345970176  33 7.3661244793727478352707294106949  
2  35 -13.545466430601161178515212668572  33 13.701868628732544408421745174564  
2  36 0.36894452800589577767809146280342  38 11.901565345349650826278775639366  
2  37 -3.3850143210858054665379768266575  36 8.6725252834838251203564141178504  
2  38 12.071859155714607325649012636859  37 -15  
6  31 -1.4662938684116229026699329551775  39 -5.6005744164767436998886296350975  37 14.902933619591969716111634625122  41 2.0371129472703852769654986332171  42 -11.987648125411789479244362155441  49 1.8274914288184442856532996302121  
2  40 5.7437912688475076805616481578909  36 12.599057525771749865839410631452  
2  41 -4.6390181901053519908373345970176  40 7.3661244793727478352707294106949  
2  42 -13.545466430601161178515212668572  40 13.701868628732544408421745174564  
2  43 0.36894452800589577767809146280342  45 11.901565345349650826278775639366  
2  44 -3.3850143210858054665379768266575  43 8.6725252834838251203564141178504  
2  45 12.071859155714607325649012636859  44 -15  
5  38 -1.4662938684116229026699329551775  46 -5.6005744164767436998886296350975  44 14.902933619591969716111634625122  48 2.0371129472703852769654986332171  49 -11.987648125411789479244362155441  
2  47 5.7437912688475076805616481578909  43 12.599057525771749865839410631452  
2  48 -4.6390181901053519908373345970176  47 7.3661244793727478352707294106949  
2  49 -13.545466430601161178515212668572  47 13.701868628732544408421745174564  

1  14 0.039473870972117630628872575471178  
1  8 1.43603699272526674768357679568  
0  
1  5 1.9453794045624654973636324939434  
1  4 1.9453794045624654973636324939434  
1  10 1.1474428260202245155596756376326  
0  
2  2 1.43603699272526674768357679568  21 0.039473870972117630628872575471178  
1  15 1.43603699272526674768357679568  
1  6 1.1474428260202245155596756376326  
1  12 1.9453794045624654973636324939434  
1  11 1.9453794045624654973636324939434  
1  17 1.1474428260202245155596756376326  
1  1 0.039473870972117630628872575471178  
2  9 1.43603699272526674768357679568  28 0.039473870972117630628872575471178  
1  22 1.43603699272526674768357679568  
1  13 1.1474428260202245155596756376326  
1  19 1.9453794045624654973636324939434  
1  18 1.9453794045624654973636324939434  
1  24 1.1474428260202245155596756376326  
1  8 0.039473870972117630628872575471178  
2  16 1.43603699272526674768357679568  35 0.039473870972117630628872575471178  
1  29 1.43603699272526674768357679568  
1  20 1.1474428260202245155596756376326  
1  26 1.9453794045624654973636324939434  
1  25 1.9453794045624654973636324939434  
1  31 1.1474428260202245155596756376326  
1  15 0.039473870972117630628872575471178  
2  23 1.43603699272526674768357679568  42 0.039473870972117630628872575471178  
1  36 1.43603699272526674768357679568  
1  27 1.1474428260202245155596756376326  
1  33 1.9453794045624654973636324939434  
1  32 1.9453794045624654973636324939434  
1  38 1.1474428260202245155596756376326  
1  22 0.039473870972117630628872575471178  
2  30 1.43603699272526674768357679568  49 0.039473870972117630628872575471178  
1  43 1.43603699272526674768357679568  
1  34 1.1474428260202245155596756376326  
1  40 1.9453794045624654973636324939434  
1  39 1.9453794045624654973636324939434  
1  45 1.1474428260202245155596756376326  
1  29 0.039473870972117630628872575471178  
1  37 1.43603699272526674768357679568  
0  
1  41 1.1474428260202245155596756376326  
1  47 1.9453794045624654973636324939434  
1  46 1.9453794045624654973636324939434  
0  
1  36 0.039473870972117630628872575471178  
