49 9 6

1.474719891062348464672027148481 1.6174120864120358209703454122064 0.10000000000000008881784197001252 0.56809677851929152314625071085175 0.6536212612063446725230164702225 0.91761049747777789775682322215289 1.4227967657569531301220422392362 1.474719891062348464672027148481 1.6174120864120358209703454122064 0.10000000000000008881784197001252 0.56809677851929152314625071085175 0.6536212612063446725230164702225 0.91761049747777789775682322215289 1.4227967657569531301220422392362 1.474719891062348464672027148481 1.6174120864120358209703454122064 0.10000000000000008881784197001252 0.56809677851929152314625071085175 0.6536212612063446725230164702225 0.91761049747777789775682322215289 1.4227967657569531301220422392362 1.474719891062348464672027148481 1.6174120864120358209703454122064 0.10000000000000008881784197001252 0.56809677851929152314625071085175 0.6536212612063446725230164702225 0.91761049747777789775682322215289 1.4227967657569531301220422392362 1.474719891062348464672027148481 1.6174120864120358209703454122064 0.10000000000000008881784197001252 0.56809677851929152314625071085175 0.6536212612063446725230164702225 0.91761049747777789775682322215289 1.4227967657569531301220422392362 1.474719891062348464672027148481 1.6174120864120358209703454122064 0.10000000000000008881784197001252 0.56809677851929152314625071085175 0.6536212612063446725230164702225 0.91761049747777789775682322215289 1.4227967657569531301220422392362 1.474719891062348464672027148481 1.6174120864120358209703454122064 0.10000000000000008881784197001252 0.56809677851929152314625071085175 0.6536212612063446725230164702225 0.91761049747777789775682322215289 1.4227967657569531301220422392362 

0.37042939169223271234088201708801 9.7489469000048938340796667034738 -8.5555558732582674963396129896864 1.7335741262237684967573159156018 -5.4472164368540649803662745398469 -6.4820482476969623064633196918294 -13.016465954743296151718823239207 0.37042939169223271234088201708801 9.7489469000048938340796667034738 -8.5555558732582674963396129896864 1.7335741262237684967573159156018 -5.4472164368540649803662745398469 -6.4820482476969623064633196918294 -13.016465954743296151718823239207 0.37042939169223271234088201708801 9.7489469000048938340796667034738 -8.5555558732582674963396129896864 1.7335741262237684967573159156018 -5.4472164368540649803662745398469 -6.4820482476969623064633196918294 -13.016465954743296151718823239207 0.37042939169223271234088201708801 9.7489469000048938340796667034738 -8.5555558732582674963396129896864 1.7335741262237684967573159156018 -5.4472164368540649803662745398469 -6.4820482476969623064633196918294 -13.016465954743296151718823239207 0.37042939169223271234088201708801 9.7489469000048938340796667034738 -8.5555558732582674963396129896864 1.7335741262237684967573159156018 -5.4472164368540649803662745398469 -6.4820482476969623064633196918294 -13.016465954743296151718823239207 0.37042939169223271234088201708801 9.7489469000048938340796667034738 -8.5555558732582674963396129896864 1.7335741262237684967573159156018 -5.4472164368540649803662745398469 -6.4820482476969623064633196918294 -13.016465954743296151718823239207 0.37042939169223271234088201708801 9.7489469000048938340796667034738 -8.5555558732582674963396129896864 1.7335741262237684967573159156018 -5.4472164368540649803662745398469 -6.4820482476969623064633196918294 -13.016465954743296151718823239207 

1 1 1 1 1 1 1 1 1 1 1 1 1 1 1 1 1 1 1 1 1 1 1 1 1 1 1 1 1 1 1 1 1 1 1 1 1 1 1 1 1 1 1 1 1 1 1 1 1 

-0.37042939169223271234088201708801 -9.7489469000048938340796667034738 8.5555558732582674963396129896864 -1.7335741262237684967573159156018 5.4472164368540649803662745398469 6.4820482476969623064633196918294 13.016465954743296151718823239207 -0.37042939169223271234088201708801 -9.7489469000048938340796667034738 8.5555558732582674963396129896864 -1.7335741262237684967573159156018 5.4472164368540649803662745398469 6.4820482476969623064633196918294 13.016465954743296151718823239207 -0.37042939169223271234088201708801 -9.7489469000048938340796667034738 8.5555558732582674963396129896864 -1.7335741262237684967573159156018 5.4472164368540649803662745398469 6.4820482476969623064633196918294 13.016465954743296151718823239207 -0.37042939169223271234088201708801 -9.7489469000048938340796667034738 8.5555558732582674963396129896864 -1.7335741262237684967573159156018 5.4472164368540649803662745398469 6.4820482476969623064633196918294 13.016465954743296151718823239207 -0.37042939169223271234088201708801 -9.7489469000048938340796667034738 8.5555558732582674963396129896864 -1.7335741262237684967573159156018 5.4472164368540649803662745398469 6.4820482476969623064633196918294 13.016465954743296151718823239207 -0.37042939169223271234088201708801 -9.7489469000048938340796667034738 8.5555558732582674963396129896864 -1.7335741262237684967573159156018 5.4472164368540649803662745398469 6.4820482476969623064633196918294 13.016465954743296151718823239207 -0.37042939169223271234088201708801 -9.7489469000048938340796667034738 8.5555558732582674963396129896864 -1.7335741262237684967573159156018 5.4472164368540649803662745398469 6.4820482476969623064633196918294 13.016465954743296151718823239207 

2  1 -11.089581675078898470587773772422  3 13.928026417723856411612359806895  
2  2 -2.9643848540462758300861878524302  1 -15  
2  3 7.3120941249598976341417255753186  2 11.415738483665258229393657529727  
5  4 9.5287870646490322457111687981524  2 11.088796882003242316727664729115  6 -8.8908938359209841451047395821661  7 -6.1079738673332233389601242379285  14 -9.8827535002082562698433321202174  
2  5 -7.5360698287362364311547935358249  1 8.74263785043925345519255643012  
2  6 2.1803039259690013551562515203841  5 8.8762745304674517399234900949523  
2  7 3.8924278820789459665263620991027  5 -4.6096900974015344587542131193914  
2  8 -11.089581675078898470587773772422  10 13.928026417723856411612359806895  
2  9 -2.9643848540462758300861878524302  8 -15  
2  10 7.3120941249598976341417255753186  9 11.415738483665258229393657529727  
6  3 5.4987421403656018270567074068822  11 9.5287870646490322457111687981524  9 11.088796882003242316727664729115  13 -8.8908938359209841451047395821661  14 -6.1079738673332233389601242379285  21 -9.8827535002082562698433321202174  
2  12 -7.5360698287362364311547935358249  8 8.74263785043925345519255643012  
2  13 2.1803039259690013551562515203841  12 8.8762745304674517399234900949523  
2  14 3.8924278820789459665263620991027  12 -4.6096900974015344587542131193914  
2  15 -11.089581675078898470587773772422  17 13.928026417723856411612359806895  
2  16 -2.9643848540462758300861878524302  15 -15  
2  17 7.3120941249598976341417255753186  16 11.415738483665258229393657529727  
6  10 5.4987421403656018270567074068822  18 9.5287870646490322457111687981524  16 11.088796882003242316727664729115  20 -8.8908938359209841451047395821661  21 -6.1079738673332233389601242379285  28 -9.8827535002082562698433321202174  
2  19 -7.5360698287362364311547935358249  15 8.74263785043925345519255643012  
2  20 2.1803039259690013551562515203841  19 8.8762745304674517399234900949523  
2  21 3.8924278820789459665263620991027  19 -4.6096900974015344587542131193914  
2  22 -11.089581675078898470587773772422  24 13.928026417723856411612359806895  
2  23 -2.9643848540462758300861878524302  22 -15  
2  24 7.3120941249598976341417255753186  23 11.415738483665258229393657529727  
6  17 5.4987421403656018270567074068822  25 9.5287870646490322457111687981524  23 11.088796882003242316727664729115  27 -8.8908938359209841451047395821661  28 -6.1079738673332233389601242379285  35 -9.8827535002082562698433321202174  
2  26 -7.5360698287362364311547935358249  22 8.74263785043925345519255643012  
2  27 2.1803039259690013551562515203841  26 8.8762745304674517399234900949523  
2  28 3.8924278820789459665263620991027  26 -4.6096900974015344587542131193914  
2  29 -11.089581675078898470587773772422  31 13.928026417723856411612359806895  
2  30 -2.9643848540462758300861878524302  29 -15  
2  31 7.3120941249598976341417255753186  30 11.415738483665258229393657529727  
6  24 5.4987421403656018270567074068822  32 9.5287870646490322457111687981524  30 11.088796882003242316727664729115  34 -8.8908938359209841451047395821661  35 -6.1079738673332233389601242379285  42 -9.8827535002082562698433321202174  
2  33 -7.5360698287362364311547935358249  29 8.74263785043925345519255643012  
2  34 2.1803039259690013551562515203841  33 8.8762745304674517399234900949523  
2  35 3.8924278820789459665263620991027  33 -4.6096900974015344587542131193914  
2  36 -11.089581675078898470587773772422  38 13.928026417723856411612359806895  
2  37 -2.9643848540462758300861878524302  36 -15  
2  38 7.3120941249598976341417255753186  37 11.415738483665258229393657529727  
6  31 5.4987421403656018270567074068822  39 9.5287870646490322457111687981524  37 11.088796882003242316727664729115  41 -8.8908938359209841451047395821661  42 -6.1079738673332233389601242379285  49 -9.8827535002082562698433321202174  
2  40 -7.5360698287362364311547935358249  36 8.74263785043925345519255643012  
2  41 2.1803039259690013551562515203841  40 8.8762745304674517399234900949523  
2  42 3.8924278820789459665263620991027  40 -4.6096900974015344587542131193914  
2  43 -11.089581675078898470587773772422  45 13.928026417723856411612359806895  
2  44 -2.9643848540462758300861878524302  43 -15  
2  45 7.3120941249598976341417255753186  44 11.415738483665258229393657529727  
5  38 5.4987421403656018270567074068822  46 9.5287870646490322457111687981524  44 11.088796882003242316727664729115  48 -8.8908938359209841451047395821661  49 -6.1079738673332233389601242379285  
2  47 -7.5360698287362364311547935358249  43 8.74263785043925345519255643012  
2  48 2.1803039259690013551562515203841  47 8.8762745304674517399234900949523  
2  49 3.8924278820789459665263620991027  47 -4.6096900974015344587542131193914  

1  14 0.2534280522772376365026048006257  
1  8 0.083078210041783728811992659757379  
0  
1  5 1.4709560083998161061913378944155  
1  4 1.4709560083998161061913378944155  
1  10 0.95877190010924029373029497946845  
0  
2  2 0.083078210041783728811992659757379  21 0.2534280522772376365026048006257  
1  15 0.083078210041783728811992659757379  
1  6 0.95877190010924029373029497946845  
1  12 1.4709560083998161061913378944155  
1  11 1.4709560083998161061913378944155  
1  17 0.95877190010924029373029497946845  
1  1 0.2534280522772376365026048006257  
2  9 0.083078210041783728811992659757379  28 0.2534280522772376365026048006257  
1  22 0.083078210041783728811992659757379  
1  13 0.95877190010924029373029497946845  
1  19 1.4709560083998161061913378944155  
1  18 1.4709560083998161061913378944155  
1  24 0.95877190010924029373029497946845  
1  8 0.2534280522772376365026048006257  
2  16 0.083078210041783728811992659757379  35 0.2534280522772376365026048006257  
1  29 0.083078210041783728811992659757379  
1  20 0.95877190010924029373029497946845  
1  26 1.4709560083998161061913378944155  
1  25 1.4709560083998161061913378944155  
1  31 0.95877190010924029373029497946845  
1  15 0.2534280522772376365026048006257  
2  23 0.083078210041783728811992659757379  42 0.2534280522772376365026048006257  
1  36 0.083078210041783728811992659757379  
1  27 0.95877190010924029373029497946845  
1  33 1.4709560083998161061913378944155  
1  32 1.4709560083998161061913378944155  
1  38 0.95877190010924029373029497946845  
1  22 0.2534280522772376365026048006257  
2  30 0.083078210041783728811992659757379  49 0.2534280522772376365026048006257  
1  43 0.083078210041783728811992659757379  
1  34 0.95877190010924029373029497946845  
1  40 1.4709560083998161061913378944155  
1  39 1.4709560083998161061913378944155  
1  45 0.95877190010924029373029497946845  
1  29 0.2534280522772376365026048006257  
1  37 0.083078210041783728811992659757379  
0  
1  41 0.95877190010924029373029497946845  
1  47 1.4709560083998161061913378944155  
1  46 1.4709560083998161061913378944155  
0  
1  36 0.2534280522772376365026048006257  
