49 9 6

1.6800755455792222292643600667361 1.1138854334261825140828250368941 0.1151829647458548766536523544346 0.58996509916731409983725598067394 0.11958364330799420294226820260519 0.86811623334411225361151309698471 1.02334053755378961980682106514 1.6800755455792222292643600667361 1.1138854334261825140828250368941 0.1151829647458548766536523544346 0.58996509916731409983725598067394 0.11958364330799420294226820260519 0.86811623334411225361151309698471 1.02334053755378961980682106514 1.6800755455792222292643600667361 1.1138854334261825140828250368941 0.1151829647458548766536523544346 0.58996509916731409983725598067394 0.11958364330799420294226820260519 0.86811623334411225361151309698471 1.02334053755378961980682106514 1.6800755455792222292643600667361 1.1138854334261825140828250368941 0.1151829647458548766536523544346 0.58996509916731409983725598067394 0.11958364330799420294226820260519 0.86811623334411225361151309698471 1.02334053755378961980682106514 1.6800755455792222292643600667361 1.1138854334261825140828250368941 0.1151829647458548766536523544346 0.58996509916731409983725598067394 0.11958364330799420294226820260519 0.86811623334411225361151309698471 1.02334053755378961980682106514 1.6800755455792222292643600667361 1.1138854334261825140828250368941 0.1151829647458548766536523544346 0.58996509916731409983725598067394 0.11958364330799420294226820260519 0.86811623334411225361151309698471 1.02334053755378961980682106514 1.6800755455792222292643600667361 1.1138854334261825140828250368941 0.1151829647458548766536523544346 0.58996509916731409983725598067394 0.11958364330799420294226820260519 0.86811623334411225361151309698471 1.02334053755378961980682106514 

-2.3073149857470589552121964516118 -8.6992341374500039563599784742109 -0.084577780492725310179658038123307 13.356754412864415115791416610591 -1.9178070864408760520802843529964 -7.4281660684271448857884934113827 -9.0267848490389859250626614084467 -2.3073149857470589552121964516118 -8.6992341374500039563599784742109 -0.084577780492725310179658038123307 13.356754412864415115791416610591 -1.9178070864408760520802843529964 -7.4281660684271448857884934113827 -9.0267848490389859250626614084467 -2.3073149857470589552121964516118 -8.6992341374500039563599784742109 -0.084577780492725310179658038123307 13.356754412864415115791416610591 -1.9178070864408760520802843529964 -7.4281660684271448857884934113827 -9.0267848490389859250626614084467 -2.3073149857470589552121964516118 -8.6992341374500039563599784742109 -0.084577780492725310179658038123307 13.356754412864415115791416610591 -1.9178070864408760520802843529964 -7.4281660684271448857884934113827 -9.0267848490389859250626614084467 -2.3073149857470589552121964516118 -8.6992341374500039563599784742109 -0.084577780492725310179658038123307 13.356754412864415115791416610591 -1.9178070864408760520802843529964 -7.4281660684271448857884934113827 -9.0267848490389859250626614084467 -2.3073149857470589552121964516118 -8.6992341374500039563599784742109 -0.084577780492725310179658038123307 13.356754412864415115791416610591 -1.9178070864408760520802843529964 -7.4281660684271448857884934113827 -9.0267848490389859250626614084467 -2.3073149857470589552121964516118 -8.6992341374500039563599784742109 -0.084577780492725310179658038123307 13.356754412864415115791416610591 -1.9178070864408760520802843529964 -7.4281660684271448857884934113827 -9.0267848490389859250626614084467 

1 1 1 1 1 1 1 1 1 1 1 1 1 1 1 1 1 1 1 1 1 1 1 1 1 1 1 1 1 1 1 1 1 1 1 1 1 1 1 1 1 1 1 1 1 1 1 1 1 

2.3073149857470589552121964516118 8.6992341374500039563599784742109 0.084577780492725310179658038123307 -13.356754412864415115791416610591 1.9178070864408760520802843529964 7.4281660684271448857884934113827 9.0267848490389859250626614084467 2.3073149857470589552121964516118 8.6992341374500039563599784742109 0.084577780492725310179658038123307 -13.356754412864415115791416610591 1.9178070864408760520802843529964 7.4281660684271448857884934113827 9.0267848490389859250626614084467 2.3073149857470589552121964516118 8.6992341374500039563599784742109 0.084577780492725310179658038123307 -13.356754412864415115791416610591 1.9178070864408760520802843529964 7.4281660684271448857884934113827 9.0267848490389859250626614084467 2.3073149857470589552121964516118 8.6992341374500039563599784742109 0.084577780492725310179658038123307 -13.356754412864415115791416610591 1.9178070864408760520802843529964 7.4281660684271448857884934113827 9.0267848490389859250626614084467 2.3073149857470589552121964516118 8.6992341374500039563599784742109 0.084577780492725310179658038123307 -13.356754412864415115791416610591 1.9178070864408760520802843529964 7.4281660684271448857884934113827 9.0267848490389859250626614084467 2.3073149857470589552121964516118 8.6992341374500039563599784742109 0.084577780492725310179658038123307 -13.356754412864415115791416610591 1.9178070864408760520802843529964 7.4281660684271448857884934113827 9.0267848490389859250626614084467 2.3073149857470589552121964516118 8.6992341374500039563599784742109 0.084577780492725310179658038123307 -13.356754412864415115791416610591 1.9178070864408760520802843529964 7.4281660684271448857884934113827 9.0267848490389859250626614084467 

2  1 -5.4734454303546176134886991349049  3 13.264544451662731106011960946489  
2  2 0.71571488546727957125170860308572  1 14.083485768563138051945315964986  
2  3 4.3275068297875547429498510609847  2 -10.020906481079133953926429967396  
5  4 4.8725396471766337924691470107064  2 -3.1370359234520810431945392338093  6 -13.567328803973621731415732938331  7 -13.98408025119157294113847456174  14 0.22435405717042725126653124334553  
2  5 5.5922107280164157216972853348125  1 5.081807264197069073929924343247  
2  6 5.5730171947357067807615749188699  5 10.310890219632195652366135618649  
2  7 -11.893546284479590724458830663934  5 -2.5982093542033459776519066508627  
2  8 -5.4734454303546176134886991349049  10 13.264544451662731106011960946489  
2  9 0.71571488546727957125170860308572  8 14.083485768563138051945315964986  
2  10 4.3275068297875547429498510609847  9 -10.020906481079133953926429967396  
6  3 2.1012692507528014651541070634266  11 4.8725396471766337924691470107064  9 -3.1370359234520810431945392338093  13 -13.567328803973621731415732938331  14 -13.98408025119157294113847456174  21 0.22435405717042725126653124334553  
2  12 5.5922107280164157216972853348125  8 5.081807264197069073929924343247  
2  13 5.5730171947357067807615749188699  12 10.310890219632195652366135618649  
2  14 -11.893546284479590724458830663934  12 -2.5982093542033459776519066508627  
2  15 -5.4734454303546176134886991349049  17 13.264544451662731106011960946489  
2  16 0.71571488546727957125170860308572  15 14.083485768563138051945315964986  
2  17 4.3275068297875547429498510609847  16 -10.020906481079133953926429967396  
6  10 2.1012692507528014651541070634266  18 4.8725396471766337924691470107064  16 -3.1370359234520810431945392338093  20 -13.567328803973621731415732938331  21 -13.98408025119157294113847456174  28 0.22435405717042725126653124334553  
2  19 5.5922107280164157216972853348125  15 5.081807264197069073929924343247  
2  20 5.5730171947357067807615749188699  19 10.310890219632195652366135618649  
2  21 -11.893546284479590724458830663934  19 -2.5982093542033459776519066508627  
2  22 -5.4734454303546176134886991349049  24 13.264544451662731106011960946489  
2  23 0.71571488546727957125170860308572  22 14.083485768563138051945315964986  
2  24 4.3275068297875547429498510609847  23 -10.020906481079133953926429967396  
6  17 2.1012692507528014651541070634266  25 4.8725396471766337924691470107064  23 -3.1370359234520810431945392338093  27 -13.567328803973621731415732938331  28 -13.98408025119157294113847456174  35 0.22435405717042725126653124334553  
2  26 5.5922107280164157216972853348125  22 5.081807264197069073929924343247  
2  27 5.5730171947357067807615749188699  26 10.310890219632195652366135618649  
2  28 -11.893546284479590724458830663934  26 -2.5982093542033459776519066508627  
2  29 -5.4734454303546176134886991349049  31 13.264544451662731106011960946489  
2  30 0.71571488546727957125170860308572  29 14.083485768563138051945315964986  
2  31 4.3275068297875547429498510609847  30 -10.020906481079133953926429967396  
6  24 2.1012692507528014651541070634266  32 4.8725396471766337924691470107064  30 -3.1370359234520810431945392338093  34 -13.567328803973621731415732938331  35 -13.98408025119157294113847456174  42 0.22435405717042725126653124334553  
2  33 5.5922107280164157216972853348125  29 5.081807264197069073929924343247  
2  34 5.5730171947357067807615749188699  33 10.310890219632195652366135618649  
2  35 -11.893546284479590724458830663934  33 -2.5982093542033459776519066508627  
2  36 -5.4734454303546176134886991349049  38 13.264544451662731106011960946489  
2  37 0.71571488546727957125170860308572  36 14.083485768563138051945315964986  
2  38 4.3275068297875547429498510609847  37 -10.020906481079133953926429967396  
6  31 2.1012692507528014651541070634266  39 4.8725396471766337924691470107064  37 -3.1370359234520810431945392338093  41 -13.567328803973621731415732938331  42 -13.98408025119157294113847456174  49 0.22435405717042725126653124334553  
2  40 5.5922107280164157216972853348125  36 5.081807264197069073929924343247  
2  41 5.5730171947357067807615749188699  40 10.310890219632195652366135618649  
2  42 -11.893546284479590724458830663934  40 -2.5982093542033459776519066508627  
2  43 -5.4734454303546176134886991349049  45 13.264544451662731106011960946489  
2  44 0.71571488546727957125170860308572  43 14.083485768563138051945315964986  
2  45 4.3275068297875547429498510609847  44 -10.020906481079133953926429967396  
5  38 2.1012692507528014651541070634266  46 4.8725396471766337924691470107064  44 -3.1370359234520810431945392338093  48 -13.567328803973621731415732938331  49 -13.98408025119157294113847456174  
2  47 5.5922107280164157216972853348125  43 5.081807264197069073929924343247  
2  48 5.5730171947357067807615749188699  47 10.310890219632195652366135618649  
2  49 -11.893546284479590724458830663934  47 -2.5982093542033459776519066508627  

1  14 0.5140983896119020180037750833435  
1  8 0.1695551317219901044097696285462  
0  
1  5 1.1822549953634495789600578063983  
1  4 1.1822549953634495789600578063983  
1  10 0.3421192710857987595574059014325  
0  
2  2 0.1695551317219901044097696285462  21 0.5140983896119020180037750833435  
1  15 0.1695551317219901044097696285462  
1  6 0.3421192710857987595574059014325  
1  12 1.1822549953634495789600578063983  
1  11 1.1822549953634495789600578063983  
1  17 0.3421192710857987595574059014325  
1  1 0.5140983896119020180037750833435  
2  9 0.1695551317219901044097696285462  28 0.5140983896119020180037750833435  
1  22 0.1695551317219901044097696285462  
1  13 0.3421192710857987595574059014325  
1  19 1.1822549953634495789600578063983  
1  18 1.1822549953634495789600578063983  
1  24 0.3421192710857987595574059014325  
1  8 0.5140983896119020180037750833435  
2  16 0.1695551317219901044097696285462  35 0.5140983896119020180037750833435  
1  29 0.1695551317219901044097696285462  
1  20 0.3421192710857987595574059014325  
1  26 1.1822549953634495789600578063983  
1  25 1.1822549953634495789600578063983  
1  31 0.3421192710857987595574059014325  
1  15 0.5140983896119020180037750833435  
2  23 0.1695551317219901044097696285462  42 0.5140983896119020180037750833435  
1  36 0.1695551317219901044097696285462  
1  27 0.3421192710857987595574059014325  
1  33 1.1822549953634495789600578063983  
1  32 1.1822549953634495789600578063983  
1  38 0.3421192710857987595574059014325  
1  22 0.5140983896119020180037750833435  
2  30 0.1695551317219901044097696285462  49 0.5140983896119020180037750833435  
1  43 0.1695551317219901044097696285462  
1  34 0.3421192710857987595574059014325  
1  40 1.1822549953634495789600578063983  
1  39 1.1822549953634495789600578063983  
1  45 0.3421192710857987595574059014325  
1  29 0.5140983896119020180037750833435  
1  37 0.1695551317219901044097696285462  
0  
1  41 0.3421192710857987595574059014325  
1  47 1.1822549953634495789600578063983  
1  46 1.1822549953634495789600578063983  
0  
1  36 0.5140983896119020180037750833435  
