49 9 6

1.4565141846814428916445649520028 0.13719557691272155075523642153712 0.53928755507701087168470621691085 0.84352687156048400396457509486936 2.4963483529629115764691960066557 0.39263838416817498089272930883453 1.4836796268430949563565945936716 1.4565141846814428916445649520028 0.13719557691272155075523642153712 0.53928755507701087168470621691085 0.84352687156048400396457509486936 2.4963483529629115764691960066557 0.39263838416817498089272930883453 1.4836796268430949563565945936716 1.4565141846814428916445649520028 0.13719557691272155075523642153712 0.53928755507701087168470621691085 0.84352687156048400396457509486936 2.4963483529629115764691960066557 0.39263838416817498089272930883453 1.4836796268430949563565945936716 1.4565141846814428916445649520028 0.13719557691272155075523642153712 0.53928755507701087168470621691085 0.84352687156048400396457509486936 2.4963483529629115764691960066557 0.39263838416817498089272930883453 1.4836796268430949563565945936716 1.4565141846814428916445649520028 0.13719557691272155075523642153712 0.53928755507701087168470621691085 0.84352687156048400396457509486936 2.4963483529629115764691960066557 0.39263838416817498089272930883453 1.4836796268430949563565945936716 1.4565141846814428916445649520028 0.13719557691272155075523642153712 0.53928755507701087168470621691085 0.84352687156048400396457509486936 2.4963483529629115764691960066557 0.39263838416817498089272930883453 1.4836796268430949563565945936716 1.4565141846814428916445649520028 0.13719557691272155075523642153712 0.53928755507701087168470621691085 0.84352687156048400396457509486936 2.4963483529629115764691960066557 0.39263838416817498089272930883453 1.4836796268430949563565945936716 

-3.9862929819524710595146643754561 -7.0635006916287839118240299285389 3.3830000538917439634190031938488 -4.6899473772261055515286898298655 -3.1431388122816059649267117492855 -0.030355191632142015933926160187184 -15 -3.9862929819524710595146643754561 -7.0635006916287839118240299285389 3.3830000538917439634190031938488 -4.6899473772261055515286898298655 -3.1431388122816059649267117492855 -0.030355191632142015933926160187184 -15 -3.9862929819524710595146643754561 -7.0635006916287839118240299285389 3.3830000538917439634190031938488 -4.6899473772261055515286898298655 -3.1431388122816059649267117492855 -0.030355191632142015933926160187184 -15 -3.9862929819524710595146643754561 -7.0635006916287839118240299285389 3.3830000538917439634190031938488 -4.6899473772261055515286898298655 -3.1431388122816059649267117492855 -0.030355191632142015933926160187184 -15 -3.9862929819524710595146643754561 -7.0635006916287839118240299285389 3.3830000538917439634190031938488 -4.6899473772261055515286898298655 -3.1431388122816059649267117492855 -0.030355191632142015933926160187184 -15 -3.9862929819524710595146643754561 -7.0635006916287839118240299285389 3.3830000538917439634190031938488 -4.6899473772261055515286898298655 -3.1431388122816059649267117492855 -0.030355191632142015933926160187184 -15 -3.9862929819524710595146643754561 -7.0635006916287839118240299285389 3.3830000538917439634190031938488 -4.6899473772261055515286898298655 -3.1431388122816059649267117492855 -0.030355191632142015933926160187184 -15 

1 1 1 1 1 1 1 1 1 1 1 1 1 1 1 1 1 1 1 1 1 1 1 1 1 1 1 1 1 1 1 1 1 1 1 1 1 1 1 1 1 1 1 1 1 1 1 1 1 

3.9862929819524710595146643754561 7.0635006916287839118240299285389 -3.3830000538917439634190031938488 4.6899473772261055515286898298655 3.1431388122816059649267117492855 0.030355191632142015933926160187184 15 3.9862929819524710595146643754561 7.0635006916287839118240299285389 -3.3830000538917439634190031938488 4.6899473772261055515286898298655 3.1431388122816059649267117492855 0.030355191632142015933926160187184 15 3.9862929819524710595146643754561 7.0635006916287839118240299285389 -3.3830000538917439634190031938488 4.6899473772261055515286898298655 3.1431388122816059649267117492855 0.030355191632142015933926160187184 15 3.9862929819524710595146643754561 7.0635006916287839118240299285389 -3.3830000538917439634190031938488 4.6899473772261055515286898298655 3.1431388122816059649267117492855 0.030355191632142015933926160187184 15 3.9862929819524710595146643754561 7.0635006916287839118240299285389 -3.3830000538917439634190031938488 4.6899473772261055515286898298655 3.1431388122816059649267117492855 0.030355191632142015933926160187184 15 3.9862929819524710595146643754561 7.0635006916287839118240299285389 -3.3830000538917439634190031938488 4.6899473772261055515286898298655 3.1431388122816059649267117492855 0.030355191632142015933926160187184 15 3.9862929819524710595146643754561 7.0635006916287839118240299285389 -3.3830000538917439634190031938488 4.6899473772261055515286898298655 3.1431388122816059649267117492855 0.030355191632142015933926160187184 15 

2  1 -5.4369414273203418019875243771821  3 14.636207506954802326504250231665  
2  2 3.9374210087368188837331217655446  1 13.990551956597034433116277796216  
2  3 9.2544910589986457694067212287337  2 -14.900614049161481133864981529769  
5  4 -14.002697453821301820653388858773  2 -4.1440624010442137503673620813061  6 -12.577740018496783136470185127109  7 -11.843570575931407162784125830512  14 -10.6299407547344557656288088765  
2  5 -5.7608176334966447740271178190596  1 10.190081162863828367903806793038  
2  6 3.1882337719912916540465630532708  5 13.904471349334428964539256412536  
2  7 -8.3285480577642303501306741964072  5 5.4021977751840681847284031391609  
2  8 -5.4369414273203418019875243771821  10 14.636207506954802326504250231665  
2  9 3.9374210087368188837331217655446  8 13.990551956597034433116277796216  
2  10 9.2544910589986457694067212287337  9 -14.900614049161481133864981529769  
6  3 -0.082856663184999235216565693917801  11 -14.002697453821301820653388858773  9 -4.1440624010442137503673620813061  13 -12.577740018496783136470185127109  14 -11.843570575931407162784125830512  21 -10.6299407547344557656288088765  
2  12 -5.7608176334966447740271178190596  8 10.190081162863828367903806793038  
2  13 3.1882337719912916540465630532708  12 13.904471349334428964539256412536  
2  14 -8.3285480577642303501306741964072  12 5.4021977751840681847284031391609  
2  15 -5.4369414273203418019875243771821  17 14.636207506954802326504250231665  
2  16 3.9374210087368188837331217655446  15 13.990551956597034433116277796216  
2  17 9.2544910589986457694067212287337  16 -14.900614049161481133864981529769  
6  10 -0.082856663184999235216565693917801  18 -14.002697453821301820653388858773  16 -4.1440624010442137503673620813061  20 -12.577740018496783136470185127109  21 -11.843570575931407162784125830512  28 -10.6299407547344557656288088765  
2  19 -5.7608176334966447740271178190596  15 10.190081162863828367903806793038  
2  20 3.1882337719912916540465630532708  19 13.904471349334428964539256412536  
2  21 -8.3285480577642303501306741964072  19 5.4021977751840681847284031391609  
2  22 -5.4369414273203418019875243771821  24 14.636207506954802326504250231665  
2  23 3.9374210087368188837331217655446  22 13.990551956597034433116277796216  
2  24 9.2544910589986457694067212287337  23 -14.900614049161481133864981529769  
6  17 -0.082856663184999235216565693917801  25 -14.002697453821301820653388858773  23 -4.1440624010442137503673620813061  27 -12.577740018496783136470185127109  28 -11.843570575931407162784125830512  35 -10.6299407547344557656288088765  
2  26 -5.7608176334966447740271178190596  22 10.190081162863828367903806793038  
2  27 3.1882337719912916540465630532708  26 13.904471349334428964539256412536  
2  28 -8.3285480577642303501306741964072  26 5.4021977751840681847284031391609  
2  29 -5.4369414273203418019875243771821  31 14.636207506954802326504250231665  
2  30 3.9374210087368188837331217655446  29 13.990551956597034433116277796216  
2  31 9.2544910589986457694067212287337  30 -14.900614049161481133864981529769  
6  24 -0.082856663184999235216565693917801  32 -14.002697453821301820653388858773  30 -4.1440624010442137503673620813061  34 -12.577740018496783136470185127109  35 -11.843570575931407162784125830512  42 -10.6299407547344557656288088765  
2  33 -5.7608176334966447740271178190596  29 10.190081162863828367903806793038  
2  34 3.1882337719912916540465630532708  33 13.904471349334428964539256412536  
2  35 -8.3285480577642303501306741964072  33 5.4021977751840681847284031391609  
2  36 -5.4369414273203418019875243771821  38 14.636207506954802326504250231665  
2  37 3.9374210087368188837331217655446  36 13.990551956597034433116277796216  
2  38 9.2544910589986457694067212287337  37 -14.900614049161481133864981529769  
6  31 -0.082856663184999235216565693917801  39 -14.002697453821301820653388858773  37 -4.1440624010442137503673620813061  41 -12.577740018496783136470185127109  42 -11.843570575931407162784125830512  49 -10.6299407547344557656288088765  
2  40 -5.7608176334966447740271178190596  36 10.190081162863828367903806793038  
2  41 3.1882337719912916540465630532708  40 13.904471349334428964539256412536  
2  42 -8.3285480577642303501306741964072  40 5.4021977751840681847284031391609  
2  43 -5.4369414273203418019875243771821  45 14.636207506954802326504250231665  
2  44 3.9374210087368188837331217655446  43 13.990551956597034433116277796216  
2  45 9.2544910589986457694067212287337  44 -14.900614049161481133864981529769  
5  38 -0.082856663184999235216565693917801  46 -14.002697453821301820653388858773  44 -4.1440624010442137503673620813061  48 -12.577740018496783136470185127109  49 -11.843570575931407162784125830512  
2  47 -5.7608176334966447740271178190596  43 10.190081162863828367903806793038  
2  48 3.1882337719912916540465630532708  47 13.904471349334428964539256412536  
2  49 -8.3285480577642303501306741964072  47 5.4021977751840681847284031391609  

1  14 0.032852709656291168016650772187859  
1  8 0.45069199907045265351968055256293  
0  
1  5 0.80725013870167283691614557028515  
1  4 0.80725013870167283691614557028515  
1  10 0.45139478917371134158997847407591  
0  
2  2 0.45069199907045265351968055256293  21 0.032852709656291168016650772187859  
1  15 0.45069199907045265351968055256293  
1  6 0.45139478917371134158997847407591  
1  12 0.80725013870167283691614557028515  
1  11 0.80725013870167283691614557028515  
1  17 0.45139478917371134158997847407591  
1  1 0.032852709656291168016650772187859  
2  9 0.45069199907045265351968055256293  28 0.032852709656291168016650772187859  
1  22 0.45069199907045265351968055256293  
1  13 0.45139478917371134158997847407591  
1  19 0.80725013870167283691614557028515  
1  18 0.80725013870167283691614557028515  
1  24 0.45139478917371134158997847407591  
1  8 0.032852709656291168016650772187859  
2  16 0.45069199907045265351968055256293  35 0.032852709656291168016650772187859  
1  29 0.45069199907045265351968055256293  
1  20 0.45139478917371134158997847407591  
1  26 0.80725013870167283691614557028515  
1  25 0.80725013870167283691614557028515  
1  31 0.45139478917371134158997847407591  
1  15 0.032852709656291168016650772187859  
2  23 0.45069199907045265351968055256293  42 0.032852709656291168016650772187859  
1  36 0.45069199907045265351968055256293  
1  27 0.45139478917371134158997847407591  
1  33 0.80725013870167283691614557028515  
1  32 0.80725013870167283691614557028515  
1  38 0.45139478917371134158997847407591  
1  22 0.032852709656291168016650772187859  
2  30 0.45069199907045265351968055256293  49 0.032852709656291168016650772187859  
1  43 0.45069199907045265351968055256293  
1  34 0.45139478917371134158997847407591  
1  40 0.80725013870167283691614557028515  
1  39 0.80725013870167283691614557028515  
1  45 0.45139478917371134158997847407591  
1  29 0.032852709656291168016650772187859  
1  37 0.45069199907045265351968055256293  
0  
1  41 0.45139478917371134158997847407591  
1  47 0.80725013870167283691614557028515  
1  46 0.80725013870167283691614557028515  
0  
1  36 0.032852709656291168016650772187859  
