0 0 0 0
1 0 0 0
2 0 0 0
3 0 0 0
4 0 0 0
5 0 0 0
6 0 0 0
7 0 0 0
8 0 0 0
9 0 0 0
10 0 0 0
11 0 0 0
12 0 0 0
13 0 0 0
14 0 0 0
15 0 0 0
16 0 0 0
17 0 0 0
18 0 0 0
19 0 0 0
20 0 0 0
21 0 0 0
22 0 0 0
23 0 0 0
24 0 0 0
25 4.485884188e-07 4.485884188e-09 2.012315694e-15
26 4.485884188e-07 4.485884188e-09 2.012315694e-15
27 4.485884188e-07 4.507117562e-09 2.012158074e-15
28 4.485884188e-07 4.736060218e-09 2.015249751e-15
29 1.895302068e-06 2.408783919e-08 3.775240985e-14
30 1.895302068e-06 2.572073601e-08 3.792208501e-14
31 1.125968428e-05 1.436169724e-07 1.299777232e-12
32 1.125968428e-05 1.74045631e-07 1.377416773e-12
33 1.125968428e-05 2.285439113e-07 1.575578144e-12
34 1.246733699e-05 4.234601743e-07 3.348905587e-12
35 1.82138329e-05 6.949390369e-07 8.249595804e-12
36 6.673445195e-05 2.038383857e-06 6.830867902e-11
37 0.001525015523 2.282971129e-05 2.56408012e-08
38 0.003412619334 6.090105801e-05 1.421043905e-07
39 0.003412619334 5.976385881e-05 1.421926429e-07
40 0.003412619334 8.299039447e-05 1.813641061e-07
41 0.1365665743 0.001449516406 0.0001864560775
42 0.1365665743 0.001445779992 0.0001864634451
43 0.1365665743 0.001489085446 0.0001864927526
44 0.4173696395 0.007132875416 0.00198768589
45 0.5227424998 0.01362943595 0.004794520031
46 0.5227424998 0.02148287771 0.006788987998
47 0.5227424998 0.02646871747 0.009055603745
48 0.7497137103 0.04408729027 0.01921050803
49 0.9483592372 0.07057885719 0.03957142787
50 0.9483592372 0.05625522505 0.03412660412
51 0.9483592372 0.06815164305 0.04263904879
52 0.9483592372 0.07140911375 0.04597813295
53 0.9666557836 0.08149490438 0.05242951633
54 0.9666557836 0.09103092388 0.06063380865
55 0.971385666 0.08437707125 0.0581052401
56 0.971385666 0.08033205267 0.05286133917
57 0.971385666 0.08644479513 0.05782812118
58 0.971385666 0.07109238458 0.04747472593
59 0.988638216 0.08535848721 0.06452100468
60 0.988638216 0.09951940971 0.07504580355
61 0.988638216 0.1033490734 0.07072233138
62 0.988638216 0.1362374895 0.08868368428
63 0.988638216 0.1387058302 0.08503417614
64 0.988638216 0.1634334452 0.1046890343
65 0.988638216 0.1503100357 0.0997107607
66 0.988638216 0.1706655846 0.1112578637
67 0.9944845201 0.1529305725 0.09956581678
67 0.03831481389 0.0005624237512 1.661846418e-05
68 0.03831481389 0.001591751497 3.610651531e-05
69 0.03831481389 0.002103249616 4.863721837e-05
70 0.03831481389 0.002613178068 6.992842311e-05
71 0.06786618375 0.004035972465 0.000141857792
72 0.06786618375 0.003897795636 0.0001505975038
73 0.1322191505 0.005770881556 0.0003656795365
74 0.1992901335 0.009995643173 0.0009237278006
75 0.2401984542 0.01209845301 0.001693217342
76 0.2401984542 0.01601564672 0.002560720008
77 0.3741859968 0.0237737741 0.004306347777
78 0.3741859968 0.03194000361 0.00732915532
79 0.3741859968 0.03697988705 0.008218027054
80 0.4055760038 0.04172177081 0.0100596159
81 0.4055760038 0.03542052314 0.008283081639
82 0.4055760038 0.0365743782 0.008828545665
83 0.4055760038 0.03895352543 0.009008710741
84 0.406681232 0.04490284212 0.01096824453
85 0.406681232 0.04149955145 0.01104726292
86 0.406681232 0.03940195005 0.009358754726
87 0.406681232 0.03877563386 0.009999380489
88 0.4076787753 0.04806628682 0.01147129185
89 0.4076787753 0.04633274706 0.01125353174
90 0.4076787753 0.04191214373 0.009700372848
91 0.4107973347 0.04528262769 0.01174139552
92 0.4107973347 0.04443110302 0.01155889996
93 0.4158616952 0.04571591004 0.01267396284
94 0.4158616952 0.0484716893 0.01330072268
95 0.4339085969 0.05720039741 0.0146090503
96 0.4339085969 0.05301594887 0.01453693006
97 0.4339085969 0.0397268849 0.01100053449
98 0.4371878626 0.03483594669 0.01056297817
99 0.4371878626 0.03216932545 0.009941933359
100 0.4371878626 0.03168520941 0.008503230195
101 0.4371878626 0.0394565929 0.01074625283
102 0.4371878626 0.03303502117 0.009532397718
103 0.4371878626 0.0438813161 0.01125530764
104 0.4371878626 0.04704215183 0.01145620038
105 0.4371878626 0.05532879032 0.01253709631
106 0.4546486364 0.05732544491 0.0142216959
107 0.4662482337 0.05569913197 0.01265132786
108 0.4662482337 0.0547899274 0.01489717979
109 0.4662482337 0.060415461 0.01625152779
110 0.4662482337 0.05483492974 0.0137829773
111 0.4802105015 0.05338282059 0.01586810948
112 0.4837701965 0.05984136509 0.01646188224
113 0.4837701965 0.05161040978 0.01467115812
114 0.4837701965 0.05265348706 0.01466937904
115 0.5032782561 0.07185913186 0.02134612281
116 0.5032782561 0.06242404317 0.01742045041
117 0.5032782561 0.06054066199 0.01699358065
118 0.5032782561 0.0648973265 0.01693196
119 0.5032782561 0.0587963204 0.01689950541
120 0.5038016734 0.0681683593 0.01832579258
121 0.5038016734 0.06700325873 0.01637697721
122 0.5038016734 0.06905658022 0.01930302339
123 0.5525824205 0.07798328916 0.01993563199
124 0.5525824205 0.07158060133 0.01752277012
125 0.5525824205 0.06714609424 0.01800172821
126 0.5525824205 0.07452793638 0.01890658023
127 0.5525824205 0.0793840629 0.01890937363
128 0.5525824205 0.07449195236 0.01898126705
129 0.5525824205 0.0543885925 0.0131642408
130 0.5525824205 0.0570032285 0.01591619264
131 0.5525824205 0.06171349581 0.01754016018
132 0.5525824205 0.07385405642 0.02117289693
133 0.5525824205 0.07209059483 0.01981097094
134 0.5525824205 0.07864099688 0.02221525782
135 0.5525824205 0.07456206903 0.02105020313
136 0.5525824205 0.06956416506 0.01646450938
137 0.5525824205 0.07091829752 0.01827987708
138 0.5732495073 0.08805493704 0.02426950115
139 0.5732495073 0.09464921838 0.02645291696
140 0.5807356624 0.08547699846 0.02766558479
141 0.5807356624 0.07284439819 0.02212691766
142 0.5807356624 0.07857867593 0.02456045304
143 0.5807356624 0.08116949646 0.02452567283
144 0.5807356624 0.06397185737 0.02270049159
145 0.5807356624 0.07150827474 0.02446402466
146 0.6484270078 0.07775281906 0.02630100823
147 0.6484270078 0.08486827142 0.02701726068
148 0.6484270078 0.07109392739 0.02314647547
149 0.6484270078 0.07341771494 0.02488851856
150 0.6484270078 0.08023864834 0.02694728736
151 0.6484270078 0.1036974634 0.03073207148
152 0.6484270078 0.09484594081 0.03095673322
153 0.6484270078 0.08429739618 0.02698851132
154 0.6770354837 0.09864096196 0.03261462033
155 0.6770354837 0.08639112858 0.02825710703
156 0.6770354837 0.1034322225 0.03884925986
157 0.724858387 0.1238993739 0.04471460624
158 0.724858387 0.1257185627 0.04292881221
159 0.724858387 0.1227320021 0.04497037575
160 0.724858387 0.0987389412 0.03749551734
161 0.724858387 0.09834583808 0.035300086
162 0.724858387 0.1010517077 0.03484788691
163 0.724858387 0.09520732458 0.03535250516
164 0.7395045958 0.0928618907 0.03808841756
165 0.7395045958 0.08170751365 0.03212486892
166 0.7395045958 0.08287274896 0.03387732953
167 0.7395045958 0.09440336142 0.03568679705
168 0.7395045958 0.09664125065 0.03441955079
169 0.7395045958 0.123840274 0.0388138636
170 0.7395045958 0.1129373068 0.03962062891
171 0.7395045958 0.1079311483 0.03615162781
172 0.7395045958 0.0938734547 0.03105999446
173 0.7395045958 0.1118027448 0.03799571064
174 0.7395045958 0.09351519409 0.03242967033
175 0.7395045958 0.09608244537 0.03577237714
176 0.7395045958 0.09698425012 0.03658568919
177 0.7395045958 0.134699806 0.04915530387
178 0.7395045958 0.1176407179 0.04305169337
179 0.7660620088 0.1326900414 0.05108856064
180 0.7660620088 0.1344978368 0.04337380193
181 0.7660620088 0.129671648 0.04547746773
182 0.7660620088 0.1353144758 0.04448103926
183 0.7660620088 0.123142063 0.04272602696
184 0.7660620088 0.1100287422 0.03846203039
185 0.7660620088 0.1065648815 0.03803931586
186 0.7660620088 0.1197108052 0.04080443205
187 0.7660620088 0.1097850457 0.03655963445
188 0.7660620088 0.09772658854 0.04038155803
189 0.7660620088 0.1061991782 0.03999616496
190 0.7660620088 0.1188927486 0.04739096687
191 0.7660620088 0.1088764412 0.04457230188
192 0.7660620088 0.1117629015 0.04361104296
193 0.7660620088 0.1154835751 0.04662007809
194 0.7660620088 0.106261825 0.04372098652
195 0.7660620088 0.1040283593 0.03637975567
196 0.7660620088 0.1098296548 0.04184542178
197 0.7660620088 0.1206065534 0.04052731727
198 0.7660620088 0.1100289885 0.03528918497
199 0.7660620088 0.09135774194 0.03173073199
200 0.7660620088 0.1031348821 0.03821831201
201 0.7660620088 0.1097195504 0.04104615657
202 0.7660620088 0.09353729677 0.03606964882
203 0.7660620088 0.08612065898 0.03344072517
204 0.7660620088 0.08638651 0.03391923076
205 0.7660620088 0.1000026642 0.04072615031
206 0.7660620088 0.111198382 0.04469567018
207 0.7660620088 0.07656218883 0.02916440851
208 0.7660620088 0.08995505533 0.04058240967
209 0.7660620088 0.1122798139 0.04407984681
210 0.7660620088 0.09015573931 0.03433742486
211 0.7771343274 0.1003407189 0.04271177189
212 0.7771343274 0.1307207845 0.05013659484
213 0.7771343274 0.1283685093 0.04936837301
214 0.7771343274 0.09945158328 0.03808320063
215 0.7771343274 0.1023937461 0.04094641701
216 0.7771343274 0.1154911531 0.04831561711
217 0.7771343274 0.1066937931 0.04357386235
218 0.7771343274 0.1046426869 0.03760646416
219 0.7771343274 0.1185788553 0.04123187188
220 0.7771343274 0.1078694092 0.04073820427
221 0.7771343274 0.1317002531 0.0456049757
222 0.7812872955 0.1060802824 0.04496959864
223 0.7812872955 0.1118791396 0.04592755354
224 0.7812872955 0.1402083613 0.05377385459
225 0.7812872955 0.1354704454 0.04978621878
226 0.7812872955 0.1310930446 0.04451996225
227 0.7812872955 0.1416120496 0.04890536551
228 0.7812872955 0.138128613 0.04485935536
229 0.7812872955 0.1426323002 0.04284167357
230 0.7812872955 0.1429133998 0.04449902958
231 0.7812872955 0.1472755551 0.04525070214
232 0.7812872955 0.1241330756 0.04027327231
233 0.7812872955 0.1662537996 0.05053273021
234 0.7834855574 0.1938059629 0.05993721791
235 0.7849767302 0.1833468389 0.05423287282
236 0.7849767302 0.1699022342 0.05533051156
237 0.7849767302 0.1320324194 0.04460369293
238 0.7849767302 0.1423370685 0.04584452826
239 0.7849767302 0.1287635967 0.04419909081
240 0.7849767302 0.1381740461 0.04690682974
241 0.7849767302 0.1321109743 0.04615208906
242 0.7849767302 0.1306510641 0.04756926729
243 0.7849767302 0.1517036503 0.04836341065
244 0.7849767302 0.1532202855 0.04815355927
245 0.7849767302 0.1490752114 0.04706360971
246 0.7849767302 0.1373765993 0.0516768228
247 0.7849767302 0.1254544794 0.04467669429
248 0.7849767302 0.139784708 0.04804114565
249 0.7849767302 0.1353112539 0.04798046265
250 0.7849767302 0.1180132743 0.03907887034
251 0.7849767302 0.1049653917 0.03574616856
252 0.7849767302 0.1303786841 0.04707661593
253 0.7849767302 0.1298427675 0.0481683826
254 0.7849767302 0.1426189603 0.04759596751
255 0.7849767302 0.1241655004 0.04426266973
256 0.7849767302 0.1304726676 0.0390677336
257 0.7849767302 0.1257363283 0.04389089798
258 0.7849767302 0.12573555 0.04217894428
259 0.7849767302 0.1159959293 0.04560513734
260 0.7849767302 0.108006417 0.04444373968
261 0.7849767302 0.1071103564 0.03987642367
262 0.7849767302 0.1074129504 0.04218440384
263 0.7872406961 0.130278386 0.05269335514
264 0.7872406961 0.1332253789 0.04670992226
265 0.7872406961 0.10493596 0.03694387828
266 0.7872406961 0.1064479165 0.03842595603
267 0.7872406961 0.1202701078 0.04191971603
268 0.7872406961 0.1150992246 0.04136277188
269 0.7882060434 0.1200429807 0.04598894209
270 0.7882060434 0.1298547111 0.04823868814
271 0.7882060434 0.1273402853 0.04754106284
272 0.7882060434 0.1365949745 0.05646247265
273 0.7882060434 0.1426001651 0.05006641954
274 0.7882060434 0.1540427526 0.05079121127
275 0.7882060434 0.1355244023 0.0490543528
276 0.7882060434 0.1278173837 0.04650144562
277 0.7882060434 0.1146990047 0.03957453246
278 0.7882060434 0.125572611 0.03936454454
279 0.7882060434 0.1301944193 0.04474878547
280 0.7882060434 0.1136959976 0.03672662451
281 0.7882060434 0.1142676386 0.04244824635
282 0.7882060434 0.121071747 0.04361852553
283 0.7917535769 0.1365266939 0.05043887497
284 0.7917535769 0.1178593707 0.04414185197
285 0.7917535769 0.1306747333 0.04858884041
286 0.7917535769 0.1556359641 0.05335425579
287 0.7917535769 0.1336747002 0.04196649523
288 0.7917535769 0.151235343 0.04945468299
289 0.7917535769 0.1320949314 0.04590091235
290 0.8298097183 0.1493370749 0.05415990634
291 0.8298097183 0.1380389414 0.04669671131
292 0.8298097183 0.1277505354 0.0442712572
293 0.8298097183 0.1388203144 0.05061863504
294 0.8298097183 0.1414853711 0.05359107916
295 0.8298097183 0.1249864118 0.04482234989
296 0.8298097183 0.1494444973 0.05196214366
297 0.8298097183 0.1269258774 0.04079723127
298 0.8298097183 0.1266424243 0.04699304596
299 0.8298097183 0.1334584096 0.04210257403
300 0.8298097183 0.1489779525 0.05099304297
