49 9 6

0.51302198723978476024853989656549 0.32640282327169178877568356256234 0.2067492930155407915293608311913 1.8046764232480581036099920311244 0.55670945728557796883251285180449 2.1417628178621388457258944981731 1.6114923625915926752583118286566 0.51302198723978476024853989656549 0.32640282327169178877568356256234 0.2067492930155407915293608311913 1.8046764232480581036099920311244 0.55670945728557796883251285180449 2.1417628178621388457258944981731 1.6114923625915926752583118286566 0.51302198723978476024853989656549 0.32640282327169178877568356256234 0.2067492930155407915293608311913 1.8046764232480581036099920311244 0.55670945728557796883251285180449 2.1417628178621388457258944981731 1.6114923625915926752583118286566 0.51302198723978476024853989656549 0.32640282327169178877568356256234 0.2067492930155407915293608311913 1.8046764232480581036099920311244 0.55670945728557796883251285180449 2.1417628178621388457258944981731 1.6114923625915926752583118286566 0.51302198723978476024853989656549 0.32640282327169178877568356256234 0.2067492930155407915293608311913 1.8046764232480581036099920311244 0.55670945728557796883251285180449 2.1417628178621388457258944981731 1.6114923625915926752583118286566 0.51302198723978476024853989656549 0.32640282327169178877568356256234 0.2067492930155407915293608311913 1.8046764232480581036099920311244 0.55670945728557796883251285180449 2.1417628178621388457258944981731 1.6114923625915926752583118286566 0.51302198723978476024853989656549 0.32640282327169178877568356256234 0.2067492930155407915293608311913 1.8046764232480581036099920311244 0.55670945728557796883251285180449 2.1417628178621388457258944981731 1.6114923625915926752583118286566 

-4.6988331805066012591964863531757 0.18309594090322919845981175512861 -11.176037783343025111548740824219 -6.4180087911428156388637944473885 -12.901993577082363273689225025009 -5.6036133470529989608621690422297 -11.281049570790415259580186102539 -4.6988331805066012591964863531757 0.18309594090322919845981175512861 -11.176037783343025111548740824219 -6.4180087911428156388637944473885 -12.901993577082363273689225025009 -5.6036133470529989608621690422297 -11.281049570790415259580186102539 -4.6988331805066012591964863531757 0.18309594090322919845981175512861 -11.176037783343025111548740824219 -6.4180087911428156388637944473885 -12.901993577082363273689225025009 -5.6036133470529989608621690422297 -11.281049570790415259580186102539 -4.6988331805066012591964863531757 0.18309594090322919845981175512861 -11.176037783343025111548740824219 -6.4180087911428156388637944473885 -12.901993577082363273689225025009 -5.6036133470529989608621690422297 -11.281049570790415259580186102539 -4.6988331805066012591964863531757 0.18309594090322919845981175512861 -11.176037783343025111548740824219 -6.4180087911428156388637944473885 -12.901993577082363273689225025009 -5.6036133470529989608621690422297 -11.281049570790415259580186102539 -4.6988331805066012591964863531757 0.18309594090322919845981175512861 -11.176037783343025111548740824219 -6.4180087911428156388637944473885 -12.901993577082363273689225025009 -5.6036133470529989608621690422297 -11.281049570790415259580186102539 -4.6988331805066012591964863531757 0.18309594090322919845981175512861 -11.176037783343025111548740824219 -6.4180087911428156388637944473885 -12.901993577082363273689225025009 -5.6036133470529989608621690422297 -11.281049570790415259580186102539 

1 1 1 1 1 1 1 1 1 1 1 1 1 1 1 1 1 1 1 1 1 1 1 1 1 1 1 1 1 1 1 1 1 1 1 1 1 1 1 1 1 1 1 1 1 1 1 1 1 

4.6988331805066012591964863531757 -0.18309594090322919845981175512861 11.176037783343025111548740824219 6.4180087911428156388637944473885 12.901993577082363273689225025009 5.6036133470529989608621690422297 11.281049570790415259580186102539 4.6988331805066012591964863531757 -0.18309594090322919845981175512861 11.176037783343025111548740824219 6.4180087911428156388637944473885 12.901993577082363273689225025009 5.6036133470529989608621690422297 11.281049570790415259580186102539 4.6988331805066012591964863531757 -0.18309594090322919845981175512861 11.176037783343025111548740824219 6.4180087911428156388637944473885 12.901993577082363273689225025009 5.6036133470529989608621690422297 11.281049570790415259580186102539 4.6988331805066012591964863531757 -0.18309594090322919845981175512861 11.176037783343025111548740824219 6.4180087911428156388637944473885 12.901993577082363273689225025009 5.6036133470529989608621690422297 11.281049570790415259580186102539 4.6988331805066012591964863531757 -0.18309594090322919845981175512861 11.176037783343025111548740824219 6.4180087911428156388637944473885 12.901993577082363273689225025009 5.6036133470529989608621690422297 11.281049570790415259580186102539 4.6988331805066012591964863531757 -0.18309594090322919845981175512861 11.176037783343025111548740824219 6.4180087911428156388637944473885 12.901993577082363273689225025009 5.6036133470529989608621690422297 11.281049570790415259580186102539 4.6988331805066012591964863531757 -0.18309594090322919845981175512861 11.176037783343025111548740824219 6.4180087911428156388637944473885 12.901993577082363273689225025009 5.6036133470529989608621690422297 11.281049570790415259580186102539 

2  1 -1.6662943279544757402277355140541  3 10.516525697538487094107040320523  
2  2 9.4487653753966398539887450169772  1 -12.436538240506720853773003909737  
2  3 9.0227356124541699955443618819118  2 14.623419389432399384531890973449  
5  4 3.8139050629437671879884419467999  2 -2.7558202905860347264876963890856  6 9.1853553312754261384043275029399  7 -4.6596858132809844121879905287642  14 12.817772359674412641084018105175  
2  5 1.3587260390829465350748250784818  1 13.293907173109255737131206842605  
2  6 4.0444174186019266059588517236989  5 -11.912204352772171489505126373842  
2  7 -7.0171884115217055821744907007087  5 -4.9815339595731682464929690468125  
2  8 -1.6662943279544757402277355140541  10 10.516525697538487094107040320523  
2  9 9.4487653753966398539887450169772  8 -12.436538240506720853773003909737  
2  10 9.0227356124541699955443618819118  9 14.623419389432399384531890973449  
6  3 13.839440443505059974427240376826  11 3.8139050629437671879884419467999  9 -2.7558202905860347264876963890856  13 9.1853553312754261384043275029399  14 -4.6596858132809844121879905287642  21 12.817772359674412641084018105175  
2  12 1.3587260390829465350748250784818  8 13.293907173109255737131206842605  
2  13 4.0444174186019266059588517236989  12 -11.912204352772171489505126373842  
2  14 -7.0171884115217055821744907007087  12 -4.9815339595731682464929690468125  
2  15 -1.6662943279544757402277355140541  17 10.516525697538487094107040320523  
2  16 9.4487653753966398539887450169772  15 -12.436538240506720853773003909737  
2  17 9.0227356124541699955443618819118  16 14.623419389432399384531890973449  
6  10 13.839440443505059974427240376826  18 3.8139050629437671879884419467999  16 -2.7558202905860347264876963890856  20 9.1853553312754261384043275029399  21 -4.6596858132809844121879905287642  28 12.817772359674412641084018105175  
2  19 1.3587260390829465350748250784818  15 13.293907173109255737131206842605  
2  20 4.0444174186019266059588517236989  19 -11.912204352772171489505126373842  
2  21 -7.0171884115217055821744907007087  19 -4.9815339595731682464929690468125  
2  22 -1.6662943279544757402277355140541  24 10.516525697538487094107040320523  
2  23 9.4487653753966398539887450169772  22 -12.436538240506720853773003909737  
2  24 9.0227356124541699955443618819118  23 14.623419389432399384531890973449  
6  17 13.839440443505059974427240376826  25 3.8139050629437671879884419467999  23 -2.7558202905860347264876963890856  27 9.1853553312754261384043275029399  28 -4.6596858132809844121879905287642  35 12.817772359674412641084018105175  
2  26 1.3587260390829465350748250784818  22 13.293907173109255737131206842605  
2  27 4.0444174186019266059588517236989  26 -11.912204352772171489505126373842  
2  28 -7.0171884115217055821744907007087  26 -4.9815339595731682464929690468125  
2  29 -1.6662943279544757402277355140541  31 10.516525697538487094107040320523  
2  30 9.4487653753966398539887450169772  29 -12.436538240506720853773003909737  
2  31 9.0227356124541699955443618819118  30 14.623419389432399384531890973449  
6  24 13.839440443505059974427240376826  32 3.8139050629437671879884419467999  30 -2.7558202905860347264876963890856  34 9.1853553312754261384043275029399  35 -4.6596858132809844121879905287642  42 12.817772359674412641084018105175  
2  33 1.3587260390829465350748250784818  29 13.293907173109255737131206842605  
2  34 4.0444174186019266059588517236989  33 -11.912204352772171489505126373842  
2  35 -7.0171884115217055821744907007087  33 -4.9815339595731682464929690468125  
2  36 -1.6662943279544757402277355140541  38 10.516525697538487094107040320523  
2  37 9.4487653753966398539887450169772  36 -12.436538240506720853773003909737  
2  38 9.0227356124541699955443618819118  37 14.623419389432399384531890973449  
6  31 13.839440443505059974427240376826  39 3.8139050629437671879884419467999  37 -2.7558202905860347264876963890856  41 9.1853553312754261384043275029399  42 -4.6596858132809844121879905287642  49 12.817772359674412641084018105175  
2  40 1.3587260390829465350748250784818  36 13.293907173109255737131206842605  
2  41 4.0444174186019266059588517236989  40 -11.912204352772171489505126373842  
2  42 -7.0171884115217055821744907007087  40 -4.9815339595731682464929690468125  
2  43 -1.6662943279544757402277355140541  45 10.516525697538487094107040320523  
2  44 9.4487653753966398539887450169772  43 -12.436538240506720853773003909737  
2  45 9.0227356124541699955443618819118  44 14.623419389432399384531890973449  
5  38 13.839440443505059974427240376826  46 3.8139050629437671879884419467999  44 -2.7558202905860347264876963890856  48 9.1853553312754261384043275029399  49 -4.6596858132809844121879905287642  
2  47 1.3587260390829465350748250784818  43 13.293907173109255737131206842605  
2  48 4.0444174186019266059588517236989  47 -11.912204352772171489505126373842  
2  49 -7.0171884115217055821744907007087  47 -4.9815339595731682464929690468125  

1  14 0.16036802048781395590992815414211  
1  8 0  
0  
1  5 1.302439006619897199357183126267  
1  4 1.302439006619897199357183126267  
1  10 1.5506656109699576973071089014411  
0  
2  2 0  21 0.16036802048781395590992815414211  
1  15 0  
1  6 1.5506656109699576973071089014411  
1  12 1.302439006619897199357183126267  
1  11 1.302439006619897199357183126267  
1  17 1.5506656109699576973071089014411  
1  1 0.16036802048781395590992815414211  
2  9 0  28 0.16036802048781395590992815414211  
1  22 0  
1  13 1.5506656109699576973071089014411  
1  19 1.302439006619897199357183126267  
1  18 1.302439006619897199357183126267  
1  24 1.5506656109699576973071089014411  
1  8 0.16036802048781395590992815414211  
2  16 0  35 0.16036802048781395590992815414211  
1  29 0  
1  20 1.5506656109699576973071089014411  
1  26 1.302439006619897199357183126267  
1  25 1.302439006619897199357183126267  
1  31 1.5506656109699576973071089014411  
1  15 0.16036802048781395590992815414211  
2  23 0  42 0.16036802048781395590992815414211  
1  36 0  
1  27 1.5506656109699576973071089014411  
1  33 1.302439006619897199357183126267  
1  32 1.302439006619897199357183126267  
1  38 1.5506656109699576973071089014411  
1  22 0.16036802048781395590992815414211  
2  30 0  49 0.16036802048781395590992815414211  
1  43 0  
1  34 1.5506656109699576973071089014411  
1  40 1.302439006619897199357183126267  
1  39 1.302439006619897199357183126267  
1  45 1.5506656109699576973071089014411  
1  29 0.16036802048781395590992815414211  
1  37 0  
0  
1  41 1.5506656109699576973071089014411  
1  47 1.302439006619897199357183126267  
1  46 1.302439006619897199357183126267  
0  
1  36 0.16036802048781395590992815414211  
