49 9 6

0.16795889113823125882163367350586 0.71034431688585664144142128861859 0.72417722178731125382000755053014 0.33790788103200064540487801423296 0.42527582858853796299314353746013 1.2021889098689915176265685659018 0.19251814446241555245364907023031 0.16795889113823125882163367350586 0.71034431688585664144142128861859 0.72417722178731125382000755053014 0.33790788103200064540487801423296 0.42527582858853796299314353746013 1.2021889098689915176265685659018 0.19251814446241555245364907023031 0.16795889113823125882163367350586 0.71034431688585664144142128861859 0.72417722178731125382000755053014 0.33790788103200064540487801423296 0.42527582858853796299314353746013 1.2021889098689915176265685659018 0.19251814446241555245364907023031 0.16795889113823125882163367350586 0.71034431688585664144142128861859 0.72417722178731125382000755053014 0.33790788103200064540487801423296 0.42527582858853796299314353746013 1.2021889098689915176265685659018 0.19251814446241555245364907023031 0.16795889113823125882163367350586 0.71034431688585664144142128861859 0.72417722178731125382000755053014 0.33790788103200064540487801423296 0.42527582858853796299314353746013 1.2021889098689915176265685659018 0.19251814446241555245364907023031 0.16795889113823125882163367350586 0.71034431688585664144142128861859 0.72417722178731125382000755053014 0.33790788103200064540487801423296 0.42527582858853796299314353746013 1.2021889098689915176265685659018 0.19251814446241555245364907023031 0.16795889113823125882163367350586 0.71034431688585664144142128861859 0.72417722178731125382000755053014 0.33790788103200064540487801423296 0.42527582858853796299314353746013 1.2021889098689915176265685659018 0.19251814446241555245364907023031 

-1.2130749751938467717593539418885 -2.7837780381759897885274313011905 0.791550072425151629573747413815 -12.206651784884835265643232560251 5.1096749171888626861459670180921 6.0110425349734288857916908455081 0.80673082367574333595428015541984 -1.2130749751938467717593539418885 -2.7837780381759897885274313011905 0.791550072425151629573747413815 -12.206651784884835265643232560251 5.1096749171888626861459670180921 6.0110425349734288857916908455081 0.80673082367574333595428015541984 -1.2130749751938467717593539418885 -2.7837780381759897885274313011905 0.791550072425151629573747413815 -12.206651784884835265643232560251 5.1096749171888626861459670180921 6.0110425349734288857916908455081 0.80673082367574333595428015541984 -1.2130749751938467717593539418885 -2.7837780381759897885274313011905 0.791550072425151629573747413815 -12.206651784884835265643232560251 5.1096749171888626861459670180921 6.0110425349734288857916908455081 0.80673082367574333595428015541984 -1.2130749751938467717593539418885 -2.7837780381759897885274313011905 0.791550072425151629573747413815 -12.206651784884835265643232560251 5.1096749171888626861459670180921 6.0110425349734288857916908455081 0.80673082367574333595428015541984 -1.2130749751938467717593539418885 -2.7837780381759897885274313011905 0.791550072425151629573747413815 -12.206651784884835265643232560251 5.1096749171888626861459670180921 6.0110425349734288857916908455081 0.80673082367574333595428015541984 -1.2130749751938467717593539418885 -2.7837780381759897885274313011905 0.791550072425151629573747413815 -12.206651784884835265643232560251 5.1096749171888626861459670180921 6.0110425349734288857916908455081 0.80673082367574333595428015541984 

1 1 1 1 1 1 1 1 1 1 1 1 1 1 1 1 1 1 1 1 1 1 1 1 1 1 1 1 1 1 1 1 1 1 1 1 1 1 1 1 1 1 1 1 1 1 1 1 1 

1.2130749751938467717593539418885 2.7837780381759897885274313011905 -0.791550072425151629573747413815 12.206651784884835265643232560251 -5.1096749171888626861459670180921 -6.0110425349734288857916908455081 -0.80673082367574333595428015541984 1.2130749751938467717593539418885 2.7837780381759897885274313011905 -0.791550072425151629573747413815 12.206651784884835265643232560251 -5.1096749171888626861459670180921 -6.0110425349734288857916908455081 -0.80673082367574333595428015541984 1.2130749751938467717593539418885 2.7837780381759897885274313011905 -0.791550072425151629573747413815 12.206651784884835265643232560251 -5.1096749171888626861459670180921 -6.0110425349734288857916908455081 -0.80673082367574333595428015541984 1.2130749751938467717593539418885 2.7837780381759897885274313011905 -0.791550072425151629573747413815 12.206651784884835265643232560251 -5.1096749171888626861459670180921 -6.0110425349734288857916908455081 -0.80673082367574333595428015541984 1.2130749751938467717593539418885 2.7837780381759897885274313011905 -0.791550072425151629573747413815 12.206651784884835265643232560251 -5.1096749171888626861459670180921 -6.0110425349734288857916908455081 -0.80673082367574333595428015541984 1.2130749751938467717593539418885 2.7837780381759897885274313011905 -0.791550072425151629573747413815 12.206651784884835265643232560251 -5.1096749171888626861459670180921 -6.0110425349734288857916908455081 -0.80673082367574333595428015541984 1.2130749751938467717593539418885 2.7837780381759897885274313011905 -0.791550072425151629573747413815 12.206651784884835265643232560251 -5.1096749171888626861459670180921 -6.0110425349734288857916908455081 -0.80673082367574333595428015541984 

2  1 13.074081401599963569992723932955  3 -11.164908794234618127916291996371  
2  2 -7.4682531141192551871199611923657  1 10.349310452267083348942833254114  
2  3 -2.5134208495002692274056244059466  2 14.693991487906435722265996446367  
5  4 -2.1269262264382353677660830726381  2 -13.501223096895250463944648799952  6 -9.0337250128964363682371185859665  7 -0.027179422650403014388720279725931  14 -5.7374567912599934160766679269727  
2  5 -2.3823872970738655396871763514355  1 8.5053305412170896460111180203967  
2  6 -9.0701483402637137487545260228217  5 -6.8275944318567090007832121045794  
2  7 -4.4942196735748396463350218255073  5 6.0804842128823750613264564890414  
2  8 13.074081401599963569992723932955  10 -11.164908794234618127916291996371  
2  9 -7.4682531141192551871199611923657  8 10.349310452267083348942833254114  
2  10 -2.5134208495002692274056244059466  9 14.693991487906435722265996446367  
6  3 -10.225954973646402379472419852391  11 -2.1269262264382353677660830726381  9 -13.501223096895250463944648799952  13 -9.0337250128964363682371185859665  14 -0.027179422650403014388720279725931  21 -5.7374567912599934160766679269727  
2  12 -2.3823872970738655396871763514355  8 8.5053305412170896460111180203967  
2  13 -9.0701483402637137487545260228217  12 -6.8275944318567090007832121045794  
2  14 -4.4942196735748396463350218255073  12 6.0804842128823750613264564890414  
2  15 13.074081401599963569992723932955  17 -11.164908794234618127916291996371  
2  16 -7.4682531141192551871199611923657  15 10.349310452267083348942833254114  
2  17 -2.5134208495002692274056244059466  16 14.693991487906435722265996446367  
6  10 -10.225954973646402379472419852391  18 -2.1269262264382353677660830726381  16 -13.501223096895250463944648799952  20 -9.0337250128964363682371185859665  21 -0.027179422650403014388720279725931  28 -5.7374567912599934160766679269727  
2  19 -2.3823872970738655396871763514355  15 8.5053305412170896460111180203967  
2  20 -9.0701483402637137487545260228217  19 -6.8275944318567090007832121045794  
2  21 -4.4942196735748396463350218255073  19 6.0804842128823750613264564890414  
2  22 13.074081401599963569992723932955  24 -11.164908794234618127916291996371  
2  23 -7.4682531141192551871199611923657  22 10.349310452267083348942833254114  
2  24 -2.5134208495002692274056244059466  23 14.693991487906435722265996446367  
6  17 -10.225954973646402379472419852391  25 -2.1269262264382353677660830726381  23 -13.501223096895250463944648799952  27 -9.0337250128964363682371185859665  28 -0.027179422650403014388720279725931  35 -5.7374567912599934160766679269727  
2  26 -2.3823872970738655396871763514355  22 8.5053305412170896460111180203967  
2  27 -9.0701483402637137487545260228217  26 -6.8275944318567090007832121045794  
2  28 -4.4942196735748396463350218255073  26 6.0804842128823750613264564890414  
2  29 13.074081401599963569992723932955  31 -11.164908794234618127916291996371  
2  30 -7.4682531141192551871199611923657  29 10.349310452267083348942833254114  
2  31 -2.5134208495002692274056244059466  30 14.693991487906435722265996446367  
6  24 -10.225954973646402379472419852391  32 -2.1269262264382353677660830726381  30 -13.501223096895250463944648799952  34 -9.0337250128964363682371185859665  35 -0.027179422650403014388720279725931  42 -5.7374567912599934160766679269727  
2  33 -2.3823872970738655396871763514355  29 8.5053305412170896460111180203967  
2  34 -9.0701483402637137487545260228217  33 -6.8275944318567090007832121045794  
2  35 -4.4942196735748396463350218255073  33 6.0804842128823750613264564890414  
2  36 13.074081401599963569992723932955  38 -11.164908794234618127916291996371  
2  37 -7.4682531141192551871199611923657  36 10.349310452267083348942833254114  
2  38 -2.5134208495002692274056244059466  37 14.693991487906435722265996446367  
6  31 -10.225954973646402379472419852391  39 -2.1269262264382353677660830726381  37 -13.501223096895250463944648799952  41 -9.0337250128964363682371185859665  42 -0.027179422650403014388720279725931  49 -5.7374567912599934160766679269727  
2  40 -2.3823872970738655396871763514355  36 8.5053305412170896460111180203967  
2  41 -9.0701483402637137487545260228217  40 -6.8275944318567090007832121045794  
2  42 -4.4942196735748396463350218255073  40 6.0804842128823750613264564890414  
2  43 13.074081401599963569992723932955  45 -11.164908794234618127916291996371  
2  44 -7.4682531141192551871199611923657  43 10.349310452267083348942833254114  
2  45 -2.5134208495002692274056244059466  44 14.693991487906435722265996446367  
5  38 -10.225954973646402379472419852391  46 -2.1269262264382353677660830726381  44 -13.501223096895250463944648799952  48 -9.0337250128964363682371185859665  49 -0.027179422650403014388720279725931  
2  47 -2.3823872970738655396871763514355  43 8.5053305412170896460111180203967  
2  48 -9.0701483402637137487545260228217  47 -6.8275944318567090007832121045794  
2  49 -4.4942196735748396463350218255073  47 6.0804842128823750613264564890414  

1  14 0.43389560665050652676910658556153  
1  8 0.41128039039828567791090563332546  
0  
1  5 1.0380238968950628031251426364179  
1  4 1.0380238968950628031251426364179  
1  10 1.3500852572478909685571579757379  
0  
2  2 0.41128039039828567791090563332546  21 0.43389560665050652676910658556153  
1  15 0.41128039039828567791090563332546  
1  6 1.3500852572478909685571579757379  
1  12 1.0380238968950628031251426364179  
1  11 1.0380238968950628031251426364179  
1  17 1.3500852572478909685571579757379  
1  1 0.43389560665050652676910658556153  
2  9 0.41128039039828567791090563332546  28 0.43389560665050652676910658556153  
1  22 0.41128039039828567791090563332546  
1  13 1.3500852572478909685571579757379  
1  19 1.0380238968950628031251426364179  
1  18 1.0380238968950628031251426364179  
1  24 1.3500852572478909685571579757379  
1  8 0.43389560665050652676910658556153  
2  16 0.41128039039828567791090563332546  35 0.43389560665050652676910658556153  
1  29 0.41128039039828567791090563332546  
1  20 1.3500852572478909685571579757379  
1  26 1.0380238968950628031251426364179  
1  25 1.0380238968950628031251426364179  
1  31 1.3500852572478909685571579757379  
1  15 0.43389560665050652676910658556153  
2  23 0.41128039039828567791090563332546  42 0.43389560665050652676910658556153  
1  36 0.41128039039828567791090563332546  
1  27 1.3500852572478909685571579757379  
1  33 1.0380238968950628031251426364179  
1  32 1.0380238968950628031251426364179  
1  38 1.3500852572478909685571579757379  
1  22 0.43389560665050652676910658556153  
2  30 0.41128039039828567791090563332546  49 0.43389560665050652676910658556153  
1  43 0.41128039039828567791090563332546  
1  34 1.3500852572478909685571579757379  
1  40 1.0380238968950628031251426364179  
1  39 1.0380238968950628031251426364179  
1  45 1.3500852572478909685571579757379  
1  29 0.43389560665050652676910658556153  
1  37 0.41128039039828567791090563332546  
0  
1  41 1.3500852572478909685571579757379  
1  47 1.0380238968950628031251426364179  
1  46 1.0380238968950628031251426364179  
0  
1  36 0.43389560665050652676910658556153  
