49 9 6

0.23515342559202245809046871727332 0.54225114082082948030461011512671 1.8196178638613393907519366621273 0.94397563109916693413481425523059 2.0079771015013805346427488984773 0.28509440627270410395510680245934 2.5 0.23515342559202245809046871727332 0.54225114082082948030461011512671 1.8196178638613393907519366621273 0.94397563109916693413481425523059 2.0079771015013805346427488984773 0.28509440627270410395510680245934 2.5 0.23515342559202245809046871727332 0.54225114082082948030461011512671 1.8196178638613393907519366621273 0.94397563109916693413481425523059 2.0079771015013805346427488984773 0.28509440627270410395510680245934 2.5 0.23515342559202245809046871727332 0.54225114082082948030461011512671 1.8196178638613393907519366621273 0.94397563109916693413481425523059 2.0079771015013805346427488984773 0.28509440627270410395510680245934 2.5 0.23515342559202245809046871727332 0.54225114082082948030461011512671 1.8196178638613393907519366621273 0.94397563109916693413481425523059 2.0079771015013805346427488984773 0.28509440627270410395510680245934 2.5 0.23515342559202245809046871727332 0.54225114082082948030461011512671 1.8196178638613393907519366621273 0.94397563109916693413481425523059 2.0079771015013805346427488984773 0.28509440627270410395510680245934 2.5 0.23515342559202245809046871727332 0.54225114082082948030461011512671 1.8196178638613393907519366621273 0.94397563109916693413481425523059 2.0079771015013805346427488984773 0.28509440627270410395510680245934 2.5 

-3.633590883919484593178594877827 -7.3923412180914720437385767581873 3.5345571084695035501965776347788 -10.272753957617393183454623795114 0.27989917673921249630097918270621 3.5047838033196891949216933426214 -8.223401484126954485986971121747 -3.633590883919484593178594877827 -7.3923412180914720437385767581873 3.5345571084695035501965776347788 -10.272753957617393183454623795114 0.27989917673921249630097918270621 3.5047838033196891949216933426214 -8.223401484126954485986971121747 -3.633590883919484593178594877827 -7.3923412180914720437385767581873 3.5345571084695035501965776347788 -10.272753957617393183454623795114 0.27989917673921249630097918270621 3.5047838033196891949216933426214 -8.223401484126954485986971121747 -3.633590883919484593178594877827 -7.3923412180914720437385767581873 3.5345571084695035501965776347788 -10.272753957617393183454623795114 0.27989917673921249630097918270621 3.5047838033196891949216933426214 -8.223401484126954485986971121747 -3.633590883919484593178594877827 -7.3923412180914720437385767581873 3.5345571084695035501965776347788 -10.272753957617393183454623795114 0.27989917673921249630097918270621 3.5047838033196891949216933426214 -8.223401484126954485986971121747 -3.633590883919484593178594877827 -7.3923412180914720437385767581873 3.5345571084695035501965776347788 -10.272753957617393183454623795114 0.27989917673921249630097918270621 3.5047838033196891949216933426214 -8.223401484126954485986971121747 -3.633590883919484593178594877827 -7.3923412180914720437385767581873 3.5345571084695035501965776347788 -10.272753957617393183454623795114 0.27989917673921249630097918270621 3.5047838033196891949216933426214 -8.223401484126954485986971121747 

1 1 1 1 1 1 1 1 1 1 1 1 1 1 1 1 1 1 1 1 1 1 1 1 1 1 1 1 1 1 1 1 1 1 1 1 1 1 1 1 1 1 1 1 1 1 1 1 1 

3.633590883919484593178594877827 7.3923412180914720437385767581873 -3.5345571084695035501965776347788 10.272753957617393183454623795114 -0.27989917673921249630097918270621 -3.5047838033196891949216933426214 8.223401484126954485986971121747 3.633590883919484593178594877827 7.3923412180914720437385767581873 -3.5345571084695035501965776347788 10.272753957617393183454623795114 -0.27989917673921249630097918270621 -3.5047838033196891949216933426214 8.223401484126954485986971121747 3.633590883919484593178594877827 7.3923412180914720437385767581873 -3.5345571084695035501965776347788 10.272753957617393183454623795114 -0.27989917673921249630097918270621 -3.5047838033196891949216933426214 8.223401484126954485986971121747 3.633590883919484593178594877827 7.3923412180914720437385767581873 -3.5345571084695035501965776347788 10.272753957617393183454623795114 -0.27989917673921249630097918270621 -3.5047838033196891949216933426214 8.223401484126954485986971121747 3.633590883919484593178594877827 7.3923412180914720437385767581873 -3.5345571084695035501965776347788 10.272753957617393183454623795114 -0.27989917673921249630097918270621 -3.5047838033196891949216933426214 8.223401484126954485986971121747 3.633590883919484593178594877827 7.3923412180914720437385767581873 -3.5345571084695035501965776347788 10.272753957617393183454623795114 -0.27989917673921249630097918270621 -3.5047838033196891949216933426214 8.223401484126954485986971121747 3.633590883919484593178594877827 7.3923412180914720437385767581873 -3.5345571084695035501965776347788 10.272753957617393183454623795114 -0.27989917673921249630097918270621 -3.5047838033196891949216933426214 8.223401484126954485986971121747 

2  1 -0.494440134013745424823582652607  3 10.240897467858514957583793147933  
2  2 3.6865470193433109713510020810645  1 14.767952281643104583963577169925  
2  3 3.1785650645526084545622325094882  2 -14.874834920692517670204324531369  
5  4 10.388398353003177376763233041856  2 -7.9862707984873635425060456327628  6 -3.1069505852105123722139978781343  7 -3.7956399849191537754222736111842  14 9.2653548117169712838858686154708  
2  5 12.182014992652801410599749942776  1 -10.666920200844028698838883428834  
2  6 -2.73160954930585919697705321596  5 13.570747639351905533544595527928  
2  7 11.64103367682337974997608398553  5 15  
2  8 -0.494440134013745424823582652607  10 10.240897467858514957583793147933  
2  9 3.6865470193433109713510020810645  8 14.767952281643104583963577169925  
2  10 3.1785650645526084545622325094882  9 -14.874834920692517670204324531369  
6  3 -2.7396027597970546985095552372513  11 10.388398353003177376763233041856  9 -7.9862707984873635425060456327628  13 -3.1069505852105123722139978781343  14 -3.7956399849191537754222736111842  21 9.2653548117169712838858686154708  
2  12 12.182014992652801410599749942776  8 -10.666920200844028698838883428834  
2  13 -2.73160954930585919697705321596  12 13.570747639351905533544595527928  
2  14 11.64103367682337974997608398553  12 15  
2  15 -0.494440134013745424823582652607  17 10.240897467858514957583793147933  
2  16 3.6865470193433109713510020810645  15 14.767952281643104583963577169925  
2  17 3.1785650645526084545622325094882  16 -14.874834920692517670204324531369  
6  10 -2.7396027597970546985095552372513  18 10.388398353003177376763233041856  16 -7.9862707984873635425060456327628  20 -3.1069505852105123722139978781343  21 -3.7956399849191537754222736111842  28 9.2653548117169712838858686154708  
2  19 12.182014992652801410599749942776  15 -10.666920200844028698838883428834  
2  20 -2.73160954930585919697705321596  19 13.570747639351905533544595527928  
2  21 11.64103367682337974997608398553  19 15  
2  22 -0.494440134013745424823582652607  24 10.240897467858514957583793147933  
2  23 3.6865470193433109713510020810645  22 14.767952281643104583963577169925  
2  24 3.1785650645526084545622325094882  23 -14.874834920692517670204324531369  
6  17 -2.7396027597970546985095552372513  25 10.388398353003177376763233041856  23 -7.9862707984873635425060456327628  27 -3.1069505852105123722139978781343  28 -3.7956399849191537754222736111842  35 9.2653548117169712838858686154708  
2  26 12.182014992652801410599749942776  22 -10.666920200844028698838883428834  
2  27 -2.73160954930585919697705321596  26 13.570747639351905533544595527928  
2  28 11.64103367682337974997608398553  26 15  
2  29 -0.494440134013745424823582652607  31 10.240897467858514957583793147933  
2  30 3.6865470193433109713510020810645  29 14.767952281643104583963577169925  
2  31 3.1785650645526084545622325094882  30 -14.874834920692517670204324531369  
6  24 -2.7396027597970546985095552372513  32 10.388398353003177376763233041856  30 -7.9862707984873635425060456327628  34 -3.1069505852105123722139978781343  35 -3.7956399849191537754222736111842  42 9.2653548117169712838858686154708  
2  33 12.182014992652801410599749942776  29 -10.666920200844028698838883428834  
2  34 -2.73160954930585919697705321596  33 13.570747639351905533544595527928  
2  35 11.64103367682337974997608398553  33 15  
2  36 -0.494440134013745424823582652607  38 10.240897467858514957583793147933  
2  37 3.6865470193433109713510020810645  36 14.767952281643104583963577169925  
2  38 3.1785650645526084545622325094882  37 -14.874834920692517670204324531369  
6  31 -2.7396027597970546985095552372513  39 10.388398353003177376763233041856  37 -7.9862707984873635425060456327628  41 -3.1069505852105123722139978781343  42 -3.7956399849191537754222736111842  49 9.2653548117169712838858686154708  
2  40 12.182014992652801410599749942776  36 -10.666920200844028698838883428834  
2  41 -2.73160954930585919697705321596  40 13.570747639351905533544595527928  
2  42 11.64103367682337974997608398553  40 15  
2  43 -0.494440134013745424823582652607  45 10.240897467858514957583793147933  
2  44 3.6865470193433109713510020810645  43 14.767952281643104583963577169925  
2  45 3.1785650645526084545622325094882  44 -14.874834920692517670204324531369  
5  38 -2.7396027597970546985095552372513  46 10.388398353003177376763233041856  44 -7.9862707984873635425060456327628  48 -3.1069505852105123722139978781343  49 -3.7956399849191537754222736111842  
2  47 12.182014992652801410599749942776  43 -10.666920200844028698838883428834  
2  48 -2.73160954930585919697705321596  47 13.570747639351905533544595527928  
2  49 11.64103367682337974997608398553  47 15  

1  14 0.78608414509444446416353002859978  
1  8 0.60145892463521599680120743869338  
0  
1  5 1.3201079464040574862337962258607  
1  4 1.3201079464040574862337962258607  
1  10 1.241379548294106571759698454116  
0  
2  2 0.60145892463521599680120743869338  21 0.78608414509444446416353002859978  
1  15 0.60145892463521599680120743869338  
1  6 1.241379548294106571759698454116  
1  12 1.3201079464040574862337962258607  
1  11 1.3201079464040574862337962258607  
1  17 1.241379548294106571759698454116  
1  1 0.78608414509444446416353002859978  
2  9 0.60145892463521599680120743869338  28 0.78608414509444446416353002859978  
1  22 0.60145892463521599680120743869338  
1  13 1.241379548294106571759698454116  
1  19 1.3201079464040574862337962258607  
1  18 1.3201079464040574862337962258607  
1  24 1.241379548294106571759698454116  
1  8 0.78608414509444446416353002859978  
2  16 0.60145892463521599680120743869338  35 0.78608414509444446416353002859978  
1  29 0.60145892463521599680120743869338  
1  20 1.241379548294106571759698454116  
1  26 1.3201079464040574862337962258607  
1  25 1.3201079464040574862337962258607  
1  31 1.241379548294106571759698454116  
1  15 0.78608414509444446416353002859978  
2  23 0.60145892463521599680120743869338  42 0.78608414509444446416353002859978  
1  36 0.60145892463521599680120743869338  
1  27 1.241379548294106571759698454116  
1  33 1.3201079464040574862337962258607  
1  32 1.3201079464040574862337962258607  
1  38 1.241379548294106571759698454116  
1  22 0.78608414509444446416353002859978  
2  30 0.60145892463521599680120743869338  49 0.78608414509444446416353002859978  
1  43 0.60145892463521599680120743869338  
1  34 1.241379548294106571759698454116  
1  40 1.3201079464040574862337962258607  
1  39 1.3201079464040574862337962258607  
1  45 1.241379548294106571759698454116  
1  29 0.78608414509444446416353002859978  
1  37 0.60145892463521599680120743869338  
0  
1  41 1.241379548294106571759698454116  
1  47 1.3201079464040574862337962258607  
1  46 1.3201079464040574862337962258607  
0  
1  36 0.78608414509444446416353002859978  
