49 9 6

0.38309301804845241612440531753236 1.0698432444826417864192080742214 0.62765239308827869280094091664068 1.0654435493798501966011826880276 2.1898638361939912755360637675039 0.54809363555502976783628810153459 2.2906740666202263234652036771877 0.38309301804845241612440531753236 1.0698432444826417864192080742214 0.62765239308827869280094091664068 1.0654435493798501966011826880276 2.1898638361939912755360637675039 0.54809363555502976783628810153459 2.2906740666202263234652036771877 0.38309301804845241612440531753236 1.0698432444826417864192080742214 0.62765239308827869280094091664068 1.0654435493798501966011826880276 2.1898638361939912755360637675039 0.54809363555502976783628810153459 2.2906740666202263234652036771877 0.38309301804845241612440531753236 1.0698432444826417864192080742214 0.62765239308827869280094091664068 1.0654435493798501966011826880276 2.1898638361939912755360637675039 0.54809363555502976783628810153459 2.2906740666202263234652036771877 0.38309301804845241612440531753236 1.0698432444826417864192080742214 0.62765239308827869280094091664068 1.0654435493798501966011826880276 2.1898638361939912755360637675039 0.54809363555502976783628810153459 2.2906740666202263234652036771877 0.38309301804845241612440531753236 1.0698432444826417864192080742214 0.62765239308827869280094091664068 1.0654435493798501966011826880276 2.1898638361939912755360637675039 0.54809363555502976783628810153459 2.2906740666202263234652036771877 0.38309301804845241612440531753236 1.0698432444826417864192080742214 0.62765239308827869280094091664068 1.0654435493798501966011826880276 2.1898638361939912755360637675039 0.54809363555502976783628810153459 2.2906740666202263234652036771877 

-6.7192342895204744124271201144438 -7.5085201349141748039528465596959 1.5213489814993310655921732177376 -0.54831966324930248024571710629971 12.406436730695352466113945411053 -0.42898866890031250864723233462428 -15 -6.7192342895204744124271201144438 -7.5085201349141748039528465596959 1.5213489814993310655921732177376 -0.54831966324930248024571710629971 12.406436730695352466113945411053 -0.42898866890031250864723233462428 -15 -6.7192342895204744124271201144438 -7.5085201349141748039528465596959 1.5213489814993310655921732177376 -0.54831966324930248024571710629971 12.406436730695352466113945411053 -0.42898866890031250864723233462428 -15 -6.7192342895204744124271201144438 -7.5085201349141748039528465596959 1.5213489814993310655921732177376 -0.54831966324930248024571710629971 12.406436730695352466113945411053 -0.42898866890031250864723233462428 -15 -6.7192342895204744124271201144438 -7.5085201349141748039528465596959 1.5213489814993310655921732177376 -0.54831966324930248024571710629971 12.406436730695352466113945411053 -0.42898866890031250864723233462428 -15 -6.7192342895204744124271201144438 -7.5085201349141748039528465596959 1.5213489814993310655921732177376 -0.54831966324930248024571710629971 12.406436730695352466113945411053 -0.42898866890031250864723233462428 -15 -6.7192342895204744124271201144438 -7.5085201349141748039528465596959 1.5213489814993310655921732177376 -0.54831966324930248024571710629971 12.406436730695352466113945411053 -0.42898866890031250864723233462428 -15 

1 1 1 1 1 1 1 1 1 1 1 1 1 1 1 1 1 1 1 1 1 1 1 1 1 1 1 1 1 1 1 1 1 1 1 1 1 1 1 1 1 1 1 1 1 1 1 1 1 

6.7192342895204744124271201144438 7.5085201349141748039528465596959 -1.5213489814993310655921732177376 0.54831966324930248024571710629971 -12.406436730695352466113945411053 0.42898866890031250864723233462428 15 6.7192342895204744124271201144438 7.5085201349141748039528465596959 -1.5213489814993310655921732177376 0.54831966324930248024571710629971 -12.406436730695352466113945411053 0.42898866890031250864723233462428 15 6.7192342895204744124271201144438 7.5085201349141748039528465596959 -1.5213489814993310655921732177376 0.54831966324930248024571710629971 -12.406436730695352466113945411053 0.42898866890031250864723233462428 15 6.7192342895204744124271201144438 7.5085201349141748039528465596959 -1.5213489814993310655921732177376 0.54831966324930248024571710629971 -12.406436730695352466113945411053 0.42898866890031250864723233462428 15 6.7192342895204744124271201144438 7.5085201349141748039528465596959 -1.5213489814993310655921732177376 0.54831966324930248024571710629971 -12.406436730695352466113945411053 0.42898866890031250864723233462428 15 6.7192342895204744124271201144438 7.5085201349141748039528465596959 -1.5213489814993310655921732177376 0.54831966324930248024571710629971 -12.406436730695352466113945411053 0.42898866890031250864723233462428 15 6.7192342895204744124271201144438 7.5085201349141748039528465596959 -1.5213489814993310655921732177376 0.54831966324930248024571710629971 -12.406436730695352466113945411053 0.42898866890031250864723233462428 15 

2  1 2.828792529980715730886231540353  3 13.792205595320874422782253532205  
2  2 -1.8590910105295792575930136081297  1 14.545700524986019175344154064078  
2  3 5.255797370123895362326038593892  2 -13.736409473426192562328651547432  
5  4 -14.411905440900769193035557691474  2 -8.7355487608761617224217843613587  6 -11.624631491981919140243917354383  7 -13.958711732403839889116170525085  14 -1.8226155797555227966455504429177  
2  5 -11.362268771028970704151106474455  1 -11.307256012410851653271492978092  
2  6 -0.16059291948427767415807920770021  5 10.696549076737206007692293496802  
2  7 -0.12825962591484107999662001020624  5 12.731995109256029508060237276368  
2  8 2.828792529980715730886231540353  10 13.792205595320874422782253532205  
2  9 -1.8590910105295792575930136081297  8 14.545700524986019175344154064078  
2  10 5.255797370123895362326038593892  9 -13.736409473426192562328651547432  
6  3 12.38122816382619184594204853056  11 -14.411905440900769193035557691474  9 -8.7355487608761617224217843613587  13 -11.624631491981919140243917354383  14 -13.958711732403839889116170525085  21 -1.8226155797555227966455504429177  
2  12 -11.362268771028970704151106474455  8 -11.307256012410851653271492978092  
2  13 -0.16059291948427767415807920770021  12 10.696549076737206007692293496802  
2  14 -0.12825962591484107999662001020624  12 12.731995109256029508060237276368  
2  15 2.828792529980715730886231540353  17 13.792205595320874422782253532205  
2  16 -1.8590910105295792575930136081297  15 14.545700524986019175344154064078  
2  17 5.255797370123895362326038593892  16 -13.736409473426192562328651547432  
6  10 12.38122816382619184594204853056  18 -14.411905440900769193035557691474  16 -8.7355487608761617224217843613587  20 -11.624631491981919140243917354383  21 -13.958711732403839889116170525085  28 -1.8226155797555227966455504429177  
2  19 -11.362268771028970704151106474455  15 -11.307256012410851653271492978092  
2  20 -0.16059291948427767415807920770021  19 10.696549076737206007692293496802  
2  21 -0.12825962591484107999662001020624  19 12.731995109256029508060237276368  
2  22 2.828792529980715730886231540353  24 13.792205595320874422782253532205  
2  23 -1.8590910105295792575930136081297  22 14.545700524986019175344154064078  
2  24 5.255797370123895362326038593892  23 -13.736409473426192562328651547432  
6  17 12.38122816382619184594204853056  25 -14.411905440900769193035557691474  23 -8.7355487608761617224217843613587  27 -11.624631491981919140243917354383  28 -13.958711732403839889116170525085  35 -1.8226155797555227966455504429177  
2  26 -11.362268771028970704151106474455  22 -11.307256012410851653271492978092  
2  27 -0.16059291948427767415807920770021  26 10.696549076737206007692293496802  
2  28 -0.12825962591484107999662001020624  26 12.731995109256029508060237276368  
2  29 2.828792529980715730886231540353  31 13.792205595320874422782253532205  
2  30 -1.8590910105295792575930136081297  29 14.545700524986019175344154064078  
2  31 5.255797370123895362326038593892  30 -13.736409473426192562328651547432  
6  24 12.38122816382619184594204853056  32 -14.411905440900769193035557691474  30 -8.7355487608761617224217843613587  34 -11.624631491981919140243917354383  35 -13.958711732403839889116170525085  42 -1.8226155797555227966455504429177  
2  33 -11.362268771028970704151106474455  29 -11.307256012410851653271492978092  
2  34 -0.16059291948427767415807920770021  33 10.696549076737206007692293496802  
2  35 -0.12825962591484107999662001020624  33 12.731995109256029508060237276368  
2  36 2.828792529980715730886231540353  38 13.792205595320874422782253532205  
2  37 -1.8590910105295792575930136081297  36 14.545700524986019175344154064078  
2  38 5.255797370123895362326038593892  37 -13.736409473426192562328651547432  
6  31 12.38122816382619184594204853056  39 -14.411905440900769193035557691474  37 -8.7355487608761617224217843613587  41 -11.624631491981919140243917354383  42 -13.958711732403839889116170525085  49 -1.8226155797555227966455504429177  
2  40 -11.362268771028970704151106474455  36 -11.307256012410851653271492978092  
2  41 -0.16059291948427767415807920770021  40 10.696549076737206007692293496802  
2  42 -0.12825962591484107999662001020624  40 12.731995109256029508060237276368  
2  43 2.828792529980715730886231540353  45 13.792205595320874422782253532205  
2  44 -1.8590910105295792575930136081297  43 14.545700524986019175344154064078  
2  45 5.255797370123895362326038593892  44 -13.736409473426192562328651547432  
5  38 12.38122816382619184594204853056  46 -14.411905440900769193035557691474  44 -8.7355487608761617224217843613587  48 -11.624631491981919140243917354383  49 -13.958711732403839889116170525085  
2  47 -11.362268771028970704151106474455  43 -11.307256012410851653271492978092  
2  48 -0.16059291948427767415807920770021  47 10.696549076737206007692293496802  
2  49 -0.12825962591484107999662001020624  47 12.731995109256029508060237276368  

1  14 0.55518023505693459007659384951694  
1  8 1.6552597532971187188621797758969  
0  
1  5 1.8521472154306821700231466820696  
1  4 1.8521472154306821700231466820696  
1  10 0.72217014760261788453021836176049  
0  
2  2 1.6552597532971187188621797758969  21 0.55518023505693459007659384951694  
1  15 1.6552597532971187188621797758969  
1  6 0.72217014760261788453021836176049  
1  12 1.8521472154306821700231466820696  
1  11 1.8521472154306821700231466820696  
1  17 0.72217014760261788453021836176049  
1  1 0.55518023505693459007659384951694  
2  9 1.6552597532971187188621797758969  28 0.55518023505693459007659384951694  
1  22 1.6552597532971187188621797758969  
1  13 0.72217014760261788453021836176049  
1  19 1.8521472154306821700231466820696  
1  18 1.8521472154306821700231466820696  
1  24 0.72217014760261788453021836176049  
1  8 0.55518023505693459007659384951694  
2  16 1.6552597532971187188621797758969  35 0.55518023505693459007659384951694  
1  29 1.6552597532971187188621797758969  
1  20 0.72217014760261788453021836176049  
1  26 1.8521472154306821700231466820696  
1  25 1.8521472154306821700231466820696  
1  31 0.72217014760261788453021836176049  
1  15 0.55518023505693459007659384951694  
2  23 1.6552597532971187188621797758969  42 0.55518023505693459007659384951694  
1  36 1.6552597532971187188621797758969  
1  27 0.72217014760261788453021836176049  
1  33 1.8521472154306821700231466820696  
1  32 1.8521472154306821700231466820696  
1  38 0.72217014760261788453021836176049  
1  22 0.55518023505693459007659384951694  
2  30 1.6552597532971187188621797758969  49 0.55518023505693459007659384951694  
1  43 1.6552597532971187188621797758969  
1  34 0.72217014760261788453021836176049  
1  40 1.8521472154306821700231466820696  
1  39 1.8521472154306821700231466820696  
1  45 0.72217014760261788453021836176049  
1  29 0.55518023505693459007659384951694  
1  37 1.6552597532971187188621797758969  
0  
1  41 0.72217014760261788453021836176049  
1  47 1.8521472154306821700231466820696  
1  46 1.8521472154306821700231466820696  
0  
1  36 0.55518023505693459007659384951694  
