49 9 6

0.11798570006867192816457645676564 0.15059668717420171546450546884444 0.51816977361936888968330094940029 0.94243060175842707781868057281827 0.81652842334787312239541279268451 0.71018693398766796764931541474652 2.16066373767487007739873661194 0.11798570006867192816457645676564 0.15059668717420171546450546884444 0.51816977361936888968330094940029 0.94243060175842707781868057281827 0.81652842334787312239541279268451 0.71018693398766796764931541474652 2.16066373767487007739873661194 0.11798570006867192816457645676564 0.15059668717420171546450546884444 0.51816977361936888968330094940029 0.94243060175842707781868057281827 0.81652842334787312239541279268451 0.71018693398766796764931541474652 2.16066373767487007739873661194 0.11798570006867192816457645676564 0.15059668717420171546450546884444 0.51816977361936888968330094940029 0.94243060175842707781868057281827 0.81652842334787312239541279268451 0.71018693398766796764931541474652 2.16066373767487007739873661194 0.11798570006867192816457645676564 0.15059668717420171546450546884444 0.51816977361936888968330094940029 0.94243060175842707781868057281827 0.81652842334787312239541279268451 0.71018693398766796764931541474652 2.16066373767487007739873661194 0.11798570006867192816457645676564 0.15059668717420171546450546884444 0.51816977361936888968330094940029 0.94243060175842707781868057281827 0.81652842334787312239541279268451 0.71018693398766796764931541474652 2.16066373767487007739873661194 0.11798570006867192816457645676564 0.15059668717420171546450546884444 0.51816977361936888968330094940029 0.94243060175842707781868057281827 0.81652842334787312239541279268451 0.71018693398766796764931541474652 2.16066373767487007739873661194 

1.4020765435577218216423034391482 3.9688927289017468247322995011928 2.9102398632091257546505858044839 -15 -8.3978697016733399038912466494367 7.5552941366649779553199550719 -3.3430777293350275591876652470091 1.4020765435577218216423034391482 3.9688927289017468247322995011928 2.9102398632091257546505858044839 -15 -8.3978697016733399038912466494367 7.5552941366649779553199550719 -3.3430777293350275591876652470091 1.4020765435577218216423034391482 3.9688927289017468247322995011928 2.9102398632091257546505858044839 -15 -8.3978697016733399038912466494367 7.5552941366649779553199550719 -3.3430777293350275591876652470091 1.4020765435577218216423034391482 3.9688927289017468247322995011928 2.9102398632091257546505858044839 -15 -8.3978697016733399038912466494367 7.5552941366649779553199550719 -3.3430777293350275591876652470091 1.4020765435577218216423034391482 3.9688927289017468247322995011928 2.9102398632091257546505858044839 -15 -8.3978697016733399038912466494367 7.5552941366649779553199550719 -3.3430777293350275591876652470091 1.4020765435577218216423034391482 3.9688927289017468247322995011928 2.9102398632091257546505858044839 -15 -8.3978697016733399038912466494367 7.5552941366649779553199550719 -3.3430777293350275591876652470091 1.4020765435577218216423034391482 3.9688927289017468247322995011928 2.9102398632091257546505858044839 -15 -8.3978697016733399038912466494367 7.5552941366649779553199550719 -3.3430777293350275591876652470091 

1 1 1 1 1 1 1 1 1 1 1 1 1 1 1 1 1 1 1 1 1 1 1 1 1 1 1 1 1 1 1 1 1 1 1 1 1 1 1 1 1 1 1 1 1 1 1 1 1 

-1.4020765435577218216423034391482 -3.9688927289017468247322995011928 -2.9102398632091257546505858044839 15 8.3978697016733399038912466494367 -7.5552941366649779553199550719 3.3430777293350275591876652470091 -1.4020765435577218216423034391482 -3.9688927289017468247322995011928 -2.9102398632091257546505858044839 15 8.3978697016733399038912466494367 -7.5552941366649779553199550719 3.3430777293350275591876652470091 -1.4020765435577218216423034391482 -3.9688927289017468247322995011928 -2.9102398632091257546505858044839 15 8.3978697016733399038912466494367 -7.5552941366649779553199550719 3.3430777293350275591876652470091 -1.4020765435577218216423034391482 -3.9688927289017468247322995011928 -2.9102398632091257546505858044839 15 8.3978697016733399038912466494367 -7.5552941366649779553199550719 3.3430777293350275591876652470091 -1.4020765435577218216423034391482 -3.9688927289017468247322995011928 -2.9102398632091257546505858044839 15 8.3978697016733399038912466494367 -7.5552941366649779553199550719 3.3430777293350275591876652470091 -1.4020765435577218216423034391482 -3.9688927289017468247322995011928 -2.9102398632091257546505858044839 15 8.3978697016733399038912466494367 -7.5552941366649779553199550719 3.3430777293350275591876652470091 -1.4020765435577218216423034391482 -3.9688927289017468247322995011928 -2.9102398632091257546505858044839 15 8.3978697016733399038912466494367 -7.5552941366649779553199550719 3.3430777293350275591876652470091 

2  1 9.9722146019542439177030246355571  3 -14.633832582963504975737123459112  
2  2 11.941677668497955977500168955885  1 -14.849020554499965385275572771206  
2  3 10.237329305628030340358236571774  2 -14.551892563240038214189553400502  
5  4 -9.0929565266274270385338240885176  2 2.9126906587659675551549298688769  6 -3.0044646058083519513104420184391  7 -2.190949878001034356600484898081  14 -10.02889052380126777563873474719  
2  5 1.3380983289300969474311386875343  1 5.7192448375871487442623219976667  
2  6 -10.410632403123026179514454270247  5 -6.2143658418242528895802934130188  
2  7 10.22103374877171333423575561028  5 7.9790728078707475745545707468409  
2  8 9.9722146019542439177030246355571  10 -14.633832582963504975737123459112  
2  9 11.941677668497955977500168955885  8 -14.849020554499965385275572771206  
2  10 10.237329305628030340358236571774  9 -14.551892563240038214189553400502  
6  3 -6.1918567499907295470507051504683  11 -9.0929565266274270385338240885176  9 2.9126906587659675551549298688769  13 -3.0044646058083519513104420184391  14 -2.190949878001034356600484898081  21 -10.02889052380126777563873474719  
2  12 1.3380983289300969474311386875343  8 5.7192448375871487442623219976667  
2  13 -10.410632403123026179514454270247  12 -6.2143658418242528895802934130188  
2  14 10.22103374877171333423575561028  12 7.9790728078707475745545707468409  
2  15 9.9722146019542439177030246355571  17 -14.633832582963504975737123459112  
2  16 11.941677668497955977500168955885  15 -14.849020554499965385275572771206  
2  17 10.237329305628030340358236571774  16 -14.551892563240038214189553400502  
6  10 -6.1918567499907295470507051504683  18 -9.0929565266274270385338240885176  16 2.9126906587659675551549298688769  20 -3.0044646058083519513104420184391  21 -2.190949878001034356600484898081  28 -10.02889052380126777563873474719  
2  19 1.3380983289300969474311386875343  15 5.7192448375871487442623219976667  
2  20 -10.410632403123026179514454270247  19 -6.2143658418242528895802934130188  
2  21 10.22103374877171333423575561028  19 7.9790728078707475745545707468409  
2  22 9.9722146019542439177030246355571  24 -14.633832582963504975737123459112  
2  23 11.941677668497955977500168955885  22 -14.849020554499965385275572771206  
2  24 10.237329305628030340358236571774  23 -14.551892563240038214189553400502  
6  17 -6.1918567499907295470507051504683  25 -9.0929565266274270385338240885176  23 2.9126906587659675551549298688769  27 -3.0044646058083519513104420184391  28 -2.190949878001034356600484898081  35 -10.02889052380126777563873474719  
2  26 1.3380983289300969474311386875343  22 5.7192448375871487442623219976667  
2  27 -10.410632403123026179514454270247  26 -6.2143658418242528895802934130188  
2  28 10.22103374877171333423575561028  26 7.9790728078707475745545707468409  
2  29 9.9722146019542439177030246355571  31 -14.633832582963504975737123459112  
2  30 11.941677668497955977500168955885  29 -14.849020554499965385275572771206  
2  31 10.237329305628030340358236571774  30 -14.551892563240038214189553400502  
6  24 -6.1918567499907295470507051504683  32 -9.0929565266274270385338240885176  30 2.9126906587659675551549298688769  34 -3.0044646058083519513104420184391  35 -2.190949878001034356600484898081  42 -10.02889052380126777563873474719  
2  33 1.3380983289300969474311386875343  29 5.7192448375871487442623219976667  
2  34 -10.410632403123026179514454270247  33 -6.2143658418242528895802934130188  
2  35 10.22103374877171333423575561028  33 7.9790728078707475745545707468409  
2  36 9.9722146019542439177030246355571  38 -14.633832582963504975737123459112  
2  37 11.941677668497955977500168955885  36 -14.849020554499965385275572771206  
2  38 10.237329305628030340358236571774  37 -14.551892563240038214189553400502  
6  31 -6.1918567499907295470507051504683  39 -9.0929565266274270385338240885176  37 2.9126906587659675551549298688769  41 -3.0044646058083519513104420184391  42 -2.190949878001034356600484898081  49 -10.02889052380126777563873474719  
2  40 1.3380983289300969474311386875343  36 5.7192448375871487442623219976667  
2  41 -10.410632403123026179514454270247  40 -6.2143658418242528895802934130188  
2  42 10.22103374877171333423575561028  40 7.9790728078707475745545707468409  
2  43 9.9722146019542439177030246355571  45 -14.633832582963504975737123459112  
2  44 11.941677668497955977500168955885  43 -14.849020554499965385275572771206  
2  45 10.237329305628030340358236571774  44 -14.551892563240038214189553400502  
5  38 -6.1918567499907295470507051504683  46 -9.0929565266274270385338240885176  44 2.9126906587659675551549298688769  48 -3.0044646058083519513104420184391  49 -2.190949878001034356600484898081  
2  47 1.3380983289300969474311386875343  43 5.7192448375871487442623219976667  
2  48 -10.410632403123026179514454270247  47 -6.2143658418242528895802934130188  
2  49 10.22103374877171333423575561028  47 7.9790728078707475745545707468409  

1  14 0.16627445323496758966541619884083  
1  8 2  
0  
1  5 0.51821600277432922077025523321936  
1  4 0.51821600277432922077025523321936  
1  10 0.52095305503615874087586234963965  
0  
2  2 2  21 0.16627445323496758966541619884083  
1  15 2  
1  6 0.52095305503615874087586234963965  
1  12 0.51821600277432922077025523321936  
1  11 0.51821600277432922077025523321936  
1  17 0.52095305503615874087586234963965  
1  1 0.16627445323496758966541619884083  
2  9 2  28 0.16627445323496758966541619884083  
1  22 2  
1  13 0.52095305503615874087586234963965  
1  19 0.51821600277432922077025523321936  
1  18 0.51821600277432922077025523321936  
1  24 0.52095305503615874087586234963965  
1  8 0.16627445323496758966541619884083  
2  16 2  35 0.16627445323496758966541619884083  
1  29 2  
1  20 0.52095305503615874087586234963965  
1  26 0.51821600277432922077025523321936  
1  25 0.51821600277432922077025523321936  
1  31 0.52095305503615874087586234963965  
1  15 0.16627445323496758966541619884083  
2  23 2  42 0.16627445323496758966541619884083  
1  36 2  
1  27 0.52095305503615874087586234963965  
1  33 0.51821600277432922077025523321936  
1  32 0.51821600277432922077025523321936  
1  38 0.52095305503615874087586234963965  
1  22 0.16627445323496758966541619884083  
2  30 2  49 0.16627445323496758966541619884083  
1  43 2  
1  34 0.52095305503615874087586234963965  
1  40 0.51821600277432922077025523321936  
1  39 0.51821600277432922077025523321936  
1  45 0.52095305503615874087586234963965  
1  29 0.16627445323496758966541619884083  
1  37 2  
0  
1  41 0.52095305503615874087586234963965  
1  47 0.51821600277432922077025523321936  
1  46 0.51821600277432922077025523321936  
0  
1  36 0.16627445323496758966541619884083  
