49 9 6

1.0822796013375499679654012652463 0.31461365314370426382595269387821 0.43467852414705210328804696473526 0.10000000000000008881784197001252 0.4087332375572617637615735475265 0.19295798358616589318614842341049 1.8955049429726789078642923414009 1.0822796013375499679654012652463 0.31461365314370426382595269387821 0.43467852414705210328804696473526 0.10000000000000008881784197001252 0.4087332375572617637615735475265 0.19295798358616589318614842341049 1.8955049429726789078642923414009 1.0822796013375499679654012652463 0.31461365314370426382595269387821 0.43467852414705210328804696473526 0.10000000000000008881784197001252 0.4087332375572617637615735475265 0.19295798358616589318614842341049 1.8955049429726789078642923414009 1.0822796013375499679654012652463 0.31461365314370426382595269387821 0.43467852414705210328804696473526 0.10000000000000008881784197001252 0.4087332375572617637615735475265 0.19295798358616589318614842341049 1.8955049429726789078642923414009 1.0822796013375499679654012652463 0.31461365314370426382595269387821 0.43467852414705210328804696473526 0.10000000000000008881784197001252 0.4087332375572617637615735475265 0.19295798358616589318614842341049 1.8955049429726789078642923414009 1.0822796013375499679654012652463 0.31461365314370426382595269387821 0.43467852414705210328804696473526 0.10000000000000008881784197001252 0.4087332375572617637615735475265 0.19295798358616589318614842341049 1.8955049429726789078642923414009 1.0822796013375499679654012652463 0.31461365314370426382595269387821 0.43467852414705210328804696473526 0.10000000000000008881784197001252 0.4087332375572617637615735475265 0.19295798358616589318614842341049 1.8955049429726789078642923414009 

-3.9495280110173451859623128257226 6.5759647714385192074360020342283 -5.4343162417396211338882494601421 -6.9328683078331740929911575221922 -0.8642258809472259661887960646709 -1.9821438403725895049944938364206 -14.106534179398190431697912572417 -3.9495280110173451859623128257226 6.5759647714385192074360020342283 -5.4343162417396211338882494601421 -6.9328683078331740929911575221922 -0.8642258809472259661887960646709 -1.9821438403725895049944938364206 -14.106534179398190431697912572417 -3.9495280110173451859623128257226 6.5759647714385192074360020342283 -5.4343162417396211338882494601421 -6.9328683078331740929911575221922 -0.8642258809472259661887960646709 -1.9821438403725895049944938364206 -14.106534179398190431697912572417 -3.9495280110173451859623128257226 6.5759647714385192074360020342283 -5.4343162417396211338882494601421 -6.9328683078331740929911575221922 -0.8642258809472259661887960646709 -1.9821438403725895049944938364206 -14.106534179398190431697912572417 -3.9495280110173451859623128257226 6.5759647714385192074360020342283 -5.4343162417396211338882494601421 -6.9328683078331740929911575221922 -0.8642258809472259661887960646709 -1.9821438403725895049944938364206 -14.106534179398190431697912572417 -3.9495280110173451859623128257226 6.5759647714385192074360020342283 -5.4343162417396211338882494601421 -6.9328683078331740929911575221922 -0.8642258809472259661887960646709 -1.9821438403725895049944938364206 -14.106534179398190431697912572417 -3.9495280110173451859623128257226 6.5759647714385192074360020342283 -5.4343162417396211338882494601421 -6.9328683078331740929911575221922 -0.8642258809472259661887960646709 -1.9821438403725895049944938364206 -14.106534179398190431697912572417 

1 1 1 1 1 1 1 1 1 1 1 1 1 1 1 1 1 1 1 1 1 1 1 1 1 1 1 1 1 1 1 1 1 1 1 1 1 1 1 1 1 1 1 1 1 1 1 1 1 

3.9495280110173451859623128257226 -6.5759647714385192074360020342283 5.4343162417396211338882494601421 6.9328683078331740929911575221922 0.8642258809472259661887960646709 1.9821438403725895049944938364206 14.106534179398190431697912572417 3.9495280110173451859623128257226 -6.5759647714385192074360020342283 5.4343162417396211338882494601421 6.9328683078331740929911575221922 0.8642258809472259661887960646709 1.9821438403725895049944938364206 14.106534179398190431697912572417 3.9495280110173451859623128257226 -6.5759647714385192074360020342283 5.4343162417396211338882494601421 6.9328683078331740929911575221922 0.8642258809472259661887960646709 1.9821438403725895049944938364206 14.106534179398190431697912572417 3.9495280110173451859623128257226 -6.5759647714385192074360020342283 5.4343162417396211338882494601421 6.9328683078331740929911575221922 0.8642258809472259661887960646709 1.9821438403725895049944938364206 14.106534179398190431697912572417 3.9495280110173451859623128257226 -6.5759647714385192074360020342283 5.4343162417396211338882494601421 6.9328683078331740929911575221922 0.8642258809472259661887960646709 1.9821438403725895049944938364206 14.106534179398190431697912572417 3.9495280110173451859623128257226 -6.5759647714385192074360020342283 5.4343162417396211338882494601421 6.9328683078331740929911575221922 0.8642258809472259661887960646709 1.9821438403725895049944938364206 14.106534179398190431697912572417 3.9495280110173451859623128257226 -6.5759647714385192074360020342283 5.4343162417396211338882494601421 6.9328683078331740929911575221922 0.8642258809472259661887960646709 1.9821438403725895049944938364206 14.106534179398190431697912572417 

2  1 -0.15726581045723458940344130496669  3 12.135144085601073271618588478304  
2  2 -1.9652410857021980206127409473993  1 -14.719330963758620711701041727792  
2  3 6.2433784817169213354759449430276  2 12.741700561722092643890391627792  
5  4 -1.3846773100147313773078394660843  2 14.367914040158771271649129630532  6 -0.82980263785561358957920674583875  7 -0.59985094957580720187451106539811  14 -4.8432370254047620861115319712553  
2  5 -6.0031127805607482628147408831865  1 -6.4332088607558368664740555686876  
2  6 4.8655470423016815573191706789657  5 -14.264908658967724974786506209057  
2  7 -4.5407571307390544035342827555723  5 -3.6425654290567495152686205983628  
2  8 -0.15726581045723458940344130496669  10 12.135144085601073271618588478304  
2  9 -1.9652410857021980206127409473993  8 -14.719330963758620711701041727792  
2  10 6.2433784817169213354759449430276  9 12.741700561722092643890391627792  
6  3 11.350315889119510615046237944625  11 -1.3846773100147313773078394660843  9 14.367914040158771271649129630532  13 -0.82980263785561358957920674583875  14 -0.59985094957580720187451106539811  21 -4.8432370254047620861115319712553  
2  12 -6.0031127805607482628147408831865  8 -6.4332088607558368664740555686876  
2  13 4.8655470423016815573191706789657  12 -14.264908658967724974786506209057  
2  14 -4.5407571307390544035342827555723  12 -3.6425654290567495152686205983628  
2  15 -0.15726581045723458940344130496669  17 12.135144085601073271618588478304  
2  16 -1.9652410857021980206127409473993  15 -14.719330963758620711701041727792  
2  17 6.2433784817169213354759449430276  16 12.741700561722092643890391627792  
6  10 11.350315889119510615046237944625  18 -1.3846773100147313773078394660843  16 14.367914040158771271649129630532  20 -0.82980263785561358957920674583875  21 -0.59985094957580720187451106539811  28 -4.8432370254047620861115319712553  
2  19 -6.0031127805607482628147408831865  15 -6.4332088607558368664740555686876  
2  20 4.8655470423016815573191706789657  19 -14.264908658967724974786506209057  
2  21 -4.5407571307390544035342827555723  19 -3.6425654290567495152686205983628  
2  22 -0.15726581045723458940344130496669  24 12.135144085601073271618588478304  
2  23 -1.9652410857021980206127409473993  22 -14.719330963758620711701041727792  
2  24 6.2433784817169213354759449430276  23 12.741700561722092643890391627792  
6  17 11.350315889119510615046237944625  25 -1.3846773100147313773078394660843  23 14.367914040158771271649129630532  27 -0.82980263785561358957920674583875  28 -0.59985094957580720187451106539811  35 -4.8432370254047620861115319712553  
2  26 -6.0031127805607482628147408831865  22 -6.4332088607558368664740555686876  
2  27 4.8655470423016815573191706789657  26 -14.264908658967724974786506209057  
2  28 -4.5407571307390544035342827555723  26 -3.6425654290567495152686205983628  
2  29 -0.15726581045723458940344130496669  31 12.135144085601073271618588478304  
2  30 -1.9652410857021980206127409473993  29 -14.719330963758620711701041727792  
2  31 6.2433784817169213354759449430276  30 12.741700561722092643890391627792  
6  24 11.350315889119510615046237944625  32 -1.3846773100147313773078394660843  30 14.367914040158771271649129630532  34 -0.82980263785561358957920674583875  35 -0.59985094957580720187451106539811  42 -4.8432370254047620861115319712553  
2  33 -6.0031127805607482628147408831865  29 -6.4332088607558368664740555686876  
2  34 4.8655470423016815573191706789657  33 -14.264908658967724974786506209057  
2  35 -4.5407571307390544035342827555723  33 -3.6425654290567495152686205983628  
2  36 -0.15726581045723458940344130496669  38 12.135144085601073271618588478304  
2  37 -1.9652410857021980206127409473993  36 -14.719330963758620711701041727792  
2  38 6.2433784817169213354759449430276  37 12.741700561722092643890391627792  
6  31 11.350315889119510615046237944625  39 -1.3846773100147313773078394660843  37 14.367914040158771271649129630532  41 -0.82980263785561358957920674583875  42 -0.59985094957580720187451106539811  49 -4.8432370254047620861115319712553  
2  40 -6.0031127805607482628147408831865  36 -6.4332088607558368664740555686876  
2  41 4.8655470423016815573191706789657  40 -14.264908658967724974786506209057  
2  42 -4.5407571307390544035342827555723  40 -3.6425654290567495152686205983628  
2  43 -0.15726581045723458940344130496669  45 12.135144085601073271618588478304  
2  44 -1.9652410857021980206127409473993  43 -14.719330963758620711701041727792  
2  45 6.2433784817169213354759449430276  44 12.741700561722092643890391627792  
5  38 11.350315889119510615046237944625  46 -1.3846773100147313773078394660843  44 14.367914040158771271649129630532  48 -0.82980263785561358957920674583875  49 -0.59985094957580720187451106539811  
2  47 -6.0031127805607482628147408831865  43 -6.4332088607558368664740555686876  
2  48 4.8655470423016815573191706789657  47 -14.264908658967724974786506209057  
2  49 -4.5407571307390544035342827555723  47 -3.6425654290567495152686205983628  

1  14 0.0016463300618878573544634491554461  
1  8 0  
0  
1  5 1.1765236722637737454277839788119  
1  4 1.1765236722637737454277839788119  
1  10 1.3814753304946993939239519022522  
0  
2  2 0  21 0.0016463300618878573544634491554461  
1  15 0  
1  6 1.3814753304946993939239519022522  
1  12 1.1765236722637737454277839788119  
1  11 1.1765236722637737454277839788119  
1  17 1.3814753304946993939239519022522  
1  1 0.0016463300618878573544634491554461  
2  9 0  28 0.0016463300618878573544634491554461  
1  22 0  
1  13 1.3814753304946993939239519022522  
1  19 1.1765236722637737454277839788119  
1  18 1.1765236722637737454277839788119  
1  24 1.3814753304946993939239519022522  
1  8 0.0016463300618878573544634491554461  
2  16 0  35 0.0016463300618878573544634491554461  
1  29 0  
1  20 1.3814753304946993939239519022522  
1  26 1.1765236722637737454277839788119  
1  25 1.1765236722637737454277839788119  
1  31 1.3814753304946993939239519022522  
1  15 0.0016463300618878573544634491554461  
2  23 0  42 0.0016463300618878573544634491554461  
1  36 0  
1  27 1.3814753304946993939239519022522  
1  33 1.1765236722637737454277839788119  
1  32 1.1765236722637737454277839788119  
1  38 1.3814753304946993939239519022522  
1  22 0.0016463300618878573544634491554461  
2  30 0  49 0.0016463300618878573544634491554461  
1  43 0  
1  34 1.3814753304946993939239519022522  
1  40 1.1765236722637737454277839788119  
1  39 1.1765236722637737454277839788119  
1  45 1.3814753304946993939239519022522  
1  29 0.0016463300618878573544634491554461  
1  37 0  
0  
1  41 1.3814753304946993939239519022522  
1  47 1.1765236722637737454277839788119  
1  46 1.1765236722637737454277839788119  
0  
1  36 0.0016463300618878573544634491554461  
