49 9 6

0.34778427938818867737325035704998 0.60135393769216438641933564213105 0.61604765117270687824202468618751 1.7270431331445168510185794730205 0.25510468425714161178063932311488 0.82250231774080984070707245336962 1.8324353508774706700279466531356 0.34778427938818867737325035704998 0.60135393769216438641933564213105 0.61604765117270687824202468618751 1.7270431331445168510185794730205 0.25510468425714161178063932311488 0.82250231774080984070707245336962 1.8324353508774706700279466531356 0.34778427938818867737325035704998 0.60135393769216438641933564213105 0.61604765117270687824202468618751 1.7270431331445168510185794730205 0.25510468425714161178063932311488 0.82250231774080984070707245336962 1.8324353508774706700279466531356 0.34778427938818867737325035704998 0.60135393769216438641933564213105 0.61604765117270687824202468618751 1.7270431331445168510185794730205 0.25510468425714161178063932311488 0.82250231774080984070707245336962 1.8324353508774706700279466531356 0.34778427938818867737325035704998 0.60135393769216438641933564213105 0.61604765117270687824202468618751 1.7270431331445168510185794730205 0.25510468425714161178063932311488 0.82250231774080984070707245336962 1.8324353508774706700279466531356 0.34778427938818867737325035704998 0.60135393769216438641933564213105 0.61604765117270687824202468618751 1.7270431331445168510185794730205 0.25510468425714161178063932311488 0.82250231774080984070707245336962 1.8324353508774706700279466531356 0.34778427938818867737325035704998 0.60135393769216438641933564213105 0.61604765117270687824202468618751 1.7270431331445168510185794730205 0.25510468425714161178063932311488 0.82250231774080984070707245336962 1.8324353508774706700279466531356 

0.24439938930476837186667182777455 -4.3656107511170558765911664522719 -4.9625214604559344522272112953942 -0.55194071138815203880767512600869 -3.277861629835102874608310230542 0.41604436519098225710777683161723 -10.602745178171881335060788842384 0.24439938930476837186667182777455 -4.3656107511170558765911664522719 -4.9625214604559344522272112953942 -0.55194071138815203880767512600869 -3.277861629835102874608310230542 0.41604436519098225710777683161723 -10.602745178171881335060788842384 0.24439938930476837186667182777455 -4.3656107511170558765911664522719 -4.9625214604559344522272112953942 -0.55194071138815203880767512600869 -3.277861629835102874608310230542 0.41604436519098225710777683161723 -10.602745178171881335060788842384 0.24439938930476837186667182777455 -4.3656107511170558765911664522719 -4.9625214604559344522272112953942 -0.55194071138815203880767512600869 -3.277861629835102874608310230542 0.41604436519098225710777683161723 -10.602745178171881335060788842384 0.24439938930476837186667182777455 -4.3656107511170558765911664522719 -4.9625214604559344522272112953942 -0.55194071138815203880767512600869 -3.277861629835102874608310230542 0.41604436519098225710777683161723 -10.602745178171881335060788842384 0.24439938930476837186667182777455 -4.3656107511170558765911664522719 -4.9625214604559344522272112953942 -0.55194071138815203880767512600869 -3.277861629835102874608310230542 0.41604436519098225710777683161723 -10.602745178171881335060788842384 0.24439938930476837186667182777455 -4.3656107511170558765911664522719 -4.9625214604559344522272112953942 -0.55194071138815203880767512600869 -3.277861629835102874608310230542 0.41604436519098225710777683161723 -10.602745178171881335060788842384 

1 1 1 1 1 1 1 1 1 1 1 1 1 1 1 1 1 1 1 1 1 1 1 1 1 1 1 1 1 1 1 1 1 1 1 1 1 1 1 1 1 1 1 1 1 1 1 1 1 

-0.24439938930476837186667182777455 4.3656107511170558765911664522719 4.9625214604559344522272112953942 0.55194071138815203880767512600869 3.277861629835102874608310230542 -0.41604436519098225710777683161723 10.602745178171881335060788842384 -0.24439938930476837186667182777455 4.3656107511170558765911664522719 4.9625214604559344522272112953942 0.55194071138815203880767512600869 3.277861629835102874608310230542 -0.41604436519098225710777683161723 10.602745178171881335060788842384 -0.24439938930476837186667182777455 4.3656107511170558765911664522719 4.9625214604559344522272112953942 0.55194071138815203880767512600869 3.277861629835102874608310230542 -0.41604436519098225710777683161723 10.602745178171881335060788842384 -0.24439938930476837186667182777455 4.3656107511170558765911664522719 4.9625214604559344522272112953942 0.55194071138815203880767512600869 3.277861629835102874608310230542 -0.41604436519098225710777683161723 10.602745178171881335060788842384 -0.24439938930476837186667182777455 4.3656107511170558765911664522719 4.9625214604559344522272112953942 0.55194071138815203880767512600869 3.277861629835102874608310230542 -0.41604436519098225710777683161723 10.602745178171881335060788842384 -0.24439938930476837186667182777455 4.3656107511170558765911664522719 4.9625214604559344522272112953942 0.55194071138815203880767512600869 3.277861629835102874608310230542 -0.41604436519098225710777683161723 10.602745178171881335060788842384 -0.24439938930476837186667182777455 4.3656107511170558765911664522719 4.9625214604559344522272112953942 0.55194071138815203880767512600869 3.277861629835102874608310230542 -0.41604436519098225710777683161723 10.602745178171881335060788842384 

2  1 2.7609862337110322449973409675295  3 -12.864621446044578689793524972629  
2  2 8.0438391023955215786145345191471  1 13.333682629062350244453227787744  
2  3 1.4416440374835333138037185563007  2 14.0492477164983675663734175032  
5  4 5.9670853631089837421086485846899  2 7.5682964532667487134176553809084  6 -5.1971204176433083432584680849686  7 -2.53247938656148274816359844408  14 -5.6907144204234700879396768868901  
2  5 -7.3664756372306161580354455509223  1 -8.7679962048670461172150680795312  
2  6 -6.6227012412049273137881755246781  5 3.024200483046068921311189114931  
2  7 -11.654929347361120406390000425745  5 2.5434108718154369022101946029579  
2  8 2.7609862337110322449973409675295  10 -12.864621446044578689793524972629  
2  9 8.0438391023955215786145345191471  8 13.333682629062350244453227787744  
2  10 1.4416440374835333138037185563007  9 14.0492477164983675663734175032  
6  3 4.4415390058698518416235856420826  11 5.9670853631089837421086485846899  9 7.5682964532667487134176553809084  13 -5.1971204176433083432584680849686  14 -2.53247938656148274816359844408  21 -5.6907144204234700879396768868901  
2  12 -7.3664756372306161580354455509223  8 -8.7679962048670461172150680795312  
2  13 -6.6227012412049273137881755246781  12 3.024200483046068921311189114931  
2  14 -11.654929347361120406390000425745  12 2.5434108718154369022101946029579  
2  15 2.7609862337110322449973409675295  17 -12.864621446044578689793524972629  
2  16 8.0438391023955215786145345191471  15 13.333682629062350244453227787744  
2  17 1.4416440374835333138037185563007  16 14.0492477164983675663734175032  
6  10 4.4415390058698518416235856420826  18 5.9670853631089837421086485846899  16 7.5682964532667487134176553809084  20 -5.1971204176433083432584680849686  21 -2.53247938656148274816359844408  28 -5.6907144204234700879396768868901  
2  19 -7.3664756372306161580354455509223  15 -8.7679962048670461172150680795312  
2  20 -6.6227012412049273137881755246781  19 3.024200483046068921311189114931  
2  21 -11.654929347361120406390000425745  19 2.5434108718154369022101946029579  
2  22 2.7609862337110322449973409675295  24 -12.864621446044578689793524972629  
2  23 8.0438391023955215786145345191471  22 13.333682629062350244453227787744  
2  24 1.4416440374835333138037185563007  23 14.0492477164983675663734175032  
6  17 4.4415390058698518416235856420826  25 5.9670853631089837421086485846899  23 7.5682964532667487134176553809084  27 -5.1971204176433083432584680849686  28 -2.53247938656148274816359844408  35 -5.6907144204234700879396768868901  
2  26 -7.3664756372306161580354455509223  22 -8.7679962048670461172150680795312  
2  27 -6.6227012412049273137881755246781  26 3.024200483046068921311189114931  
2  28 -11.654929347361120406390000425745  26 2.5434108718154369022101946029579  
2  29 2.7609862337110322449973409675295  31 -12.864621446044578689793524972629  
2  30 8.0438391023955215786145345191471  29 13.333682629062350244453227787744  
2  31 1.4416440374835333138037185563007  30 14.0492477164983675663734175032  
6  24 4.4415390058698518416235856420826  32 5.9670853631089837421086485846899  30 7.5682964532667487134176553809084  34 -5.1971204176433083432584680849686  35 -2.53247938656148274816359844408  42 -5.6907144204234700879396768868901  
2  33 -7.3664756372306161580354455509223  29 -8.7679962048670461172150680795312  
2  34 -6.6227012412049273137881755246781  33 3.024200483046068921311189114931  
2  35 -11.654929347361120406390000425745  33 2.5434108718154369022101946029579  
2  36 2.7609862337110322449973409675295  38 -12.864621446044578689793524972629  
2  37 8.0438391023955215786145345191471  36 13.333682629062350244453227787744  
2  38 1.4416440374835333138037185563007  37 14.0492477164983675663734175032  
6  31 4.4415390058698518416235856420826  39 5.9670853631089837421086485846899  37 7.5682964532667487134176553809084  41 -5.1971204176433083432584680849686  42 -2.53247938656148274816359844408  49 -5.6907144204234700879396768868901  
2  40 -7.3664756372306161580354455509223  36 -8.7679962048670461172150680795312  
2  41 -6.6227012412049273137881755246781  40 3.024200483046068921311189114931  
2  42 -11.654929347361120406390000425745  40 2.5434108718154369022101946029579  
2  43 2.7609862337110322449973409675295  45 -12.864621446044578689793524972629  
2  44 8.0438391023955215786145345191471  43 13.333682629062350244453227787744  
2  45 1.4416440374835333138037185563007  44 14.0492477164983675663734175032  
5  38 4.4415390058698518416235856420826  46 5.9670853631089837421086485846899  44 7.5682964532667487134176553809084  48 -5.1971204176433083432584680849686  49 -2.53247938656148274816359844408  
2  47 -7.3664756372306161580354455509223  43 -8.7679962048670461172150680795312  
2  48 -6.6227012412049273137881755246781  47 3.024200483046068921311189114931  
2  49 -11.654929347361120406390000425745  47 2.5434108718154369022101946029579  

1  14 1.1504235986961377502524328519939  
1  8 1.033095107042440563560603550286  
0  
1  5 1.1825472616906904654854315595003  
1  4 1.1825472616906904654854315595003  
1  10 0.69129065559923741357550852626446  
0  
2  2 1.033095107042440563560603550286  21 1.1504235986961377502524328519939  
1  15 1.033095107042440563560603550286  
1  6 0.69129065559923741357550852626446  
1  12 1.1825472616906904654854315595003  
1  11 1.1825472616906904654854315595003  
1  17 0.69129065559923741357550852626446  
1  1 1.1504235986961377502524328519939  
2  9 1.033095107042440563560603550286  28 1.1504235986961377502524328519939  
1  22 1.033095107042440563560603550286  
1  13 0.69129065559923741357550852626446  
1  19 1.1825472616906904654854315595003  
1  18 1.1825472616906904654854315595003  
1  24 0.69129065559923741357550852626446  
1  8 1.1504235986961377502524328519939  
2  16 1.033095107042440563560603550286  35 1.1504235986961377502524328519939  
1  29 1.033095107042440563560603550286  
1  20 0.69129065559923741357550852626446  
1  26 1.1825472616906904654854315595003  
1  25 1.1825472616906904654854315595003  
1  31 0.69129065559923741357550852626446  
1  15 1.1504235986961377502524328519939  
2  23 1.033095107042440563560603550286  42 1.1504235986961377502524328519939  
1  36 1.033095107042440563560603550286  
1  27 0.69129065559923741357550852626446  
1  33 1.1825472616906904654854315595003  
1  32 1.1825472616906904654854315595003  
1  38 0.69129065559923741357550852626446  
1  22 1.1504235986961377502524328519939  
2  30 1.033095107042440563560603550286  49 1.1504235986961377502524328519939  
1  43 1.033095107042440563560603550286  
1  34 0.69129065559923741357550852626446  
1  40 1.1825472616906904654854315595003  
1  39 1.1825472616906904654854315595003  
1  45 0.69129065559923741357550852626446  
1  29 1.1504235986961377502524328519939  
1  37 1.033095107042440563560603550286  
0  
1  41 0.69129065559923741357550852626446  
1  47 1.1825472616906904654854315595003  
1  46 1.1825472616906904654854315595003  
0  
1  36 1.1504235986961377502524328519939  
